Isotope      A            Z            YIELD [M<sub><font face='Wingdings'>&#164;</font></sub>]Isotope      A            Z            YIELD [M<sub><font face='Wingdings'>&#164;</font></sub>]Isotope      A            Z            YIELD [M<sub><font face='Wingdings'>&#164;</font></sub>]
H            1            1            4.33800E-01  
He4          4            2            1.71920E-01  
C12          12           6            3.03640E-03  
C13          13           6            7.08060E-07  
C14          14           6            2.56550E-09  
N14          14           7            2.77810E-05  
N15          15           7            1.82530E-08  
O16          16           8            1.98230E-04  
O17          17           8            3.27130E-07  
O18          18           8            9.45820E-08  
F18          18           9            0.00000E+00  
F19          19           9            2.21020E-07  
Ne20         20           10           1.56270E-05  
Ne21         21           10           8.39300E-08  
Ne22         22           10           1.23230E-04  
Na22         22           11           0.00000E+00  
Na23         23           11           1.06850E-06  
Na24         24           11           0.00000E+00  
Mg24         24           12           8.99110E-06  
Mg25         25           12           7.43850E-07  
Mg26         26           12           9.30270E-07  
Al26         26           13           7.42320E-09  
Al27         27           13           3.84500E-07  
Si28         28           14           9.99720E-06  
Si29         29           14           1.75580E-07  
Si30         30           14           1.32610E-07  
Si31         31           14           0.00000E+00  
Si32         32           14           0.00000E+00  
P31          31           15           5.49370E-08  
P32          32           15           0.00000E+00  
P33          33           15           0.00000E+00  
S32          32           16           5.20670E-06  
S33          33           16           1.52710E-08  
S34          34           16           8.79520E-08  
S35          35           16           0.00000E+00  
S36          36           16           1.00840E-09  
Cl35         35           17           1.68930E-08  
Cl36         36           17           3.69920E-12  
Cl37         37           17           7.04910E-09  
Ar36         36           18           1.18800E-06  
Ar37         37           18           0.00000E+00  
Ar38         38           18           7.54260E-08  
Ar39         39           18           0.00000E+00  
Ar40         40           18           1.45890E-09  
Ar41         41           18           0.00000E+00  
Ar42         42           18           0.00000E+00  
K39          39           19           1.63160E-08  
K40          40           19           8.57780E-11  
K41          41           19           1.66780E-09  
K42          42           19           0.00000E+00  
K43          43           19           0.00000E+00  
Ca40         40           20           8.91840E-07  
Ca41         41           20           1.30960E-11  
Ca42         42           20           2.39850E-09  
Ca43         43           20           5.14510E-10  
Ca44         44           20           7.09510E-09  
Ca45         45           20           0.00000E+00  
Ca46         46           20           2.13140E-10  
Ca47         47           20           0.00000E+00  
Ca48         48           20           6.61160E-10  
Sc45         45           21           2.57580E-10  
Sc46         46           21           0.00000E+00  
Sc47         47           21           0.00000E+00  
Sc48         48           21           0.00000E+00  
Sc49         49           21           0.00000E+00  
Ti46         46           22           1.21180E-09  
Ti47         47           22           1.06500E-09  
Ti48         48           22           1.02940E-08  
Ti49         49           22           9.70850E-10  
Ti50         50           22           1.46200E-09  
V50          50           23           4.30850E-12  
V51          51           23           1.80290E-09  
Cr50         50           24           3.42660E-09  
Cr51         51           24           0.00000E+00  
Cr52         52           24           6.94600E-08  
Cr53         53           24           8.02690E-09  
Cr54         54           24           2.37510E-09  
Mn55         55           25           6.11540E-08  
Mn56         56           25           0.00000E+00  
Fe54         54           26           3.29590E-07  
Fe55         55           26           0.00000E+00  
Fe56         56           26           5.39670E-06  
Fe57         57           26           1.35770E-07  
Fe58         58           26           2.82300E-08  
Fe59         59           26           0.00000E+00  
Fe60         60           26           3.73670E-09  
Co59         59           27           1.87360E-08  
Co60         60           27           0.00000E+00  
Ni58         58           28           2.26560E-07  
Ni59         59           28           3.02710E-11  
Ni60         60           28           9.36850E-08  
Ni61         61           28           5.27160E-09  
Ni62         62           28           1.58560E-08  
Ni63         63           28           0.00000E+00  
Ni64         64           28           1.00780E-08  
Ni65         65           28           0.00000E+00  
Ni66         66           28           0.00000E+00  
Cu63         63           29           4.61700E-09  
Cu64         64           29           0.00000E+00  
Cu65         65           29           3.44860E-09  
Cu66         66           29           0.00000E+00  
Cu67         67           29           0.00000E+00  
Zn64         64           30           5.04320E-09  
Zn65         65           30           0.00000E+00  
Zn66         66           30           4.56480E-09  
Zn67         67           30           8.13240E-10  
Zn68         68           30           4.38380E-09  
Zn69         69           30           0.00000E+00  
Zn70         70           30           7.15390E-11  
Ga69         69           31           5.42700E-10  
Ga70         70           31           0.00000E+00  
Ga71         71           31           4.53040E-10  
Ga72         72           31           0.00000E+00  
Ga73         73           31           0.00000E+00  
Ge70         70           32           7.96880E-10  
Ge71         71           32           0.00000E+00  
Ge72         72           32           9.40490E-10  
Ge73         73           32           2.72750E-10  
Ge74         74           32           1.54740E-09  
Ge75         75           32           0.00000E+00  
Ge76         76           32           8.98260E-11  
Ge77         77           32           0.00000E+00  
As75         75           33           1.71910E-10  
As76         76           33           0.00000E+00  
As77         77           33           0.00000E+00  
Se76         76           34           3.22470E-10  
Se77         77           34           1.52160E-10  
Se78         78           34           8.33150E-10  
Se79         79           34           3.61910E-11  
Se80         80           34           1.09450E-09  
Se81         81           34           0.00000E+00  
Se82         82           34           6.09870E-11  
Br79         79           35           1.64800E-10  
Br80         80           35           0.00000E+00  
Br81         81           35           1.91720E-10  
Br82         82           35           0.00000E+00  
Br83         83           35           0.00000E+00  
Br84         84           35           0.00000E+00  
Kr80         80           36           2.07740E-11  
Kr81         81           36           6.95550E-13  
Kr82         82           36           4.36880E-10  
Kr83         83           36           2.02610E-10  
Kr84         84           36           1.20070E-09  
Kr85         85           36           0.00000E+00  
Kr86         86           36           9.93450E-10  
Kr87         87           36           0.00000E+00  
Kr88         88           36           0.00000E+00  
Rb85         85           37           2.83410E-10  
Rb86         86           37           0.00000E+00  
Rb87         87           37           3.92920E-10  
Rb88         88           37           0.00000E+00  
Sr86         86           38           2.60780E-10  
Sr87         87           38           1.62400E-10  
Sr88         88           38           1.76550E-09  
Sr89         89           38           0.00000E+00  
Sr90         90           38           0.00000E+00  
Sr91         91           38           0.00000E+00  
Sr92         92           38           0.00000E+00  
Y89          89           39           3.74700E-10  
Y90          90           39           0.00000E+00  
Y91          91           39           0.00000E+00  
Y92          92           39           0.00000E+00  
Y93          93           39           0.00000E+00  
Zr90         90           40           3.21530E-10  
Zr91         91           40           8.42550E-11  
Zr92         92           40           1.23450E-10  
Zr93         93           40           2.82930E-11  
Zr94         94           40           1.46810E-10  
Zr95         95           40           0.00000E+00  
Zr96         96           40           4.60520E-11  
Zr97         97           40           0.00000E+00  
Nb93         93           41           1.74750E-11  
Nb94         94           41           0.00000E+00  
Nb95         95           41           0.00000E+00  
Nb96         96           41           0.00000E+00  
Nb97         97           41           0.00000E+00  
Mo92         92           42           4.59690E-12  
Mo93         93           42           0.00000E+00  
Mo94         94           42           3.22670E-12  
Mo95         95           42           2.01350E-11  
Mo96         96           42           3.23330E-11  
Mo97         97           42           1.31220E-11  
Mo98         98           42           4.29040E-11  
Mo99         99           42           0.00000E+00  
Mo00         100          42           5.33300E-12  
Tc97         97           43           0.00000E+00  
Tc98         98           43           0.00000E+00  
Tc99         99           43           9.31290E-13  
Ru96         96           44           1.15380E-12  
Ru97         97           44           0.00000E+00  
Ru98         98           44           3.98240E-13  
Ru99         99           44           6.61190E-12  
Ru00         100          44           1.92380E-11  
Ru01         101          44           7.50090E-12  
Ru02         102          44           3.03860E-11  
Ru03         103          44           0.00000E+00  
Ru04         104          44           6.23700E-12  
Ru05         105          44           0.00000E+00  
Ru06         106          44           0.00000E+00  
Rh03         103          45           8.73810E-12  
Rh05         105          45           0.00000E+00  
Pd04         104          46           1.39140E-11  
Pd05         105          46           7.40470E-12  
Pd06         106          46           1.98510E-11  
Pd07         107          46           2.74130E-12  
Pd08         108          46           2.37110E-11  
Pd09         109          46           0.00000E+00  
Pd10         110          46           4.11130E-12  
Ag07         107          47           3.42480E-12  
Ag09         109          47           8.51600E-12  
Ag11         111          47           0.00000E+00  
Cd08         108          48           1.90380E-13  
Cd09         109          48           0.00000E+00  
Cd10         110          48           1.78310E-11  
Cd11         111          48           8.13810E-12  
Cd12         112          48           2.57970E-11  
Cd13         113          48           8.69780E-12  
Cd14         114          48           3.65410E-11  
Cd15         115          48           0.00000E+00  
Cd16         116          48           5.59800E-12  
In13         113          49           1.05130E-13  
In15         115          49           8.55370E-12  
Sn14         114          50           3.34380E-13  
Sn15         115          50           1.73540E-13  
Sn16         116          50           4.76550E-11  
Sn17         117          50           1.65880E-11  
Sn18         118          50           7.29460E-11  
Sn19         119          50           2.27730E-11  
Sn20         120          50           1.13430E-10  
Sn21         121          50           0.00000E+00  
Sn22         122          50           1.03550E-11  
Sn23         123          50           0.00000E+00  
Sn24         124          50           4.14180E-12  
Sb21         121          51           1.01160E-11  
Sb22         122          51           0.00000E+00  
Sb23         123          51           3.92980E-12  
Sb24         124          51           0.00000E+00  
Sb25         125          51           0.00000E+00  
Te22         122          52           1.26310E-11  
Te23         123          52           4.30820E-12  
Te24         124          52           2.56650E-11  
Te25         125          52           1.25710E-11  
Te26         126          52           5.68520E-11  
Te27         127          52           0.00000E+00  
Te28         128          52           2.76010E-11  
Te30         130          52           2.53180E-11  
I127         127          53           2.09400E-11  
I128         128          53           0.00000E+00  
I129         129          53           1.91750E-13  
I130         130          53           0.00000E+00  
I131         131          53           0.00000E+00  
I132         132          53           0.00000E+00  
I133         133          53           0.00000E+00  
Xe28         128          54           1.54150E-11  
Xe29         129          54           2.83250E-11  
Xe30         130          54           3.23890E-11  
Xe31         131          54           2.64940E-11  
Xe32         132          54           8.01870E-11  
Xe33         133          54           0.00000E+00  
Xe34         134          54           1.64670E-11  
Xe35         135          54           0.00000E+00  
Xe36         136          54           9.48800E-12  
Cs33         133          55           1.39500E-11  
Cs34         134          55           0.00000E+00  
Cs35         135          55           5.75430E-12  
Cs36         136          55           0.00000E+00  
Cs37         137          55           0.00000E+00  
Ba34         134          56           1.85480E-11  
Ba35         135          56           1.08700E-11  
Ba36         136          56           6.46420E-11  
Ba37         137          56           6.43510E-11  
Ba38         138          56           7.97890E-10  
Ba39         139          56           0.00000E+00  
Ba40         140          56           0.00000E+00  
La39         139          57           9.67180E-11  
La40         140          57           0.00000E+00  
Ce40         140          58           3.03080E-10  
Ce41         141          58           0.00000E+00  
Ce42         142          58           1.27700E-11  
Ce43         143          58           0.00000E+00  
Ce44         144          58           0.00000E+00  
Pr41         141          59           3.20100E-11  
Pr42         142          59           0.00000E+00  
Pr43         143          59           0.00000E+00  
Pr45         145          59           0.00000E+00  
Nd42         142          60           7.72680E-11  
Nd43         143          60           1.39290E-11  
Nd44         144          60           4.31090E-11  
Nd45         145          60           8.52090E-12  
Nd46         146          60           3.92010E-11  
Nd47         147          60           0.00000E+00  
Nd48         148          60           6.55340E-12  
Nd49         149          60           0.00000E+00  
Nd50         150          60           9.27130E-13  
Pm45         145          61           0.00000E+00  
Pm46         146          61           0.00000E+00  
Pm47         147          61           0.00000E+00  
Pm48         148          61           0.00000E+00  
Pm49         149          61           0.00000E+00  
Pm50         150          61           0.00000E+00  
Pm51         151          61           0.00000E+00  
Sm44         144          62           1.35910E-13  
Sm45         145          62           0.00000E+00  
Sm46         146          62           0.00000E+00  
Sm47         147          62           4.95880E-12  
Sm48         148          62           1.00380E-11  
Sm49         149          62           2.41410E-12  
Sm50         150          62           8.17910E-12  
Sm51         151          62           0.00000E+00  
Sm52         152          62           8.06900E-12  
Sm53         153          62           0.00000E+00  
Sm54         154          62           3.90450E-12  
Eu51         151          63           1.93010E-12  
Eu52         152          63           0.00000E+00  
Eu53         153          63           2.26410E-12  
Eu54         154          63           0.00000E+00  
Eu55         155          63           0.00000E+00  
Eu56         156          63           0.00000E+00  
Eu57         157          63           0.00000E+00  
Gd52         152          64           0.00000E+00  
Gd53         153          64           0.00000E+00  
Gd54         154          64           1.74650E-12  
Gd55         155          64           2.80950E-12  
Gd56         156          64           6.84770E-12  
Gd57         157          64           3.53110E-12  
Gd58         158          64           1.12700E-11  
Gd59         159          64           0.00000E+00  
Gd60         160          64           3.28590E-12  
Tb59         159          65           3.36770E-12  
Tb60         160          65           0.00000E+00  
Tb61         161          65           0.00000E+00  
Dy60         160          66           3.39200E-12  
Dy61         161          66           3.10150E-12  
Dy62         162          66           9.08780E-12  
Dy63         163          66           4.24220E-12  
Dy64         164          66           1.47700E-11  
Dy65         165          66           0.00000E+00  
Dy66         166          66           0.00000E+00  
Ho63         163          67           0.00000E+00  
Ho64         164          67           0.00000E+00  
Ho65         165          67           4.83460E-12  
Ho66         166          67           0.00000E+00  
Er64         164          68           1.10280E-12  
Er65         165          68           0.00000E+00  
Er66         166          68           6.43650E-12  
Er67         167          68           3.47140E-12  
Er68         168          68           1.09020E-11  
Er69         169          68           0.00000E+00  
Er70         170          68           5.26110E-12  
Er71         171          68           0.00000E+00  
Er72         172          68           0.00000E+00  
Tm69         169          69           2.76000E-12  
Tm70         170          69           0.00000E+00  
Tm71         171          69           0.00000E+00  
Tm72         172          69           0.00000E+00  
Tm73         173          69           0.00000E+00  
Yb70         170          70           3.07900E-12  
Yb71         171          70           5.22680E-12  
Yb72         172          70           1.20110E-11  
Yb73         173          70           5.87830E-12  
Yb74         174          70           2.61960E-11  
Yb75         175          70           0.00000E+00  
Yb76         176          70           5.07930E-12  
Yb77         177          70           0.00000E+00  
Lu75         175          71           4.11120E-12  
Lu76         176          71           6.00930E-13  
Lu77         177          71           0.00000E+00  
Hf76         176          72           4.68090E-12  
Hf77         177          72           3.56910E-12  
Hf78         178          72           1.39840E-11  
Hf79         179          72           4.99470E-12  
Hf80         180          72           2.68980E-11  
Hf81         181          72           0.00000E+00  
Hf82         182          72           1.81170E-12  
Hf83         183          72           0.00000E+00  
Hf84         184          72           0.00000E+00  
Ta79         179          73           0.00000E+00  
Ta80         180          73           0.00000E+00  
Ta81         181          73           5.83790E-12  
Ta82         182          73           0.00000E+00  
Ta83         183          73           0.00000E+00  
Ta84         184          73           0.00000E+00  
W180         180          74           0.00000E+00  
W181         181          74           0.00000E+00  
W182         182          74           1.07450E-11  
W183         183          74           7.28370E-12  
W184         184          74           1.97530E-11  
W185         185          74           0.00000E+00  
W186         186          74           1.05480E-11  
W187         187          74           0.00000E+00  
W188         188          74           0.00000E+00  
Re85         185          75           4.22430E-12  
Re86         186          75           0.00000E+00  
Re87         187          75           3.06200E-12  
Re88         188          75           0.00000E+00  
Re89         189          75           0.00000E+00  
Os86         186          76           6.72400E-12  
Os87         187          76           2.24690E-12  
Os88         188          76           1.75480E-11  
Os89         189          76           5.73430E-12  
Os90         190          76           2.07950E-11  
Os91         191          76           0.00000E+00  
Os92         192          76           1.65420E-11  
Os93         193          76           0.00000E+00  
Os94         194          76           0.00000E+00  
Ir91         191          77           8.69610E-12  
Ir92         192          77           0.00000E+00  
Ir93         193          77           1.35490E-11  
Ir94         194          77           0.00000E+00  
Ir95         195          77           0.00000E+00  
Pt92         192          78           4.69950E-12  
Pt93         193          78           0.00000E+00  
Pt94         194          78           2.83580E-11  
Pt95         195          78           1.75670E-11  
Pt96         196          78           3.34320E-11  
Pt97         197          78           0.00000E+00  
Pt98         198          78           4.36030E-12  
Au97         197          79           1.21470E-11  
Au98         198          79           0.00000E+00  
Au99         199          79           0.00000E+00  
Hg98         198          80           2.54470E-11  
Hg99         199          80           1.35970E-11  
Hg00         200          80           4.40780E-11  
Hg01         201          80           1.92260E-11  
Hg02         202          80           7.93910E-11  
Hg03         203          80           0.00000E+00  
Hg04         204          80           2.32460E-12  
Tl03         203          81           3.67540E-11  
Tl04         204          81           0.00000E+00  
Tl05         205          81           7.36440E-11  
Pb04         204          82           4.41310E-11  
Pb05         205          82           4.24670E-12  
Pb06         206          82           6.23430E-10  
Pb07         207          82           8.31170E-10  
Pb08         208          82           2.79370E-08  
Pb09         209          82           0.00000E+00  
Pb10         210          82           0.00000E+00  
Bi09         209          83           3.18880E-10  
Bi10         210          83           0.00000E+00  
Po10         210          84           0.00000E+00  
