Isotope      A            Z            YIELD [M<sub><font face='Wingdings'>&#164;</font></sub>]Isotope      A            Z            YIELD [M<sub><font face='Wingdings'>&#164;</font></sub>]Isotope      A            Z            YIELD [M<sub><font face='Wingdings'>&#164;</font></sub>]Isotope      A            Z            YIELD [M<sub><font face='Wingdings'>&#164;</font></sub>]
H            1            1            4.64620E-01  
He4          4            2            1.81450E-01  
C12          12           6            2.71250E-03  
C13          13           6            1.14300E-06  
C14          14           6            6.90850E-11  
N14          14           7            3.68450E-05  
N15          15           7            2.88270E-08  
O16          16           8            3.55300E-04  
O17          17           8            7.80530E-07  
O18          18           8            1.40700E-07  
F18          18           9            0.00000E+00  
F19          19           9            2.16160E-07  
Ne20         20           10           4.75680E-05  
Ne21         21           10           8.12220E-08  
Ne22         22           10           8.91040E-05  
Na22         22           11           0.00000E+00  
Na23         23           11           1.07810E-06  
Na24         24           11           0.00000E+00  
Mg24         24           12           2.48660E-05  
Mg25         25           12           1.30160E-06  
Mg26         26           12           1.47110E-06  
Al26         26           13           1.20450E-08  
Al27         27           13           1.02420E-06  
Si28         28           14           3.10310E-05  
Si29         29           14           5.32490E-07  
Si30         30           14           3.92150E-07  
Si31         31           14           0.00000E+00  
Si32         32           14           0.00000E+00  
P31          31           15           1.39430E-07  
P32          32           15           0.00000E+00  
P33          33           15           0.00000E+00  
S32          32           16           1.62550E-05  
S33          33           16           4.62680E-08  
S34          34           16           2.67100E-07  
S35          35           16           0.00000E+00  
S36          36           16           2.47180E-09  
Cl35         35           17           5.27600E-08  
Cl36         36           17           1.34180E-11  
Cl37         37           17           2.08840E-08  
Ar36         36           18           3.71490E-06  
Ar37         37           18           0.00000E+00  
Ar38         38           18           2.33350E-07  
Ar39         39           18           1.55150E-13  
Ar40         40           18           3.97290E-09  
Ar41         41           18           0.00000E+00  
Ar42         42           18           0.00000E+00  
K39          39           19           5.06150E-08  
K40          40           19           2.26210E-10  
K41          41           19           4.85710E-09  
K42          42           19           0.00000E+00  
K43          43           19           0.00000E+00  
Ca40         40           20           2.78790E-06  
Ca41         41           20           5.29650E-11  
Ca42         42           20           7.13530E-09  
Ca43         43           20           1.52280E-09  
Ca44         44           20           2.19200E-08  
Ca45         45           20           0.00000E+00  
Ca46         46           20           6.39940E-10  
Ca47         47           20           0.00000E+00  
Ca48         48           20           2.06520E-09  
Sc45         45           21           7.55520E-10  
Sc46         46           21           0.00000E+00  
Sc47         47           21           0.00000E+00  
Sc48         48           21           0.00000E+00  
Sc49         49           21           0.00000E+00  
Ti46         46           22           3.73690E-09  
Ti47         47           22           3.30290E-09  
Ti48         48           22           3.21620E-08  
Ti49         49           22           2.87710E-09  
Ti50         50           22           3.94840E-09  
V50          50           23           1.34980E-11  
V51          51           23           5.60620E-09  
Cr50         50           24           1.07350E-08  
Cr51         51           24           0.00000E+00  
Cr52         52           24           2.17010E-07  
Cr53         53           24           2.50740E-08  
Cr54         54           24           7.13160E-09  
Mn55         55           25           1.90970E-07  
Mn56         56           25           0.00000E+00  
Fe54         54           26           1.03220E-06  
Fe55         55           26           0.00000E+00  
Fe56         56           26           1.68740E-05  
Fe57         57           26           4.17200E-07  
Fe58         58           26           7.69310E-08  
Fe59         59           26           0.00000E+00  
Fe60         60           26           1.32180E-08  
Co59         59           27           5.60410E-08  
Co60         60           27           0.00000E+00  
Ni58         58           28           7.09520E-07  
Ni59         59           28           1.26800E-10  
Ni60         60           28           2.91170E-07  
Ni61         61           28           1.57710E-08  
Ni62         62           28           4.79940E-08  
Ni63         63           28           0.00000E+00  
Ni64         64           28           2.90290E-08  
Ni65         65           28           0.00000E+00  
Ni66         66           28           0.00000E+00  
Cu63         63           29           1.36560E-08  
Cu64         64           29           0.00000E+00  
Cu65         65           29           9.80480E-09  
Cu66         66           29           0.00000E+00  
Cu67         67           29           0.00000E+00  
Zn64         64           30           1.57680E-08  
Zn65         65           30           0.00000E+00  
Zn66         66           30           1.32250E-08  
Zn67         67           30           2.29470E-09  
Zn68         68           30           1.18410E-08  
Zn69         69           30           0.00000E+00  
Zn70         70           30           2.22470E-10  
Ga69         69           31           1.42940E-09  
Ga70         70           31           0.00000E+00  
Ga71         71           31           1.19770E-09  
Ga72         72           31           0.00000E+00  
Ga73         73           31           0.00000E+00  
Ge70         70           32           2.07090E-09  
Ge71         71           32           0.00000E+00  
Ge72         72           32           2.41980E-09  
Ge73         73           32           6.92800E-10  
Ge74         74           32           3.79540E-09  
Ge75         75           32           0.00000E+00  
Ge76         76           32           2.76090E-10  
Ge77         77           32           0.00000E+00  
As75         75           33           4.31450E-10  
As76         76           33           0.00000E+00  
As77         77           33           0.00000E+00  
Se76         76           34           7.68230E-10  
Se77         77           34           3.81180E-10  
Se78         78           34           1.97360E-09  
Se79         79           34           9.27570E-11  
Se80         80           34           2.61160E-09  
Se81         81           34           0.00000E+00  
Se82         82           34           1.87780E-10  
Br79         79           35           3.91410E-10  
Br80         80           35           0.00000E+00  
Br81         81           35           4.62790E-10  
Br82         82           35           0.00000E+00  
Br83         83           35           0.00000E+00  
Br84         84           35           0.00000E+00  
Kr80         80           36           6.82720E-11  
Kr81         81           36           3.95230E-12  
Kr82         82           36           1.01410E-09  
Kr83         83           36           4.95580E-10  
Kr84         84           36           2.77280E-09  
Kr85         85           36           0.00000E+00  
Kr86         86           36           1.97670E-09  
Kr87         87           36           0.00000E+00  
Kr88         88           36           0.00000E+00  
Rb85         85           37           5.86070E-10  
Rb86         86           37           0.00000E+00  
Rb87         87           37           7.37250E-10  
Rb88         88           37           0.00000E+00  
Sr86         86           38           5.97050E-10  
Sr87         87           38           3.62030E-10  
Sr88         88           38           3.59560E-09  
Sr89         89           38           0.00000E+00  
Sr90         90           38           0.00000E+00  
Sr91         91           38           0.00000E+00  
Sr92         92           38           0.00000E+00  
Y89          89           39           7.41870E-10  
Y90          90           39           0.00000E+00  
Y91          91           39           0.00000E+00  
Y92          92           39           0.00000E+00  
Y93          93           39           0.00000E+00  
Zr90         90           40           6.93490E-10  
Zr91         91           40           1.73780E-10  
Zr92         92           40           2.58480E-10  
Zr93         93           40           5.63190E-11  
Zr94         94           40           3.21130E-10  
Zr95         95           40           0.00000E+00  
Zr96         96           40           1.04160E-10  
Zr97         97           40           0.00000E+00  
Nb93         93           41           4.04500E-11  
Nb94         94           41           0.00000E+00  
Nb95         95           41           0.00000E+00  
Nb96         96           41           0.00000E+00  
Nb97         97           41           0.00000E+00  
Mo92         92           42           1.44040E-11  
Mo93         93           42           0.00000E+00  
Mo94         94           42           1.00950E-11  
Mo95         95           42           4.58040E-11  
Mo96         96           42           7.23520E-11  
Mo97         97           42           3.09750E-11  
Mo98         98           42           1.00940E-10  
Mo99         99           42           0.00000E+00  
Mo00         100          42           1.36690E-11  
Tc97         97           43           0.00000E+00  
Tc98         98           43           0.00000E+00  
Tc99         99           43           2.70600E-12  
Ru96         96           44           3.61550E-12  
Ru97         97           44           0.00000E+00  
Ru98         98           44           1.24800E-12  
Ru99         99           44           1.63170E-11  
Ru00         100          44           4.49680E-11  
Ru01         101          44           1.98930E-11  
Ru02         102          44           7.35020E-11  
Ru03         103          44           0.00000E+00  
Ru04         104          44           1.67510E-11  
Ru05         105          44           0.00000E+00  
Ru06         106          44           0.00000E+00  
Rh03         103          45           2.33910E-11  
Rh05         105          45           0.00000E+00  
Pd04         104          46           3.29900E-11  
Pd05         105          46           2.00870E-11  
Pd06         106          46           4.87540E-11  
Pd07         107          46           6.18340E-12  
Pd08         108          46           5.75470E-11  
Pd09         109          46           0.00000E+00  
Pd10         110          46           1.01670E-11  
Ag07         107          47           1.04840E-11  
Ag09         109          47           2.18320E-11  
Ag11         111          47           0.00000E+00  
Cd08         108          48           6.10500E-13  
Cd09         109          48           0.00000E+00  
Cd10         110          48           4.24360E-11  
Cd11         111          48           2.04390E-11  
Cd12         112          48           6.16230E-11  
Cd13         113          48           2.15730E-11  
Cd14         114          48           8.58740E-11  
Cd15         115          48           0.00000E+00  
Cd16         116          48           1.16760E-11  
In13         113          49           3.29450E-13  
In15         115          49           2.09130E-11  
Sn14         114          50           1.04830E-12  
Sn15         115          50           5.43890E-13  
Sn16         116          50           1.12330E-10  
Sn17         117          50           3.99160E-11  
Sn18         118          50           1.70320E-10  
Sn19         119          50           5.37610E-11  
Sn20         120          50           2.64710E-10  
Sn21         121          50           0.00000E+00  
Sn22         122          50           2.51150E-11  
Sn23         123          50           0.00000E+00  
Sn24         124          50           1.41980E-11  
Sb21         121          51           2.46410E-11  
Sb22         122          51           0.00000E+00  
Sb23         123          51           1.03320E-11  
Sb24         124          51           0.00000E+00  
Sb25         125          51           0.00000E+00  
Te22         122          52           2.97540E-11  
Te23         123          52           1.02580E-11  
Te24         124          52           6.17050E-11  
Te25         125          52           3.33140E-11  
Te26         126          52           1.43590E-10  
Te27         127          52           0.00000E+00  
Te28         128          52           8.34240E-11  
Te30         130          52           7.92090E-11  
I127         127          53           6.09600E-11  
I128         128          53           0.00000E+00  
I129         129          53           4.59500E-13  
I130         130          53           0.00000E+00  
I131         131          53           0.00000E+00  
I132         132          53           0.00000E+00  
I133         133          53           0.00000E+00  
Xe28         128          54           3.74050E-11  
Xe29         129          54           8.42490E-11  
Xe30         130          54           7.93420E-11  
Xe31         131          54           7.67240E-11  
Xe32         132          54           2.05890E-10  
Xe33         133          54           0.00000E+00  
Xe34         134          54           4.59290E-11  
Xe35         135          54           0.00000E+00  
Xe36         136          54           3.50420E-11  
Cs33         133          55           3.71380E-11  
Cs34         134          55           0.00000E+00  
Cs35         135          55           1.27490E-11  
Cs36         136          55           0.00000E+00  
Cs37         137          55           0.00000E+00  
Ba34         134          56           4.63190E-11  
Ba35         135          56           2.96780E-11  
Ba36         136          56           1.58970E-10  
Ba37         137          56           1.59750E-10  
Ba38         138          56           1.92750E-09  
Ba39         139          56           0.00000E+00  
Ba40         140          56           0.00000E+00  
La39         139          57           2.34280E-10  
La40         140          57           0.00000E+00  
Ce40         140          58           7.40090E-10  
Ce41         141          58           0.00000E+00  
Ce42         142          58           2.90530E-11  
Ce43         143          58           0.00000E+00  
Ce44         144          58           0.00000E+00  
Pr41         141          59           7.60450E-11  
Pr42         142          59           0.00000E+00  
Pr43         143          59           0.00000E+00  
Pr45         145          59           0.00000E+00  
Nd42         142          60           1.89290E-10  
Nd43         143          60           3.41260E-11  
Nd44         144          60           1.03080E-10  
Nd45         145          60           2.08160E-11  
Nd46         146          60           9.50760E-11  
Nd47         147          60           0.00000E+00  
Nd48         148          60           1.40070E-11  
Nd49         149          60           0.00000E+00  
Nd50         150          60           2.76140E-12  
Pm45         145          61           0.00000E+00  
Pm46         146          61           0.00000E+00  
Pm47         147          61           0.00000E+00  
Pm48         148          61           0.00000E+00  
Pm49         149          61           0.00000E+00  
Pm50         150          61           0.00000E+00  
Pm51         151          61           0.00000E+00  
Sm44         144          62           4.25880E-13  
Sm45         145          62           0.00000E+00  
Sm46         146          62           0.00000E+00  
Sm47         147          62           1.23750E-11  
Sm48         148          62           2.54960E-11  
Sm49         149          62           6.18370E-12  
Sm50         150          62           1.97950E-11  
Sm51         151          62           0.00000E+00  
Sm52         152          62           2.02080E-11  
Sm53         153          62           0.00000E+00  
Sm54         154          62           9.15130E-12  
Eu51         151          63           5.22380E-12  
Eu52         152          63           0.00000E+00  
Eu53         153          63           6.07950E-12  
Eu54         154          63           0.00000E+00  
Eu55         155          63           0.00000E+00  
Eu56         156          63           0.00000E+00  
Eu57         157          63           0.00000E+00  
Gd52         152          64           1.78770E-13  
Gd53         153          64           0.00000E+00  
Gd54         154          64           4.30830E-12  
Gd55         155          64           7.21180E-12  
Gd56         156          64           1.67410E-11  
Gd57         157          64           8.89220E-12  
Gd58         158          64           2.75900E-11  
Gd59         159          64           0.00000E+00  
Gd60         160          64           8.17300E-12  
Tb59         159          65           8.81510E-12  
Tb60         160          65           0.00000E+00  
Tb61         161          65           0.00000E+00  
Dy60         160          66           8.27230E-12  
Dy61         161          66           8.39530E-12  
Dy62         162          66           2.32810E-11  
Dy63         163          66           1.16330E-11  
Dy64         164          66           3.78450E-11  
Dy65         165          66           0.00000E+00  
Dy66         166          66           0.00000E+00  
Ho63         163          67           0.00000E+00  
Ho64         164          67           0.00000E+00  
Ho65         165          67           1.30580E-11  
Ho66         166          67           0.00000E+00  
Er64         164          68           2.76050E-12  
Er65         165          68           0.00000E+00  
Er66         166          68           1.69960E-11  
Er67         167          68           9.25920E-12  
Er68         168          68           2.83300E-11  
Er69         169          68           0.00000E+00  
Er70         170          68           1.20700E-11  
Er71         171          68           0.00000E+00  
Er72         172          68           0.00000E+00  
Tm69         169          69           7.28290E-12  
Tm70         170          69           0.00000E+00  
Tm71         171          69           0.00000E+00  
Tm72         172          69           0.00000E+00  
Tm73         173          69           0.00000E+00  
Yb70         170          70           7.93690E-12  
Yb71         171          70           1.33460E-11  
Yb72         172          70           3.04750E-11  
Yb73         173          70           1.51340E-11  
Yb74         174          70           6.75190E-11  
Yb75         175          70           0.00000E+00  
Yb76         176          70           1.10670E-11  
Yb77         177          70           0.00000E+00  
Lu75         175          71           1.08900E-11  
Lu76         176          71           4.68030E-12  
Lu77         177          71           0.00000E+00  
Hf76         176          72           4.36730E-12  
Hf77         177          72           9.64880E-12  
Hf78         178          72           3.56900E-11  
Hf79         179          72           1.27920E-11  
Hf80         180          72           6.83200E-11  
Hf81         181          72           0.00000E+00  
Hf82         182          72           3.70620E-12  
Hf83         183          72           0.00000E+00  
Hf84         184          72           0.00000E+00  
Ta79         179          73           0.00000E+00  
Ta80         180          73           0.00000E+00  
Ta81         181          73           1.49740E-11  
Ta82         182          73           0.00000E+00  
Ta83         183          73           0.00000E+00  
Ta84         184          73           0.00000E+00  
W180         180          74           0.00000E+00  
W181         181          74           0.00000E+00  
W182         182          74           2.82460E-11  
W183         183          74           1.89280E-11  
W184         184          74           5.11930E-11  
W185         185          74           0.00000E+00  
W186         186          74           2.50680E-11  
W187         187          74           0.00000E+00  
W188         188          74           0.00000E+00  
Re85         185          75           1.10090E-11  
Re86         186          75           0.00000E+00  
Re87         187          75           7.48030E-12  
Re88         188          75           0.00000E+00  
Re89         189          75           0.00000E+00  
Os86         186          76           1.76050E-11  
Os87         187          76           6.10980E-12  
Os88         188          76           4.45050E-11  
Os89         189          76           1.57900E-11  
Os90         190          76           5.48750E-11  
Os91         191          76           0.00000E+00  
Os92         192          76           4.23810E-11  
Os93         193          76           0.00000E+00  
Os94         194          76           0.00000E+00  
Ir91         191          77           2.53140E-11  
Ir92         192          77           0.00000E+00  
Ir93         193          77           3.93940E-11  
Ir94         194          77           0.00000E+00  
Ir95         195          77           0.00000E+00  
Pt92         192          78           1.23010E-11  
Pt93         193          78           0.00000E+00  
Pt94         194          78           7.70320E-11  
Pt95         195          78           5.08920E-11  
Pt96         196          78           9.08160E-11  
Pt97         197          78           0.00000E+00  
Pt98         198          78           1.12200E-11  
Au97         197          79           3.39540E-11  
Au98         198          79           0.00000E+00  
Au99         199          79           0.00000E+00  
Hg98         198          80           6.70910E-11  
Hg99         199          80           3.60410E-11  
Hg00         200          80           1.14940E-10  
Hg01         201          80           5.02830E-11  
Hg02         202          80           2.07570E-10  
Hg03         203          80           0.00000E+00  
Hg04         204          80           6.13150E-12  
Tl03         203          81           9.47130E-11  
Tl04         204          81           0.00000E+00  
Tl05         205          81           1.95500E-10  
Pb04         204          82           1.15810E-10  
Pb05         205          82           1.44050E-11  
Pb06         206          82           1.42180E-09  
Pb07         207          82           1.84510E-09  
Pb08         208          82           5.23760E-08  
Pb09         209          82           0.00000E+00  
Pb10         210          82           0.00000E+00  
Bi09         209          83           4.97000E-10  
Bi10         210          83           0.00000E+00  
Po10         210          84           0.00000E+00  
