#1 ---------------------------------------------------------------- 1#
#2     Nucleosynthesis yields of L0.30 model                        2#
#3     Nishimura, Sawai, Takiwaki et al.(2017); ApJL 836:L21 (2017) 3#
#4     Total ejecta:     2.09197e-02  in Solar Mass                 4#
#5 ---------------------------------------------------------------- 5#
#6   name     Z    N    A    X                   Y                  6#
#7 ---------------------------------------------------------------- 7#
     h1       1    0    1    1.3622228019e-05    1.3622228019e-05
     h2       1    1    2    1.0383301015e-11    5.1916505073e-12
     he3      2    1    3    2.2287166031e-12    7.4290553438e-13
     he4      2    2    4    5.1242510072e-03    1.2810627518e-03
     li6      3    3    6    1.2439361018e-14    2.0732268363e-15
     li7      3    4    7    6.3648172090e-12    9.0925960128e-13
     be9      4    5    9    8.5210231120e-15    9.4678034578e-16
     b10      5    5   10    7.6818494108e-13    7.6818494108e-14
     b11      5    6   11    4.2498619060e-12    3.8635108236e-13
     c12      6    6   12    8.1390944115e-07    6.7825786762e-08
     c13      6    7   13    4.7189071066e-10    3.6299285436e-11
     n14      7    7   14    2.9261629041e-09    2.0901163601e-10
     n15      7    8   15    8.5410406120e-08    5.6940270747e-09
     o16      8    8   16    6.5434013092e-08    4.0896258183e-09
     o17      8    9   17    3.3309516047e-09    1.9593832969e-10
     o18      8   10   18    1.0529073015e-06    5.8494850082e-08
     f19      9   10   19    8.9373507126e-07    4.7038687961e-08
     ne20    10   10   20    5.8803559083e-07    2.9401779541e-08
     ne21    10   11   21    1.4751406021e-07    7.0244790575e-09
     ne22    10   12   22    3.4089553048e-06    1.5495251385e-07
     na23    11   12   23    1.4938436021e-08    6.4949721831e-10
     mg24    12   12   24    1.7139278024e-08    7.1413658434e-10
     mg25    12   13   25    9.9786674140e-08    3.9914669656e-09
     mg26    12   14   26    3.9509389056e-08    1.5195918868e-09
     al27    13   14   27    1.0227536014e-08    3.7879763016e-10
     si28    14   14   28    1.8832078027e-07    6.7257421523e-09
     si29    14   15   29    4.5913467065e-08    1.5832230022e-09
     si30    14   16   30    1.0564105015e-07    3.5213683383e-09
     p31     15   16   31    3.8094004054e-08    1.2288388404e-09
     s32     16   16   32    8.4054017118e-07    2.6266880349e-08
     s33     16   17   33    1.2596110018e-07    3.8170030357e-09
     s34     16   18   34    2.8666416040e-07    8.4312988354e-09
     s36     16   20   36    5.7958010082e-08    1.6099447245e-09
     cl35    17   18   35    1.0486064015e-07    2.9960182899e-09
     cl37    17   20   37    7.5819249107e-08    2.0491688948e-09
     ar36    18   18   36    8.6839479122e-07    2.4122077534e-08
     ar38    18   20   38    2.9056186041e-07    7.6463647476e-09
     ar40    18   22   40    1.7910964025e-07    4.4777410063e-09
     k39     19   20   39    1.6969684024e-07    4.3512010318e-09
     k40     19   21   40    8.3384825117e-10    2.0846206279e-11
     k41     19   22   41    8.5955091121e-07    2.0964656371e-08
     ca40    20   20   40    5.6483259080e-06    1.4120814770e-07
     ca42    20   22   42    1.4863713021e-06    3.5389792907e-08
     ca43    20   23   43    5.0280282071e-07    1.1693088854e-08
     ca44    20   24   44    7.9243583112e-07    1.8009905253e-08
     ca46    20   26   46    1.2761722018e-06    2.7742873952e-08
     ca48    20   28   48    1.0045615014e-02    2.0928364613e-04
     sc45    21   24   45    4.1181540058e-07    9.1514533462e-09
     ti46    22   24   46    4.7906793067e-07    1.0414520232e-08
     ti47    22   25   47    3.9916967056e-06    8.4929717141e-08
     ti48    22   26   48    1.6531249023e-06    3.4440102132e-08
     ti49    22   27   49    6.5854230093e-04    1.3439638794e-05
     ti50    22   28   50    8.1116738114e-03    1.6223347623e-04
     v50     23   27   50    7.3005980103e-09    1.4601196021e-10
     v51     23   28   51    1.9078649027e-03    3.7409115739e-05
     cr50    24   26   50    9.6735462136e-06    1.9347092427e-07
     cr52    24   28   52    5.5284748078e-03    1.0631682323e-04
     cr53    24   29   53    4.0042729056e-03    7.5552318974e-05
     cr54    24   30   54    8.2913400117e-03    1.5354333355e-04
     mn55    25   30   55    9.9361266140e-04    1.8065684753e-05
     fe54    26   28   54    4.3830588062e-03    8.1167755670e-05
     fe56    26   30   56    9.2803958131e-02    1.6572135380e-03
     fe57    26   31   57    3.2219182045e-03    5.6524880781e-05
     fe58    26   32   58    9.6661599136e-03    1.6665792954e-04
     co59    27   32   59    3.5627609050e-03    6.0385778051e-05
     ni58    28   30   58    2.0089489028e-02    3.4637050049e-04
     ni60    28   32   60    4.7766257067e-02    7.9610428445e-04
     ni61    28   33   61    7.8375114110e-04    1.2848379362e-05
     ni62    28   34   62    1.4346621020e-02    2.3139711323e-04
     ni64    28   36   64    6.9315017098e-03    1.0830471421e-04
     cu63    29   34   63    6.3110523089e-04    1.0017543347e-05
     cu65    29   36   65    1.1423918016e-03    1.7575258486e-05
     zn64    30   34   64    4.8699599069e-03    7.6093123545e-05
     zn66    30   36   66    1.0584104015e-02    1.6036521235e-04
     zn67    30   37   67    7.2095740101e-04    1.0760558224e-05
     zn68    30   38   68    5.6896714080e-03    8.3671638353e-05
     zn70    30   40   70    2.2074289031e-03    3.1534698616e-05
     ga69    31   38   69    1.1283026016e-03    1.6352211617e-05
     ga71    31   40   71    1.5271292021e-03    2.1508862002e-05
     ge70    32   38   70    3.5802161050e-05    5.1145944358e-07
     ge72    32   40   72    3.6157131051e-03    5.0218237571e-05
     ge73    32   41   73    2.4288954034e-03    3.3272539773e-05
     ge74    32   42   74    3.2579581046e-03    4.4026460873e-05
     ge76    32   44   76    7.9123791111e-03    1.0411025146e-04
     as75    33   42   75    5.2947655075e-03    7.0596873433e-05
     se74    34   40   74    1.5433633022e-06    2.0856260840e-08
     se76    34   42   76    1.4236711020e-06    1.8732514500e-08
     se77    34   43   77    7.4373741105e-03    9.6589274162e-05
     se78    34   44   78    9.9844172141e-02    1.2800534890e-03
     se80    34   46   80    3.0910823044e-02    3.8638528804e-04
     se82    34   48   82    1.1909972017e-02    1.4524356118e-04
     br79    35   44   79    2.2025210031e-02    2.7880012697e-04
     br81    35   46   81    2.6966346038e-02    3.3291785232e-04
     kr78    36   42   78    1.3025654018e-07    1.6699556434e-09
     kr80    36   44   80    1.4522790020e-07    1.8153487526e-09
     kr82    36   46   82    1.4962787021e-07    1.8247301245e-09
     kr83    36   47   83    6.5220081092e-03    7.8578410954e-05
     kr84    36   48   84    1.5569840022e-02    1.8535523836e-04
     kr86    36   50   86    4.1737610059e-03    4.8532104719e-05
     rb85    37   48   85    4.7832413067e-03    5.6273427138e-05
     rb87    37   50   87    7.0844943100e-03    8.1430969080e-05
     sr84    38   46   84    1.2340373017e-08    1.4690920259e-10
     sr86    38   48   86    2.3913442034e-08    2.7806327946e-10
     sr87    38   49   87    1.8444793026e-08    2.1200911524e-10
     sr88    38   50   88    4.4456689063e-03    5.0518964844e-05
     y89     39   50   89    3.4039575048e-03    3.8246713537e-05
     zr90    40   50   90    3.8332774054e-03    4.2591971171e-05
     zr91    40   51   91    4.4891559063e-03    4.9331383586e-05
     zr92    40   52   92    4.6124646065e-03    5.0135484853e-05
     zr94    40   54   94    3.1795398045e-03    3.3824891537e-05
     zr96    40   56   96    1.4113047020e-05    1.4701090646e-07
     nb93    41   52   93    2.1855290031e-03    2.3500311861e-05
     mo92    42   50   92    3.0934228044e-08    3.3624160917e-10
     mo94    42   52   94    6.5326294092e-11    6.9496057545e-13
     mo95    42   53   95    5.5087842078e-03    5.7987202187e-05
     mo96    42   54   96    3.1025837044e-03    3.2318580254e-05
     mo97    42   55   97    2.5760154036e-03    2.6556859831e-05
     mo98    42   56   98    3.4968218049e-03    3.5681855152e-05
     mo100   42   58  100    2.1518499030e-03    2.1518499030e-05
     ru96    44   52   96    7.7996687110e-13    8.1246549073e-15
     ru98    44   54   98    4.7931061067e-15    4.8909245987e-17
     ru99    44   55   99    3.1356633044e-03    3.1673366711e-05
     ru100   44   56  100    6.8529894096e-10    6.8529894096e-12
     ru101   44   57  101    2.1608584030e-03    2.1394637654e-05
     ru102   44   58  102    1.8813346026e-03    1.8444456889e-05
     ru104   44   60  104    3.7338668053e-03    3.5902565435e-05
     rh103   45   58  103    3.2854467046e-03    3.1897540822e-05
     pd102   46   56  102    1.4072200020e-15    1.3796274529e-17
     pd104   46   58  104    4.0020779056e-13    3.8481518323e-15
     pd105   46   59  105    7.2329347102e-03    6.8885092478e-05
     pd106   46   60  106    5.0882974072e-03    4.8002805728e-05
     pd108   46   62  108    7.0795282100e-03    6.5551187129e-05
     pd110   46   64  110    7.2449528102e-03    6.5863207365e-05
     ag107   47   60  107    6.5951520093e-03    6.1636934666e-05
     ag109   47   62  109    7.6672473108e-03    7.0341718448e-05
     cd106   48   58  106    2.2870953032e-16    2.1576370785e-18
     cd108   48   60  108    3.7184315052e-16    3.4429921345e-18
     cd110   48   62  110    2.0318012029e-10    1.8470920026e-12
     cd111   48   63  111    8.1568906115e-03    7.3485501004e-05
     cd112   48   64  112    3.2238960045e-03    2.8784785755e-05
     cd113   48   65  113    1.4881149021e-03    1.3169158426e-05
     cd114   48   66  114    7.4148540104e-04    6.5042579039e-06
     cd116   48   68  116    4.2231918059e-04    3.6406825913e-06
     in113   49   64  113    3.1978325045e-17    2.8299402695e-19
     in115   49   66  115    4.5595106064e-04    3.9647918317e-06
     sn112   50   62  112    1.4381705020e-15    1.2840808054e-17
     sn114   50   64  114    1.8403961026e-15    1.6143825461e-17
     sn115   50   65  115    4.3817853062e-17    3.8102480923e-19
     sn116   50   66  116    2.4892146035e-13    2.1458746582e-15
     sn117   50   67  117    3.9874052056e-04    3.4080386373e-06
     sn118   50   68  118    4.4614090063e-04    3.7808550901e-06
     sn119   50   69  119    4.4948562063e-04    3.7771900894e-06
     sn120   50   70  120    3.9887886056e-04    3.3239905047e-06
     sn122   50   72  122    9.2412139130e-04    7.5747655025e-06
     sn124   50   74  124    2.6952389038e-03    2.1735797611e-05
     sb121   51   70  121    1.0847240015e-03    8.9646611696e-06
     sb123   51   72  123    1.5671434022e-03    1.2741003270e-05
     te120   52   68  120    8.8189704124e-17    7.3491420103e-19
     te122   52   70  122    3.3590334047e-15    2.7533060694e-17
     te123   52   71  123    9.7450300137e-18    7.9227886290e-20
     te124   52   72  124    7.1693907101e-16    5.7817667017e-18
     te125   52   73  125    1.3891502020e-02    1.1113201616e-04
     te126   52   74  126    3.3014868046e-02    2.6202276227e-04
     te128   52   76  128    4.8120270068e-02    3.7593960990e-04
     te130   52   78  130    3.2982424046e-02    2.5371095420e-04
     i127    53   74  127    5.6155632079e-02    4.4217033133e-04
     xe124   54   70  124    3.5050213049e-16    2.8266300846e-18
     xe126   54   72  126    1.4030916020e-16    1.1135647635e-18
     xe128   54   74  128    2.5888745036e-16    2.0225582060e-18
     xe129   54   75  129    5.8896525083e-02    4.5656220994e-04
     xe130   54   76  130    3.7300224053e-14    2.8692480040e-16
     xe131   54   77  131    1.3026950018e-02    9.9442366552e-05
     xe132   54   78  132    1.3943118020e-02    1.0562968197e-04
     xe134   54   80  134    8.7574621123e-03    6.5354194868e-05
     xe136   54   82  136    2.0513550029e-03    1.5083492668e-05
     cs133   55   78  133    1.4239366020e-02    1.0706290241e-04
     ba130   56   74  130    6.0255604085e-16    4.6350464681e-18
     ba132   56   76  132    8.5869509121e-17    6.5052658425e-19
     ba134   56   78  134    2.0777067029e-16    1.5505273902e-18
     ba135   56   79  135    8.5599281120e-03    6.3406874904e-05
     ba136   56   80  136    2.7354504039e-15    2.0113605911e-17
     ba137   56   81  137    9.7571846137e-04    7.1220325648e-06
     ba138   56   82  138    4.2135470059e-04    3.0532949318e-06
     la138   57   81  138    2.2944674032e-18    1.6626575386e-20
     la139   57   82  139    3.5107449049e-04    2.5257157590e-06
     ce136   58   78  136    7.9513882112e-16    5.8466089788e-18
     ce138   58   80  138    1.5149623021e-16    1.0977987697e-18
     ce140   58   82  140    2.9647569042e-04    2.1176835030e-06
     ce142   58   84  142    2.2203810031e-05    1.5636485938e-07
     pr141   59   82  141    6.3582839089e-05    4.5094212120e-07
     nd142   60   82  142    4.4652905063e-15    3.1445707791e-17
     nd143   60   83  143    3.6297197051e-05    2.5382655280e-07
     nd144   60   84  144    4.5609003064e-05    3.1672918795e-07
     nd145   60   85  145    3.0070466042e-05    2.0738252443e-07
     nd146   60   86  146    5.4723968077e-05    3.7482169916e-07
     nd148   60   88  148    8.4379155119e-05    5.7012942648e-07
     nd150   60   90  150    1.0220870014e-04    6.8139133429e-07
     sm144   62   82  144    4.6960727066e-15    3.2611616018e-17
     sm147   62   85  147    9.8984389139e-05    6.7336319142e-07
     sm148   62   86  148    7.8748466111e-18    5.3208423048e-20
     sm149   62   87  149    6.7630467095e-05    4.5389575232e-07
     sm150   62   88  150    1.2884106018e-12    8.5894040121e-15
     sm152   62   90  152    9.0854444128e-05    5.9772660610e-07
     sm154   62   92  154    1.5475648022e-04    1.0049122092e-06
     eu151   63   88  151    8.9919830127e-05    5.9549556375e-07
     eu153   63   90  153    1.2565799018e-04    8.2129405344e-07
     gd152   64   88  152    1.0607661015e-17    6.9787243519e-20
     gd154   64   90  154    1.0115410014e-17    6.5684480612e-20
     gd155   64   91  155    1.2116332017e-04    7.8169883981e-07
     gd156   64   92  156    1.6973116024e-04    1.0880202579e-06
     gd157   64   93  157    1.7569974025e-04    1.1191066258e-06
     gd158   64   94  158    2.9922640042e-04    1.8938379773e-06
     gd160   64   96  160    4.8295898068e-04    3.0184936292e-06
     tb159   65   94  159    3.0934826044e-04    1.9455865436e-06
     dy156   66   90  156    2.9034468041e-16    1.8611838488e-18
     dy158   66   92  158    1.3936086020e-16    8.8203076074e-19
     dy160   66   94  160    9.9478852140e-16    6.2174282588e-18
     dy161   66   95  161    4.6089318065e-04    2.8626905630e-06
     dy162   66   96  162    6.7082311094e-04    4.1408834009e-06
     dy163   66   97  163    5.3398173075e-04    3.2759615384e-06
     dy164   66   98  164    6.3875799090e-04    3.8948657982e-06
     ho165   67   98  165    5.1126022072e-04    3.0985467922e-06
     er162   68   94  162    5.9198311083e-16    3.6542167335e-18
     er164   68   96  164    1.4229098020e-16    8.6762792805e-19
     er166   68   98  166    3.6923402052e-04    2.2243013284e-06
     er167   68   99  167    4.0605068057e-04    2.4314412010e-06
     er168   68  100  168    4.7994289068e-04    2.8568029207e-06
     er170   68  102  170    3.1115200044e-04    1.8303058849e-06
     tm169   69  100  169    2.3295152033e-04    1.3784113629e-06
     yb168   70   98  168    5.9572575084e-16    3.5459866121e-18
     yb170   70  100  170    1.1372896016e-16    6.6899388329e-19
     yb171   70  101  171    2.5821035036e-04    1.5100020489e-06
     yb172   70  102  172    2.8005918039e-04    1.6282510488e-06
     yb173   70  103  173    2.5169735035e-04    1.4548979789e-06
     yb174   70  104  174    3.2826885046e-04    1.8866025889e-06
     yb176   70  106  176    2.4739678035e-04    1.4056635247e-06
     lu175   71  104  175    1.8859561027e-04    1.0776892015e-06
     lu176   71  105  176    1.7085803024e-13    9.7078426273e-16
     hf174   72  102  174    1.3539347019e-16    7.7812339190e-19
     hf176   72  104  176    2.7245329038e-17    1.5480300590e-19
     hf177   72  105  177    2.4420076034e-04    1.3796653127e-06
     hf178   72  106  178    3.0895277043e-04    1.7356897215e-06
     hf179   72  107  179    2.0544220029e-04    1.1477217893e-06
     hf180   72  108  180    2.2450863032e-04    1.2472701684e-06
     ta180   73  107  180    6.7791054095e-19    3.7661696720e-21
     ta181   73  108  181    1.7795019025e-04    9.8315022238e-07
     w180    74  106  180    3.6715974052e-16    2.0397763362e-18
     w182    74  108  182    1.9434368027e-04    1.0678224191e-06
     w183    74  109  183    9.2236108130e-05    5.0402244880e-07
     w184    74  110  184    1.1958638017e-04    6.4992597918e-07
     w186    74  112  186    9.3757723132e-05    5.0407378028e-07
     re185   75  110  185    4.3440258061e-05    2.3481220574e-07
     re187   75  112  187    4.7079871066e-05    2.5176401640e-07
     os184   76  108  184    1.1249889016e-16    6.1140701173e-19
     os186   76  110  186    2.2244634031e-17    1.1959480662e-19
     os187   76  111  187    1.0092858014e-18    5.3972502750e-21
     os188   76  112  188    1.3765444019e-04    7.3220446912e-07
     os189   76  113  189    1.6627756023e-04    8.7977545097e-07
     os190   76  114  190    4.9679551070e-04    2.6147132142e-06
     os192   76  116  192    1.5349054022e-03    7.9942989696e-06
     ir191   77  114  191    4.9640626070e-04    2.5989856581e-06
     ir193   77  116  193    2.1423011030e-03    1.1100005715e-05
     pt190   78  112  190    5.8851220083e-17    3.0974326359e-19
     pt192   78  114  192    4.2053576059e-17    2.1902904197e-19
     pt194   78  116  194    4.3428712061e-03    2.2385934052e-05
     pt195   78  117  195    6.4614908091e-03    3.3135850303e-05
     pt196   78  118  196    4.9224627069e-03    2.5114605648e-05
     pt198   78  120  198    1.2504207018e-03    6.3152560695e-06
     au197   79  118  197    3.4378979048e-03    1.7451258400e-05
     hg196   80  116  196    3.3523553047e-14    1.7103853596e-16
     hg198   80  118  198    1.7519389025e-14    8.8481762751e-17
     hg199   80  119  199    2.5717916036e-04    1.2923575898e-06
     hg200   80  120  200    2.9399943041e-05    1.4699971521e-07
     hg201   80  121  201    1.3998713020e-05    6.9645338406e-08
     hg202   80  122  202    2.4871702035e-05    1.2312723780e-07
     hg204   80  124  204    1.4449282020e-05    7.0829813825e-08
     tl203   81  122  203    1.1627966016e-05    5.7280620770e-08
     tl205   81  124  205    1.1269289016e-05    5.4972141541e-08
     pb204   82  122  204    3.2231007045e-13    1.5799513258e-15
     pb206   82  124  206    1.9306549027e-05    9.3721111782e-08
     pb207   82  125  207    1.5175193021e-05    7.3310111214e-08
     pb208   82  126  208    4.0136446056e-05    1.9296368296e-07
     bi209   83  126  209    3.4175213048e-05    1.6351776578e-07
     th232   90  142  232    2.2819011032e-04    9.8357806173e-07
     u235    92  143  235    3.2109407045e-04    1.3663577466e-06
     u238    92  146  238    2.5222875036e-04    1.0597846654e-06
