  ele   Z    A    013a000     015a000     020a000     025a000     030a000     040a000     060a000     080a000     120a000
  H     1    0  7.4327E-01  7.1343E-01  6.4520E-01  6.0738E-01  8.3694E-01  7.7919E-01  6.5885E-01  6.1015E-01  5.5257E-01
  He    2    0  1.5249E+00  1.4464E+00  1.4715E+00  1.3595E+00  1.4439E+00  1.6014E+00  1.8945E+00  1.9826E+00  2.1289E+00
  Li    3    0  8.7323E-03  9.3174E-03  1.1513E-02  1.1607E-02  1.6996E-02  1.7643E-02  1.5492E-02  1.4927E-02  1.4186E-02
  Be    4    0  1.2560E-02  1.2239E-02  2.1300E-02  2.0889E-02  2.9887E-02  2.8823E-02  2.5005E-02  2.0942E-02  1.9865E-02
  B     5    0  1.8126E-01  1.7397E-01  1.5924E-01  1.5279E-01  2.1419E-01  2.0735E-01  1.8301E-01  1.7004E-01  1.5314E-01
  C     6    0  4.1977E+00  6.9670E+00  9.3808E+00  1.1278E+01  5.8080E-01  5.4819E-01  3.9046E+00  8.2473E+00  9.2142E+00
  N     7    0  4.1359E+00  3.9311E+00  3.4151E+00  3.6855E+00  5.0756E+00  5.8025E+00  6.9199E+00  7.1538E+00  7.7493E+00
  O     8    0  3.7290E+00  7.5934E+00  1.1844E+01  1.8563E+01  6.6871E-01  5.8622E-01  6.0142E-01  7.3283E-01  6.9335E-01
  F     9    0  6.3024E-01  5.9875E-01  5.8471E-01  5.3074E-01  6.3905E-01  5.5822E-01  6.2074E-01  5.2593E-01  5.4392E-01
  Ne   10    0  3.1518E+00  8.3766E+00  1.8098E+01  3.0476E+01  9.6647E-01  9.5535E-01  1.2088E+00  1.5844E+00  1.7881E+00
  Na   11    0  3.0695E+00  6.2089E+00  1.2186E+01  3.1829E+01  2.5429E+00  3.0617E+00  4.0273E+00  4.4657E+00  5.0309E+00
  Mg   12    0  2.6676E+00  4.9505E+00  9.9591E+00  9.7068E+00  9.9533E-01  9.9152E-01  9.8547E-01  9.8260E-01  9.7804E-01
  Al   13    0  3.1496E+00  5.9086E+00  1.1675E+01  1.3636E+01  1.0815E+00  1.1423E+00  1.2606E+00  1.3492E+00  1.4701E+00
  Si   14    0  9.6725E+00  1.5060E+01  1.4120E+01  1.1475E+01  1.0000E+00  1.0001E+00  1.0002E+00  1.0005E+00  1.0007E+00
  P    15    0  6.7100E+00  1.0818E+01  1.1742E+01  1.1369E+01  1.0000E+00  1.0000E+00  1.0026E+00  1.0110E+00  1.0146E+00
  S    16    0  9.0018E+00  1.4186E+01  1.0956E+01  1.1344E+01  9.9999E-01  9.9999E-01  1.0000E+00  1.0001E+00  1.0001E+00
  Cl   17    0  1.9319E+00  2.7745E+00  2.5398E+00  3.9745E+00  9.9999E-01  1.0000E+00  1.0078E+00  1.0319E+00  1.0432E+00
  Ar   18    0  8.1212E+00  1.2478E+01  9.4408E+00  1.0267E+01  9.9999E-01  1.0000E+00  9.9906E-01  9.9594E-01  9.9447E-01
  K    19    0  2.0949E+00  2.8594E+00  2.5081E+00  3.2199E+00  9.9999E-01  1.0000E+00  1.0177E+00  1.0677E+00  1.0919E+00
  Ca   20    0  6.9894E+00  1.0338E+01  8.0782E+00  8.3468E+00  9.9998E-01  1.0000E+00  9.9929E-01  9.9712E-01  9.9607E-01
  Sc   21    0  1.9954E+00  2.6699E+00  5.2777E+00  1.0565E+01  1.0000E+00  1.0000E+00  1.0212E+00  1.0732E+00  1.1003E+00
  Ti   22    0  3.8121E+00  3.7760E+00  3.2369E+00  3.7211E+00  1.0000E+00  1.0000E+00  1.0004E+00  1.0015E+00  1.0021E+00
  V    23    0  4.2322E+00  6.6009E+00  5.4976E+00  5.3769E+00  9.9997E-01  1.0000E+00  1.0077E+00  1.0174E+00  1.0225E+00
  Cr   24    0  5.6353E+00  8.1453E+00  6.5794E+00  7.5249E+00  9.9998E-01  9.9998E-01  9.9987E-01  9.9956E-01  9.9945E-01
  Mn   25    0  4.6522E+00  7.5983E+00  6.2434E+00  6.0851E+00  1.0000E+00  1.0000E+00  1.0232E+00  1.0670E+00  1.0880E+00
  Fe   26    0  6.0798E+00  5.5820E+00  4.3699E+00  3.6111E+00  1.0000E+00  1.0000E+00  9.9987E-01  9.9944E-01  9.9925E-01
  Co   27    0  5.0742E+00  4.7538E+00  6.4969E+00  8.8566E+00  9.9999E-01  1.0000E+00  1.0342E+00  1.1135E+00  1.1553E+00
  Ni   28    0  8.8710E+00  7.0378E+00  5.5789E+00  3.8842E+00  9.9998E-01  1.0000E+00  9.9813E-01  9.9451E-01  9.9255E-01
  Cu   29    0  3.1382E+00  4.6827E+00  1.0778E+01  2.6449E+01  1.0000E+00  1.0000E+00  1.0221E+00  1.0945E+00  1.1269E+00
  Zn   30    0  2.3868E+00  2.6082E+00  4.4445E+00  9.4989E+00  9.9999E-01  1.0000E+00  9.9873E-01  9.9932E-01  9.9896E-01
  Ga   31    0  2.5817E+00  3.9707E+00  1.0662E+01  3.0127E+01  9.9999E-01  1.0000E+00  1.0101E+00  1.0377E+00  1.0508E+00
  Ge   32    0  1.7983E+00  2.4463E+00  5.7236E+00  1.7471E+01  9.9999E-01  1.0000E+00  1.0007E+00  1.0051E+00  1.0070E+00
  As   33    0  2.1880E+00  3.4406E+00  8.5104E+00  2.4865E+01  9.9996E-01  9.9996E-01  9.9679E-01  9.9406E-01  9.9234E-01
  Se   34    0  1.4152E+00  1.6909E+00  3.6139E+00  1.1466E+01  9.9998E-01  9.9999E-01  9.9985E-01  1.0002E+00  1.0008E+00
  Br   35    0  1.2982E+00  1.4926E+00  3.4569E+00  1.1563E+01  1.0000E+00  9.9995E-01  9.9503E-01  9.8899E-01  9.8589E-01
  Kr   36    0  1.1477E+00  1.2765E+00  2.2785E+00  5.5721E+00  9.9998E-01  1.0000E+00  1.0029E+00  1.0098E+00  1.0127E+00
  Rb   37    0  1.2774E+00  1.5645E+00  2.9783E+00  6.5047E+00  9.9996E-01  9.9997E-01  9.9799E-01  9.9137E-01  9.8841E-01
  Sr   38    0  1.2454E+00  1.5163E+00  2.4347E+00  3.9466E+00  1.0000E+00  1.0000E+00  1.0097E+00  1.0388E+00  1.0523E+00
  Y    39    0  1.1348E+00  1.2748E+00  1.7937E+00  3.0373E+00  1.0000E+00  1.0000E+00  1.0006E+00  1.0028E+00  1.0040E+00
  Zr   40    0  1.0324E+00  1.0881E+00  1.3427E+00  2.0180E+00  9.7102E-01  9.7102E-01  9.7098E-01  9.7152E-01  9.7170E-01
  Nb   41    0  9.8765E-01  1.0094E+00  1.2024E+00  1.8853E+00  9.9999E-01  1.0000E+00  9.8830E-01  9.7664E-01  9.6922E-01
  Mo   42    0  1.1814E+00  1.1977E+00  1.2817E+00  1.5272E+00  1.1538E+00  1.1538E+00  1.1621E+00  1.1710E+00  1.1766E+00
  Xe   54    0  9.7440E-01  9.6639E-01  9.8475E-01  1.0494E+00  1.0000E+00  1.0000E+00  9.9761E-01  9.9293E-01  9.9040E-01
  Cs   55    0  9.4450E-01  9.3483E-01  9.1606E-01  9.9786E-01  9.9996E-01  9.9996E-01  9.8518E-01  9.6641E-01  9.5587E-01
  Ba   56    0  1.0161E+00  1.0509E+00  1.1768E+00  1.3712E+00  1.0000E+00  1.0000E+00  1.0037E+00  1.0127E+00  1.0172E+00
  La   57    0  1.0088E+00  1.0392E+00  1.1717E+00  1.4232E+00  9.9996E-01  1.0000E+00  1.0004E+00  1.0019E+00  1.0025E+00
  Ce   58    0  9.9068E-01  9.9446E-01  1.0550E+00  1.1854E+00  1.0000E+00  1.0000E+00  1.0003E+00  1.0011E+00  1.0015E+00
  Pr   59    0  9.7898E-01  9.6185E-01  9.9895E-01  1.1852E+00  9.9998E-01  9.9998E-01  9.9400E-01  9.8188E-01  9.7577E-01
  Nd   60    0  1.0037E+00  1.0201E+00  1.0682E+00  1.1824E+00  9.9999E-01  1.0000E+00  1.0006E+00  1.0007E+00  1.0009E+00
  Hg   80    0  9.8840E-01  9.8235E-01  1.0184E+00  1.0843E+00  9.9998E-01  1.0000E+00  1.0049E+00  1.0156E+00  1.0210E+00
  Tl   81    0  9.7669E-01  9.7723E-01  1.0091E+00  1.0901E+00  9.9998E-01  1.0000E+00  9.9791E-01  9.9606E-01  9.9447E-01
  Pb   82    0  9.9217E-01  9.9921E-01  1.0589E+00  1.1731E+00  9.9999E-01  1.0000E+00  1.0012E+00  1.0044E+00  1.0061E+00
  Bi   83    0  9.7109E-01  9.5710E-01  9.5912E-01  9.7896E-01  9.9999E-01  1.0000E+00  9.9970E-01  9.9852E-01  9.9801E-01
  ele   Z    A    013a150     015a150     020a150     025a150     030a150     040a150     060a150     080a150     120a150
  H     1    0  6.0012E-01  5.0257E-01  4.9392E-01  4.6763E-01  6.3577E-01  6.0229E-01  5.6841E-01  5.4988E-01  4.7864E-01
  He    2    0  1.3570E+00  1.1971E+00  1.3741E+00  1.3891E+00  1.9183E+00  1.9977E+00  2.0561E+00  2.0888E+00  2.3285E+00
  Li    3    0  6.2629E-04  9.3626E-04  1.7352E-03  2.3723E-03  3.4602E-03  3.5830E-03  5.2945E-03  2.4481E-03  2.2560E-03
  Be    4    0  1.0436E-03  1.4951E-03  2.7644E-03  4.0502E-03  5.9707E-03  5.2890E-03  5.8459E-03  3.3372E-03  3.1330E-03
  B     5    0  6.4137E-02  5.4605E-02  4.9645E-02  4.4097E-02  5.9994E-02  5.8177E-02  6.1140E-02  5.0369E-02  5.6898E-02
  C     6    0  1.4189E+01  1.0880E+01  2.6814E+01  2.6968E+01  6.9080E+00  8.1012E+00  1.1598E+01  1.3120E+01  9.1605E+00
  N     7    0  5.1592E+00  4.1740E+00  5.5878E+00  5.4942E+00  8.2094E+00  8.8174E+00  8.5264E+00  8.6918E+00  8.7673E+00
  O     8    0  2.0846E+01  2.3638E+01  2.6037E+01  2.8091E+01  9.6522E-01  9.1076E-01  9.7339E-01  1.0992E+00  6.4118E-01
  F     9    0  2.6036E+00  9.0780E+01  1.2868E+01  1.3933E+00  4.8800E-01  5.1287E-01  9.4761E-01  4.8584E-01  5.5680E-01
  Ne   10    0  4.1546E+00  5.2129E+00  6.2611E+00  1.4191E+01  1.3130E+00  1.4296E+00  1.8213E+00  1.9932E+00  1.9008E+00
  Na   11    0  4.5737E+00  4.3931E+00  5.9853E+00  1.1000E+01  4.0623E+00  4.5418E+00  4.9636E+00  5.2701E+00  5.6698E+00
  Mg   12    0  2.8754E+00  3.9409E+00  4.9655E+00  8.4361E+00  9.9091E-01  9.8952E-01  9.8769E-01  9.8944E-01  9.7425E-01
  Al   13    0  2.9581E+00  2.8346E+00  4.5443E+00  1.0411E+01  1.1885E+00  1.2281E+00  1.3149E+00  1.3807E+00  1.5587E+00
  Si   14    0  2.6188E+01  1.2423E+01  3.6458E+01  3.0552E+01  1.0002E+00  1.0002E+00  1.0004E+00  1.0008E+00  1.0008E+00
  P    15    0  1.4089E+01  1.2505E+01  2.1402E+01  2.3106E+01  1.0036E+00  1.0048E+00  1.0083E+00  1.0186E+00  1.0159E+00
  S    16    0  3.3087E+01  1.2691E+01  4.1694E+01  3.0756E+01  1.0000E+00  1.0000E+00  1.0001E+00  1.0001E+00  1.0001E+00
  Cl   17    0  4.9271E+00  4.5722E+00  7.2421E+00  5.2432E+00  1.0116E+00  1.0160E+00  1.0294E+00  1.0572E+00  1.0473E+00
  Ar   18    0  3.3420E+01  1.1253E+01  3.7469E+01  2.7901E+01  9.9850E-01  9.9794E-01  9.9625E-01  9.9268E-01  9.9396E-01
  K    19    0  5.8333E+00  6.6535E+00  7.5818E+00  5.1562E+00  1.0259E+00  1.0356E+00  1.0649E+00  1.1168E+00  1.1001E+00
  Ca   20    0  3.1302E+01  6.0514E+00  3.0477E+01  2.4249E+01  9.9887E-01  9.9845E-01  9.9719E-01  9.9503E-01  9.9574E-01
  Sc   21    0  7.4321E+00  1.3383E+01  1.6225E+01  1.1889E+01  1.0312E+00  1.0431E+00  1.0793E+00  1.1282E+00  1.1093E+00
  Ti   22    0  8.0939E+00  3.8734E+00  7.5758E+00  6.5120E+00  1.0005E+00  1.0007E+00  1.0013E+00  1.0029E+00  1.0023E+00
  V    23    0  1.4159E+01  3.5731E+01  1.3933E+01  9.3809E+00  1.0096E+00  1.0131E+00  1.0232E+00  1.0256E+00  1.0244E+00
  Cr   24    0  2.1199E+01  4.1493E+01  1.7186E+01  1.3376E+01  9.9980E-01  9.9975E-01  9.9950E-01  9.9927E-01  9.9938E-01
  Mn   25    0  1.6892E+01  8.8715E+01  1.4507E+01  9.8992E+00  1.0317E+00  1.0430E+00  1.0764E+00  1.1074E+00  1.0955E+00
  Fe   26    0  6.8375E+00  2.3468E+01  5.0633E+00  3.9112E+00  9.9978E-01  9.9963E-01  9.9942E-01  9.9909E-01  9.9923E-01
  Co   27    0  3.9869E+00  4.5666E+02  7.8475E+00  7.2184E+00  1.0493E+00  1.0679E+00  1.1253E+00  1.2053E+00  1.1699E+00
  Ni   28    0  4.0210E+00  1.3328E+03  4.1955E+00  3.3616E+00  9.9733E-01  9.9636E-01  9.9350E-01  9.9153E-01  9.9198E-01
  Cu   29    0  2.0597E+01  1.3059E+02  3.4501E+01  3.4980E+01  1.0319E+00  1.0437E+00  1.0805E+00  1.1776E+00  1.1398E+00
  Zn   30    0  1.1569E+01  9.2796E+02  1.9132E+01  1.9345E+01  9.9846E-01  9.9795E-01  9.9666E-01  1.0028E+00  9.9920E-01
  Ga   31    0  3.6622E+01  9.0932E+01  6.4678E+01  6.9314E+01  1.0139E+00  1.0190E+00  1.0342E+00  1.0654E+00  1.0554E+00
  Ge   32    0  1.8968E+01  5.9636E+01  3.9323E+01  3.8326E+01  1.0012E+00  1.0017E+00  1.0033E+00  1.0107E+00  1.0077E+00
  As   33    0  2.6692E+01  9.2681E+01  5.4644E+01  6.4939E+01  9.9651E-01  9.9533E-01  9.9179E-01  9.9188E-01  9.9161E-01
  Se   34    0  1.2976E+01  4.3867E+01  2.9607E+01  2.5490E+01  9.9962E-01  9.9948E-01  9.9906E-01  9.9982E-01  1.0007E+00
  Br   35    0  9.1308E+00  2.8173E+01  1.9230E+01  2.0649E+01  9.9518E-01  9.9327E-01  9.8744E-01  9.8294E-01  9.8430E-01
  Kr   36    0  8.0662E+00  2.8773E+01  1.5114E+01  1.4772E+01  1.0040E+00  1.0056E+00  1.0106E+00  1.0186E+00  1.0142E+00
  Rb   37    0  9.0292E+00  4.1930E+01  2.0136E+01  1.8861E+01  9.9643E-01  9.9510E-01  9.9112E-01  9.8573E-01  9.8745E-01
  Sr   38    0  1.0352E+01  4.1405E+01  1.3660E+01  1.6574E+01  1.0144E+00  1.0197E+00  1.0357E+00  1.0693E+00  1.0572E+00
  Y    39    0  6.1753E+00  2.4532E+01  9.6203E+00  9.0897E+00  1.0009E+00  1.0013E+00  1.0026E+00  1.0064E+00  1.0045E+00
  Zr   40    0  3.5155E+00  1.1684E+01  5.8132E+00  4.2427E+00  9.7054E-01  9.7059E-01  9.7068E-01  9.7201E-01  9.7143E-01
  Nb   41    0  1.8889E+00  5.4182E+00  3.0593E+00  2.6329E+00  9.8638E-01  9.8171E-01  9.6733E-01  9.6437E-01  9.6638E-01
  Mo   42    0  1.6609E+00  2.9102E+00  1.9887E+00  2.1106E+00  1.1658E+00  1.1691E+00  1.1790E+00  1.1807E+00  1.1804E+00
  Xe   54    0  1.0953E+00  1.6136E+00  1.2320E+00  1.2900E+00  9.9665E-01  9.9545E-01  9.9178E-01  9.8856E-01  9.8963E-01
  Cs   55    0  1.0320E+00  1.4024E+00  1.1015E+00  1.1318E+00  9.8255E-01  9.7651E-01  9.5783E-01  9.4729E-01  9.5171E-01
  Ba   56    0  1.3611E+00  1.9654E+00  1.5529E+00  1.6845E+00  1.0050E+00  1.0069E+00  1.0126E+00  1.0226E+00  1.0189E+00
  La   57    0  1.2187E+00  1.5896E+00  1.4626E+00  1.5269E+00  1.0006E+00  1.0008E+00  1.0015E+00  1.0037E+00  1.0028E+00
  Ce   58    0  1.0979E+00  1.2529E+00  1.2335E+00  1.2565E+00  1.0003E+00  1.0005E+00  1.0009E+00  1.0020E+00  1.0016E+00
  Pr   59    0  1.0385E+00  1.3949E+00  1.9039E+00  1.1798E+00  9.9209E-01  9.8933E-01  9.8107E-01  9.7125E-01  9.7380E-01
  Nd   60    0  1.0891E+00  1.1179E+00  1.0683E+00  1.3397E+00  1.0005E+00  1.0007E+00  1.0012E+00  1.0009E+00  1.0010E+00
  Hg   80    0  1.1103E+00  1.1471E+00  1.1279E+00  1.1000E+00  1.0067E+00  1.0091E+00  1.0162E+00  1.0244E+00  1.0226E+00
  Tl   81    0  9.9863E-01  1.0200E+00  9.9611E-01  1.0508E+00  9.9745E-01  9.9657E-01  9.9394E-01  9.9476E-01  9.9409E-01
  Pb   82    0  1.0712E+00  1.1086E+00  1.1618E+00  1.1925E+00  1.0017E+00  1.0023E+00  1.0042E+00  1.0080E+00  1.0066E+00
  Bi   83    0  9.0645E-01  8.1775E-01  8.9964E-01  9.1076E-01  9.9950E-01  9.9935E-01  9.9886E-01  9.9753E-01  9.9785E-01
  ele   Z    A    013a300     015a300     020a300     025a300     030a300     040a300     060a300     080a300     120a300
  H     1    0  5.1180E-01  5.0066E-01  4.6624E-01  3.9697E-01  5.2507E-01  5.0577E-01  4.1139E-01  4.1241E-01  4.2395E-01
  He    2    0  1.4070E+00  1.3673E+00  1.3480E+00  1.5044E+00  2.1985E+00  2.2345E+00  2.5209E+00  2.5411E+00  2.5261E+00
  Li    3    0  2.9189E-04  5.2142E-04  1.1210E-03  1.9286E-03  2.8331E-03  3.5629E-03  2.6063E-03  2.3980E-03  9.8925E-04
  Be    4    0  4.2959E-04  7.5325E-04  1.5657E-03  2.6230E-03  4.4941E-03  5.7025E-03  4.0076E-03  3.7958E-03  1.7493E-03
  B     5    0  1.6663E-02  1.7194E-02  1.5258E-02  1.8886E-02  3.2199E-02  4.0642E-02  3.6423E-02  3.8322E-02  2.7553E-02
  C     6    0  2.0531E+01  1.7941E+01  2.4989E+01  2.8506E+01  8.7649E+00  1.0703E+01  8.3634E+00  6.0387E+00  4.3942E+00
  N     7    0  6.8539E+00  8.3031E+00  1.0989E+01  6.6723E+00  1.0048E+01  9.5798E+00  9.3931E+00  9.9630E+00  1.0547E+01
  O     8    0  2.3636E+01  2.6210E+01  2.9626E+01  3.0039E+01  9.0655E-01  8.7212E-01  5.1002E-01  3.8409E-01  2.8047E-01
  F     9    0  9.2708E+01  1.7324E+01  1.4769E+01  8.9859E-01  5.1766E-01  7.5637E-01  8.9535E-01  3.5788E-01  2.4933E-01
  Ne   10    0  8.4477E+00  9.4528E+00  8.9568E+00  1.9158E+01  1.4802E+00  1.7218E+00  1.7676E+00  1.5255E+00  1.3200E+00
  Na   11    0  7.8047E+00  7.1457E+00  8.8653E+00  1.6871E+01  4.9092E+00  5.1617E+00  5.8564E+00  6.0562E+00  6.2676E+00
  Mg   12    0  4.8468E+00  5.2588E+00  5.5464E+00  9.4516E+00  9.8751E-01  9.8563E-01  9.7416E-01  9.7352E-01  9.7465E-01
  Al   13    0  4.3847E+00  4.7120E+00  5.9636E+00  1.2423E+01  1.2498E+00  1.2972E+00  1.4783E+00  1.5141E+00  1.5576E+00
  Si   14    0  3.0139E+01  3.1611E+01  3.8562E+01  2.8226E+01  1.0003E+00  1.0003E+00  1.0005E+00  1.0005E+00  1.0005E+00
  P    15    0  1.1780E+01  2.2890E+01  3.4407E+01  2.3317E+01  1.0058E+00  1.0074E+00  1.0066E+00  1.0092E+00  1.0063E+00
  S    16    0  4.7480E+01  3.3820E+01  4.3575E+01  2.8520E+01  1.0000E+00  1.0000E+00  1.0001E+00  1.0000E+00  1.0000E+00
  Cl   17    0  7.9708E+00  1.1677E+01  8.4503E+00  5.4551E+00  1.0190E+00  1.0248E+00  1.0219E+00  1.0262E+00  1.0181E+00
  Ar   18    0  5.5393E+01  3.0205E+01  3.9266E+01  2.5892E+01  9.9757E-01  9.9682E-01  9.9729E-01  9.9666E-01  9.9767E-01
  K    19    0  2.0439E+01  2.6437E+01  8.2940E+00  5.2640E+00  1.0419E+00  1.0552E+00  1.0498E+00  1.0555E+00  1.0386E+00
  Ca   20    0  5.6931E+01  1.9098E+01  3.0977E+01  2.2557E+01  9.9818E-01  9.9761E-01  9.9793E-01  9.9764E-01  9.9835E-01
  Sc   21    0  2.5088E+01  3.0960E+01  1.5859E+01  1.3897E+01  1.0497E+00  1.0665E+00  1.0613E+00  1.0602E+00  1.0419E+00
  Ti   22    0  8.7399E+00  9.2018E+00  9.0848E+00  6.5111E+00  1.0008E+00  1.0011E+00  1.0010E+00  1.0013E+00  1.0009E+00
  V    23    0  1.3771E+01  4.1628E+01  1.8143E+01  8.9202E+00  1.0147E+00  1.0203E+00  1.0200E+00  1.0144E+00  1.0100E+00
  Cr   24    0  1.8440E+01  3.1179E+01  1.8245E+01  1.2883E+01  9.9966E-01  9.9960E-01  9.9966E-01  9.9963E-01  9.9973E-01
  Mn   25    0  1.8422E+01  6.0748E+01  1.7126E+01  9.3860E+00  1.0497E+00  1.0667E+00  1.0625E+00  1.0554E+00  1.0385E+00
  Fe   26    0  7.3162E+00  1.6693E+01  5.3832E+00  3.8372E+00  9.9957E-01  9.9945E-01  9.9962E-01  9.9952E-01  9.9967E-01
  Co   27    0  8.4302E+00  8.6116E+00  4.9857E+00  7.6997E+00  1.0782E+00  1.1051E+00  1.0976E+00  1.0944E+00  1.0655E+00
  Ni   28    0  5.7937E+00  2.5873E+01  4.5260E+00  3.4184E+00  9.9589E-01  9.9439E-01  9.9470E-01  9.9545E-01  9.9681E-01
  Cu   29    0  2.9461E+01  3.4828E+01  4.6623E+01  4.1898E+01  1.0525E+00  1.0681E+00  1.0598E+00  1.0788E+00  1.0541E+00
  Zn   30    0  1.4437E+01  2.2750E+01  3.2687E+01  2.3873E+01  9.9787E-01  9.9685E-01  9.9657E-01  9.9949E-01  9.9956E-01
  Ga   31    0  5.1527E+01  8.8474E+01  1.6339E+02  9.4257E+01  1.0225E+00  1.0295E+00  1.0267E+00  1.0313E+00  1.0216E+00
  Ge   32    0  3.3278E+01  6.1753E+01  9.1038E+01  5.3706E+01  1.0022E+00  1.0027E+00  1.0021E+00  1.0042E+00  1.0029E+00
  As   33    0  5.2417E+01  9.6814E+01  1.5668E+02  9.0773E+01  9.9479E-01  9.9261E-01  9.9225E-01  9.9479E-01  9.9642E-01
  Se   34    0  2.7951E+01  5.4069E+01  9.8001E+01  3.8541E+01  9.9938E-01  9.9921E-01  9.9944E-01  1.0002E+00  1.0002E+00
  Br   35    0  2.1529E+01  4.9077E+01  6.4135E+01  3.2587E+01  9.9250E-01  9.8917E-01  9.8860E-01  9.9054E-01  9.9345E-01
  Kr   36    0  1.8157E+01  5.4120E+01  7.6346E+01  2.3524E+01  1.0066E+00  1.0088E+00  1.0080E+00  1.0081E+00  1.0056E+00
  Rb   37    0  2.2622E+01  7.8146E+01  1.2291E+02  2.9089E+01  9.9441E-01  9.9249E-01  9.9316E-01  9.9300E-01  9.9512E-01
  Sr   38    0  2.2517E+01  9.2379E+01  1.1616E+02  2.6600E+01  1.0233E+00  1.0305E+00  1.0270E+00  1.0321E+00  1.0221E+00
  Y    39    0  1.5139E+01  6.7543E+01  8.3332E+01  1.4478E+01  1.0016E+00  1.0021E+00  1.0019E+00  1.0024E+00  1.0016E+00
  Zr   40    0  7.3652E+00  3.6869E+01  5.4996E+01  6.3023E+00  9.7062E-01  9.7061E-01  9.7055E-01  9.7101E-01  9.7086E-01
  Nb   41    0  4.5309E+00  2.4566E+01  2.0686E+01  3.8320E+00  9.7979E-01  9.7127E-01  9.7010E-01  9.7957E-01  9.8596E-01
  Mo   42    0  2.4228E+00  1.0022E+01  1.0682E+01  2.6679E+00  1.1706E+00  1.1763E+00  1.1769E+00  1.1707E+00  1.1663E+00
  Xe   54    0  1.4418E+00  5.2345E+00  4.4647E+00  1.4808E+00  9.9478E-01  9.9295E-01  9.9337E-01  9.9415E-01  9.9592E-01
  Cs   55    0  1.2928E+00  4.8328E+00  4.0414E+00  1.1973E+00  9.7371E-01  9.6309E-01  9.6233E-01  9.7108E-01  9.8008E-01
  Ba   56    0  1.9086E+00  5.6771E+00  5.0559E+00  1.9906E+00  1.0080E+00  1.0108E+00  1.0100E+00  1.0106E+00  1.0073E+00
  La   57    0  1.7457E+00  4.0977E+00  3.3108E+00  1.7518E+00  1.0010E+00  1.0013E+00  1.0011E+00  1.0015E+00  1.0010E+00
  Ce   58    0  1.3327E+00  2.3069E+00  2.0758E+00  1.3733E+00  1.0006E+00  1.0007E+00  1.0007E+00  1.0009E+00  1.0006E+00
  Pr   59    0  1.3824E+00  3.0313E+00  2.4796E+00  1.2668E+00  9.8766E-01  9.8340E-01  9.8441E-01  9.8496E-01  9.8959E-01
  Nd   60    0  1.1479E+00  1.5287E+00  1.6336E+00  1.4411E+00  1.0007E+00  1.0011E+00  1.0013E+00  1.0007E+00  1.0004E+00
  Hg   80    0  1.1144E+00  1.4432E+00  1.6329E+00  1.1653E+00  1.0106E+00  1.0141E+00  1.0132E+00  1.0128E+00  1.0089E+00
  Tl   81    0  1.0905E+00  1.2917E+00  1.2802E+00  1.1047E+00  9.9624E-01  9.9462E-01  9.9441E-01  9.9650E-01  9.9755E-01
  Pb   82    0  1.2055E+00  1.3534E+00  1.4067E+00  1.2753E+00  1.0027E+00  1.0036E+00  1.0033E+00  1.0037E+00  1.0025E+00
  Bi   83    0  9.1537E-01  9.1680E-01  8.8600E-01  9.1932E-01  9.9920E-01  9.9899E-01  9.9918E-01  9.9877E-01  9.9915E-01
  ele   Z    A    013b000     015b000     020b000     025b000     030b000     040b000     060b000     080b000     120b000
  H     1    0  7.2446E-01  6.9781E-01  6.3525E-01  6.0318E-01  9.9980E-01  9.4986E-01  8.8176E-01  7.7055E-01  6.1081E-01
  He    2    0  1.5939E+00  1.4253E+00  1.5117E+00  1.3755E+00  1.0001E+00  1.1495E+00  1.3530E+00  1.6855E+00  2.1420E+00
  Li    3    0  2.8298E-03  4.8980E-03  1.1059E-02  1.1261E-02  1.7612E-01  3.5959E-02  4.0419E-02  2.1278E-02  1.8085E-02
  Be    4    0  8.8134E-03  8.4010E-03  1.3657E-02  1.7094E-02  2.5944E-01  5.0309E-02  3.9143E-02  2.2416E-02  1.9162E-02
  B     5    0  1.5335E-01  1.4752E-01  1.3349E-01  1.2958E-01  8.9588E-01  3.9497E-01  3.2950E-01  1.8643E-01  1.5443E-01
  C     6    0  2.6445E+01  4.3971E+01  5.0087E+01  6.8803E+01  9.9992E-01  8.4495E-01  6.8640E-01  4.9981E-01  7.9390E+00
  N     7    0  9.6234E+00  8.7200E+00  8.5612E+00  8.0308E+00  9.9992E-01  5.5204E+00  1.0542E+01  1.7802E+01  2.1875E+01
  O     8    0  1.1937E+01  3.1567E+01  3.5748E+01  5.8693E+01  9.9992E-01  8.6905E-01  7.1948E-01  4.9086E-01  1.2309E+00
  F     9    0  6.6859E-01  6.3531E-01  6.9222E-01  2.2274E+00  9.9992E-01  8.6453E-01  6.8677E-01  4.7452E-01  3.4728E-01
  Ne   10    0  3.6796E+01  5.8071E+01  2.0751E+02  1.6752E+02  9.9993E-01  9.7826E-01  9.4968E-01  9.0348E-01  1.1009E+00
  Na   11    0  1.3350E+01  2.6114E+01  6.9795E+01  8.5168E+01  9.9992E-01  2.0256E+00  3.3790E+00  5.5689E+00  7.0081E+00
  Mg   12    0  1.5321E+01  1.9376E+01  5.1712E+01  3.2397E+01  9.9993E-01  9.9227E-01  9.7696E-01  9.5040E-01  9.2911E-01
  Al   13    0  2.3617E+01  3.0905E+01  6.9206E+01  5.2361E+01  9.9992E-01  1.1949E+00  1.5850E+00  2.2552E+00  3.1479E+00
  Si   14    0  3.5928E+01  7.5297E+01  5.2247E+01  8.5277E+01  9.9990E-01  1.0000E+00  1.0001E+00  1.0004E+00  1.0014E+00
  P    15    0  3.7811E+01  6.2706E+01  5.5505E+01  7.3469E+01  9.9993E-01  1.0000E+00  1.0001E+00  1.0003E+00  1.0240E+00
  S    16    0  3.7240E+01  8.7540E+01  4.9256E+01  1.0361E+02  9.9993E-01  9.9998E-01  9.9998E-01  1.0000E+00  1.0001E+00
  Cl   17    0  6.5287E+00  1.2618E+01  8.8816E+00  1.7316E+01  9.9993E-01  9.9998E-01  9.9999E-01  1.0000E+00  1.0509E+00
  Ar   18    0  3.4698E+01  8.0133E+01  4.2752E+01  9.6926E+01  9.9994E-01  9.9995E-01  1.0000E+00  1.0000E+00  9.9702E-01
  K    19    0  8.3569E+00  1.7177E+01  1.1204E+01  1.6748E+01  9.9991E-01  9.9998E-01  9.9998E-01  9.9998E-01  1.0580E+00
  Ca   20    0  3.2368E+01  7.3105E+01  3.6992E+01  9.1014E+01  9.9990E-01  9.9997E-01  9.9997E-01  9.9997E-01  9.9907E-01
  Sc   21    0  4.8235E+00  9.7003E+00  1.5425E+01  3.0446E+01  9.9994E-01  9.9998E-01  9.9998E-01  1.0000E+00  1.1393E+00
  Ti   22    0  1.4688E+01  1.9675E+01  1.3351E+01  2.2176E+01  9.9992E-01  9.9998E-01  9.9998E-01  1.0000E+00  1.0028E+00
  V    23    0  2.1629E+01  5.5026E+01  3.6707E+01  4.4992E+01  9.9992E-01  9.9998E-01  9.9998E-01  1.0000E+00  9.9874E-01
  Cr   24    0  5.2061E+01  1.1466E+02  7.0595E+01  1.1814E+02  9.9990E-01  9.9997E-01  9.9997E-01  1.0000E+00  9.9959E-01
  Mn   25    0  2.7239E+01  6.9405E+01  4.3390E+01  5.6884E+01  9.9996E-01  9.9996E-01  9.9996E-01  9.9996E-01  1.0025E+00
  Fe   26    0  5.0491E+01  4.5825E+01  3.3437E+01  2.7473E+01  9.9991E-01  9.9999E-01  9.9999E-01  9.9999E-01  9.9929E-01
  Co   27    0  2.4461E+01  9.6855E+00  1.1200E+01  6.0831E+00  9.9993E-01  9.9998E-01  9.9998E-01  1.0000E+00  1.1157E+00
  Ni   28    0  4.7383E+01  1.9593E+01  1.8295E+01  6.9440E+00  9.9993E-01  9.9997E-01  9.9999E-01  1.0000E+00  1.0062E+00
  Cu   29    0  4.6402E+00  7.3017E+00  1.4052E+01  3.4068E+01  9.9992E-01  9.9996E-01  9.9999E-01  1.0000E+00  1.2084E+00
  Zn   30    0  8.6312E+00  4.9164E+00  7.4755E+00  2.0536E+01  9.9992E-01  9.9997E-01  9.9998E-01  1.0000E+00  1.0417E+00
  Ga   31    0  2.6426E+00  6.2201E+00  1.2718E+01  5.8449E+01  9.9993E-01  9.9998E-01  9.9998E-01  1.0000E+00  1.0462E+00
  Ge   32    0  2.0068E+00  4.2088E+00  7.4080E+00  4.0898E+01  9.9993E-01  9.9997E-01  9.9999E-01  1.0000E+00  1.0186E+00
  As   33    0  1.8774E+00  4.3460E+00  7.6249E+00  6.0331E+01  9.9991E-01  1.0000E+00  1.0000E+00  1.0000E+00  1.0092E+00
  Se   34    0  1.5095E+00  2.2122E+00  3.5174E+00  2.5903E+01  9.9993E-01  9.9997E-01  9.9998E-01  1.0000E+00  1.0042E+00
  Br   35    0  1.3961E+00  1.7103E+00  3.1916E+00  2.2638E+01  9.9993E-01  9.9998E-01  9.9998E-01  1.0000E+00  9.9949E-01
  Kr   36    0  1.2222E+00  1.3852E+00  2.1024E+00  1.1083E+01  9.9992E-01  9.9997E-01  1.0000E+00  1.0000E+00  1.0090E+00
  Rb   37    0  1.2711E+00  1.5054E+00  2.2090E+00  1.4200E+01  9.9990E-01  9.9996E-01  9.9997E-01  9.9998E-01  1.0010E+00
  Sr   38    0  1.3122E+00  1.8127E+00  2.7645E+00  1.1614E+01  9.9994E-01  9.9997E-01  9.9999E-01  1.0000E+00  1.0351E+00
  Y    39    0  1.1828E+00  1.5754E+00  2.1197E+00  7.5316E+00  9.9995E-01  9.9995E-01  9.9995E-01  1.0000E+00  1.0137E+00
  Zr   40    0  1.0452E+00  1.2021E+00  1.4415E+00  3.6212E+00  9.7560E-01  9.7158E-01  9.7153E-01  9.7114E-01  9.7514E-01
  Nb   41    0  9.8819E-01  1.0109E+00  1.2501E+00  2.2464E+00  9.9992E-01  9.9997E-01  9.9997E-01  1.0000E+00  9.9940E-01
  Mo   42    0  1.1903E+00  1.2458E+00  1.3125E+00  1.7566E+00  1.1290E+00  1.1507E+00  1.1510E+00  1.1531E+00  1.1530E+00
  Xe   54    0  9.7016E-01  9.5063E-01  9.7714E-01  1.1677E+00  9.9992E-01  9.9997E-01  9.9998E-01  1.0000E+00  9.9751E-01
  Cs   55    0  9.3306E-01  9.1220E-01  9.2350E-01  1.1115E+00  9.9992E-01  1.0000E+00  1.0000E+00  1.0000E+00  9.9347E-01
  Ba   56    0  1.0318E+00  1.0734E+00  1.2162E+00  1.5136E+00  9.9990E-01  9.9998E-01  9.9998E-01  9.9999E-01  1.0089E+00
  La   57    0  1.0188E+00  1.0582E+00  1.2080E+00  1.5151E+00  9.9993E-01  1.0000E+00  1.0000E+00  1.0000E+00  1.0050E+00
  Ce   58    0  9.9693E-01  1.0021E+00  1.0858E+00  1.2550E+00  9.9992E-01  9.9998E-01  9.9998E-01  1.0000E+00  1.0019E+00
  Pr   59    0  9.7074E-01  9.8233E-01  9.8680E-01  1.2030E+00  9.9993E-01  9.9998E-01  9.9998E-01  1.0000E+00  9.9697E-01
  Nd   60    0  1.0109E+00  1.0493E+00  1.0828E+00  1.2247E+00  9.9992E-01  9.9997E-01  9.9998E-01  1.0000E+00  1.0007E+00
  Hg   80    0  9.9109E-01  9.7198E-01  1.0344E+00  1.1184E+00  9.9993E-01  9.9998E-01  9.9998E-01  1.0000E+00  1.0018E+00
  Tl   81    0  9.7712E-01  9.6225E-01  1.0302E+00  1.1274E+00  9.9993E-01  9.9997E-01  9.9999E-01  1.0000E+00  1.0015E+00
  Pb   82    0  9.9797E-01  1.0014E+00  1.0787E+00  1.1822E+00  9.9993E-01  9.9996E-01  9.9999E-01  1.0000E+00  1.0036E+00
  Bi   83    0  9.6896E-01  9.3694E-01  9.5647E-01  9.3018E-01  9.9992E-01  9.9998E-01  9.9998E-01  1.0000E+00  9.9924E-01
  ele   Z    A    013b150     015b150     020b150     025b150     030b150     040b150     060b150     080b150     120b150
  H     1    0  5.7649E-01  5.3915E-01  4.8357E-01  4.6805E-01  8.6243E-01  7.9049E-01  6.2573E-01  5.9687E-01  4.3487E-01
  He    2    0  1.4175E+00  1.3892E+00  1.3737E+00  1.3199E+00  1.4109E+00  1.6260E+00  1.9824E+00  2.0013E+00  2.5760E+00
  Li    3    0  1.6555E-02  2.6586E-02  9.5072E-03  5.3557E-03  9.5557E-03  3.5904E-02  7.2407E-01  4.5280E-01  1.3544E-03
  Be    4    0  3.8832E-04  5.8092E-04  1.1806E-03  1.7686E-03  1.4682E-02  5.4862E-03  1.4036E-03  1.7226E-03  1.9464E-03
  B     5    0  4.7810E-02  4.2973E-02  3.6710E-02  3.2417E-02  1.2579E-01  3.9763E-02  2.6129E-02  2.4805E-02  3.3875E-02
  C     6    0  6.4535E+01  7.0980E+01  7.7503E+01  7.0870E+01  5.3020E-01  1.7866E-01  6.7221E+01  9.7673E+01  5.5954E+01
  N     7    0  9.1691E+01  1.0659E+02  1.1319E+02  5.4428E+01  1.4300E+01  2.3846E+01  2.0373E+01  1.9653E+01  2.2645E+01
  O     8    0  5.5942E+01  7.2522E+01  9.4528E+01  1.0673E+02  6.1858E-01  3.4826E-01  2.3198E+00  3.9314E+00  1.8332E+00
  F     9    0  3.7275E+01  1.2334E+02  4.8293E+02  4.4934E+02  5.7702E-01  1.5628E-01  1.9952E+00  1.5775E+00  1.6649E+00
  Ne   10    0  5.9247E+01  7.9987E+01  9.3278E+01  2.3813E+02  9.4077E-01  8.9807E-01  3.9428E+00  4.8094E+00  3.6264E+00
  Na   11    0  2.3646E+01  3.1560E+01  2.9868E+01  6.9847E+01  3.7841E+00  5.7871E+00  6.6641E+00  6.8242E+00  8.6100E+00
  Mg   12    0  1.3262E+01  2.4417E+01  3.0616E+01  5.1162E+01  9.8220E-01  9.7098E-01  9.3998E-01  9.5026E-01  9.0047E-01
  Al   13    0  1.7854E+01  3.9900E+01  5.1485E+01  9.0390E+01  1.4773E+00  1.8557E+00  2.7667E+00  2.9729E+00  3.9307E+00
  Si   14    0  1.1535E+02  1.1469E+02  1.2759E+02  8.7498E+01  1.0001E+00  1.0002E+00  1.0019E+00  1.0030E+00  1.0032E+00
  P    15    0  6.7355E+01  7.2950E+01  1.2779E+02  1.1502E+02  1.0002E+00  1.0003E+00  1.1018E+00  1.1547E+00  1.1097E+00
  S    16    0  2.5313E+02  2.0380E+02  1.6642E+02  1.0683E+02  1.0000E+00  1.0000E+00  1.0002E+00  1.0003E+00  1.0002E+00
  Cl   17    0  1.0112E+02  1.3143E+01  2.7053E+01  2.0966E+01  1.0000E+00  1.0000E+00  1.2486E+00  1.3917E+00  1.2710E+00
  Ar   18    0  3.3553E+02  2.4601E+02  1.6623E+02  1.0855E+02  1.0000E+00  1.0000E+00  9.8575E-01  9.7759E-01  9.8447E-01
  K    19    0  5.0296E+02  1.6751E+01  3.6922E+01  2.6079E+01  9.9998E-01  1.0000E+00  1.4196E+00  1.6300E+00  1.4486E+00
  Ca   20    0  3.9331E+02  3.0007E+02  1.6691E+02  1.1230E+02  9.9997E-01  1.0000E+00  9.9224E-01  9.8845E-01  9.9177E-01
  Sc   21    0  1.4825E+02  4.3651E+01  4.0901E+01  4.8527E+01  1.0000E+00  1.0000E+00  1.5078E+00  1.7907E+00  1.5415E+00
  Ti   22    0  4.5456E+01  3.3323E+01  3.3313E+01  2.4524E+01  1.0000E+00  1.0000E+00  1.0062E+00  1.0109E+00  1.0072E+00
  V    23    0  8.6069E+01  8.1289E+01  5.6732E+01  3.9542E+01  1.0000E+00  1.0000E+00  1.0134E+00  1.0113E+00  1.0070E+00
  Cr   24    0  1.7444E+02  1.8280E+02  1.5591E+02  1.1125E+02  1.0000E+00  1.0000E+00  9.9891E-01  9.9820E-01  9.9887E-01
  Mn   25    0  9.2105E+01  1.0940E+02  7.0631E+01  5.0234E+01  9.9996E-01  1.0001E+00  1.1103E+00  1.1424E+00  1.0994E+00
  Fe   26    0  5.5042E+01  5.0835E+01  3.5133E+01  2.7021E+01  9.9999E-01  9.9999E-01  9.9863E-01  9.9769E-01  9.9858E-01
  Co   27    0  9.3663E+00  6.5736E+00  5.5251E+00  5.2627E+00  1.0000E+00  1.0000E+00  1.3303E+00  1.5538E+00  1.3633E+00
  Ni   28    0  1.6620E+01  2.0597E+01  9.0876E+00  7.5951E+00  1.0000E+00  1.0000E+00  9.9320E-01  9.9525E-01  9.9477E-01
  Cu   29    0  2.7864E+01  4.4152E+01  5.1146E+01  5.8784E+01  1.0000E+00  1.0000E+00  1.4063E+00  1.7060E+00  1.4558E+00
  Zn   30    0  1.7279E+01  3.0100E+01  4.1179E+01  5.1613E+01  1.0000E+00  1.0000E+00  1.0329E+00  1.0725E+00  1.0406E+00
  Ga   31    0  5.4479E+01  1.2546E+02  1.9833E+02  2.5103E+02  1.0000E+00  1.0000E+00  1.1180E+00  1.1900E+00  1.1309E+00
  Ge   32    0  4.3639E+01  8.6478E+01  1.3891E+02  2.0186E+02  1.0000E+00  1.0000E+00  1.0303E+00  1.0554E+00  1.0357E+00
  As   33    0  5.1471E+01  1.4700E+02  2.8791E+02  3.8009E+02  1.0000E+00  1.0000E+00  9.9810E-01  1.0063E+00  1.0015E+00
  Se   34    0  3.8197E+01  7.0891E+01  1.2976E+02  2.0702E+02  1.0000E+00  1.0000E+00  1.0027E+00  1.0053E+00  1.0052E+00
  Br   35    0  3.4318E+01  6.8102E+01  1.2507E+02  2.2202E+02  1.0000E+00  1.0000E+00  9.8416E-01  9.7931E-01  9.8660E-01
  Kr   36    0  3.7126E+01  5.6130E+01  1.0135E+02  1.8915E+02  1.0000E+00  1.0000E+00  1.0319E+00  1.0532E+00  1.0335E+00
  Rb   37    0  4.7053E+01  6.9472E+01  1.4166E+02  2.8267E+02  9.9996E-01  1.0000E+00  9.8193E-01  9.7729E-01  9.8195E-01
  Sr   38    0  4.9649E+01  9.6543E+01  2.1376E+02  4.6797E+02  1.0000E+00  1.0000E+00  1.1241E+00  1.1977E+00  1.1344E+00
  Y    39    0  3.6967E+01  6.4465E+01  1.3709E+02  2.8973E+02  1.0000E+00  1.0000E+00  1.0183E+00  1.0362E+00  1.0219E+00
  Zr   40    0  2.4335E+01  2.7955E+01  5.2594E+01  1.1800E+02  9.7055E-01  9.7060E-01  9.7603E-01  9.8125E-01  9.7726E-01
  Nb   41    0  1.3568E+01  1.6857E+01  2.4668E+01  6.4408E+01  1.0000E+00  1.0000E+00  9.7105E-01  9.6730E-01  9.7661E-01
  Mo   42    0  6.1541E+00  1.0043E+01  1.2347E+01  2.3911E+01  1.1562E+00  1.1562E+00  1.1687E+00  1.1649E+00  1.1633E+00
  Xe   54    0  3.0253E+00  3.8946E+00  5.4079E+00  1.1032E+01  1.0000E+00  1.0000E+00  9.8724E-01  9.8096E-01  9.8716E-01
  Cs   55    0  2.6160E+00  3.7020E+00  4.4512E+00  7.7192E+00  1.0000E+00  1.0000E+00  9.4529E-01  9.2779E-01  9.4869E-01
  Ba   56    0  3.4086E+00  4.5928E+00  6.0565E+00  1.2065E+01  9.9999E-01  9.9999E-01  1.0393E+00  1.0624E+00  1.0428E+00
  La   57    0  2.5295E+00  3.0189E+00  3.6349E+00  6.6065E+00  1.0000E+00  1.0000E+00  1.0090E+00  1.0165E+00  1.0106E+00
  Ce   58    0  1.7210E+00  1.9487E+00  2.2448E+00  3.4650E+00  1.0000E+00  1.0000E+00  1.0043E+00  1.0071E+00  1.0047E+00
  Pr   59    0  2.0445E+00  1.7728E+00  1.9100E+00  2.1921E+00  1.0000E+00  1.0000E+00  9.6435E-01  9.5168E-01  9.6451E-01
  Nd   60    0  1.3143E+00  1.7219E+00  2.1068E+00  2.7215E+00  1.0000E+00  1.0000E+00  1.0002E+00  1.0004E+00  1.0001E+00
  Hg   80    0  1.2225E+00  1.4329E+00  1.6245E+00  2.1807E+00  1.0000E+00  1.0000E+00  1.0274E+00  1.0354E+00  1.0265E+00
  Tl   81    0  1.1769E+00  1.2953E+00  1.4025E+00  1.9406E+00  1.0000E+00  1.0000E+00  1.0009E+00  1.0043E+00  1.0022E+00
  Pb   82    0  1.2622E+00  1.4295E+00  1.5602E+00  2.0002E+00  1.0000E+00  1.0000E+00  1.0143E+00  1.0231E+00  1.0159E+00
  Bi   83    0  9.1914E-01  9.0917E-01  8.9372E-01  9.5257E-01  1.0000E+00  1.0000E+00  9.9519E-01  9.9296E-01  9.9489E-01
  ele   Z    A    013b300     015b300     020b300     025b300     030b300     040b300     060b300     080b300     120b300
  H     1    0  5.3634E-01  5.0971E-01  4.7392E-01  4.5552E-01  7.7029E-01  7.3234E-01  6.0256E-01  5.2017E-01  4.4354E-01
  He    2    0  1.3308E+00  1.3385E+00  1.4276E+00  1.1111E+00  1.6842E+00  1.7544E+00  2.0193E+00  2.2952E+00  2.5506E+00
  Li    3    0  2.1001E-04  4.4806E-04  4.3079E-04  1.9764E-03  3.9066E-03  2.4876E-02  1.0474E+00  7.7259E-04  9.3085E-04
  Be    4    0  1.5452E-04  2.5224E-04  4.9850E-04  8.4482E-04  2.0654E-03  3.0156E-03  9.8852E-04  9.0566E-04  1.2342E-03
  B     5    0  1.2665E-02  1.1459E-02  4.6810E-03  6.1411E-03  1.3819E-02  1.9529E-02  1.8448E-02  7.3560E-03  1.3182E-02
  C     6    0  3.1705E+01  3.7222E+01  8.6164E+01  9.3161E+01  1.7209E-01  1.1499E+01  8.0846E+01  6.8490E+01  5.5468E+01
  N     7    0  6.9758E+01  7.7997E+01  4.9213E+01  3.6657E+01  3.0079E+01  6.6288E+01  2.6560E+01  2.0050E+01  2.2451E+01
  O     8    0  6.0708E+01  6.8125E+01  9.1618E+01  1.2440E+02  4.8064E-01  1.9275E+00  3.0833E+00  2.3536E+00  1.8761E+00
  F     9    0  3.9688E+01  1.7706E+02  3.0149E+02  9.1327E+02  2.2067E-01  2.8412E-01  1.9035E+00  2.5111E+00  2.0229E+00
  Ne   10    0  8.6003E+01  8.1275E+01  9.5552E+01  3.1559E+02  9.3751E-01  1.4329E+00  4.3911E+00  4.3189E+00  3.7714E+00
  Na   11    0  3.7005E+01  4.2733E+01  6.9501E+01  1.3721E+02  6.0489E+00  7.1263E+00  7.1766E+00  7.5009E+00  8.6753E+00
  Mg   12    0  3.9173E+01  3.3161E+01  3.2590E+01  5.9093E+01  9.7066E-01  9.6816E-01  9.4175E-01  9.2124E-01  9.0089E-01
  Al   13    0  1.0359E+01  1.1484E+01  5.3721E+01  1.1838E+02  1.7776E+00  2.0802E+00  2.8592E+00  3.3385E+00  3.8898E+00
  Si   14    0  2.4933E+02  2.4084E+02  1.2238E+02  1.0532E+02  1.0004E+00  1.0006E+00  1.0024E+00  1.0028E+00  1.0031E+00
  P    15    0  1.2600E+02  2.2254E+02  2.8961E+02  1.6607E+02  1.0021E+00  1.0296E+00  1.1325E+00  1.1203E+00  1.1100E+00
  S    16    0  4.9652E+02  5.2008E+02  1.6652E+02  1.3039E+02  1.0002E+00  1.0000E+00  1.0002E+00  1.0002E+00  1.0002E+00
  Cl   17    0  1.3323E+02  2.6304E+02  4.6630E+01  3.3169E+01  1.0038E+00  1.0682E+00  1.3303E+00  1.2961E+00  1.2712E+00
  Ar   18    0  5.9675E+02  7.8413E+02  1.5655E+02  1.3015E+02  9.9998E-01  9.9607E-01  9.8105E-01  9.8305E-01  9.8447E-01
  K    19    0  6.1436E+02  1.3020E+03  6.5282E+01  3.6055E+01  1.0063E+00  1.0970E+00  1.5379E+00  1.4931E+00  1.4505E+00
  Ca   20    0  5.9476E+02  6.4088E+02  1.2387E+02  1.3040E+02  1.0001E+00  9.9824E-01  9.9011E-01  9.9091E-01  9.9172E-01
  Sc   21    0  8.9130E+01  1.2420E+02  3.2021E+01  5.5690E+01  1.0074E+00  1.1561E+00  1.6613E+00  1.6074E+00  1.5468E+00
  Ti   22    0  8.9048E+01  1.5332E+02  3.6614E+01  2.8259E+01  1.0003E+00  1.0027E+00  1.0089E+00  1.0078E+00  1.0072E+00
  V    23    0  1.8975E+02  2.9143E+02  1.4031E+02  5.0343E+01  1.0004E+00  1.0000E+00  1.0116E+00  1.0124E+00  1.0084E+00
  Cr   24    0  2.1218E+02  1.9050E+02  1.6630E+02  1.1584E+02  1.0002E+00  9.9958E-01  9.9851E-01  9.9865E-01  9.9883E-01
  Mn   25    0  2.3467E+02  1.6734E+02  1.4718E+02  5.9249E+01  1.0019E+00  1.0163E+00  1.1282E+00  1.1174E+00  1.1026E+00
  Fe   26    0  8.4376E+01  6.2149E+01  4.4406E+01  2.8070E+01  1.0002E+00  9.9932E-01  9.9809E-01  9.9836E-01  9.9853E-01
  Co   27    0  1.9030E+01  1.5910E+01  2.8336E+00  3.7630E+00  1.0048E+00  1.1164E+00  1.4550E+00  1.4056E+00  1.3659E+00
  Ni   28    0  7.1484E+01  6.4440E+01  1.9616E+01  8.7687E+00  1.0001E+00  1.0028E+00  9.9461E-01  9.9362E-01  9.9451E-01
  Cu   29    0  1.2968E+01  1.3323E+01  1.8713E+01  5.2106E+01  1.0062E+00  1.1886E+00  1.5825E+00  1.5045E+00  1.4565E+00
  Zn   30    0  1.0911E+01  1.0675E+01  1.6512E+01  5.5550E+01  1.0007E+00  1.0313E+00  1.0562E+00  1.0444E+00  1.0402E+00
  Ga   31    0  4.6593E+01  4.7136E+01  8.9585E+01  3.2316E+02  1.0020E+00  1.0478E+00  1.1576E+00  1.1450E+00  1.1314E+00
  Ge   32    0  4.4921E+01  4.5777E+01  8.0528E+01  2.9818E+02  1.0006E+00  1.0173E+00  1.0444E+00  1.0389E+00  1.0355E+00
  As   33    0  4.7981E+01  4.8705E+01  1.1153E+02  6.0192E+02  1.0002E+00  1.0064E+00  1.0028E+00  1.0005E+00  1.0010E+00
  Se   34    0  5.3105E+01  6.3243E+01  1.2382E+02  4.0609E+02  1.0002E+00  1.0029E+00  1.0035E+00  1.0054E+00  1.0053E+00
  Br   35    0  4.8930E+01  5.0748E+01  9.0113E+01  4.4880E+02  9.9995E-01  9.9817E-01  9.8088E-01  9.8373E-01  9.8602E-01
  Kr   36    0  9.8924E+01  9.4726E+01  1.8939E+02  5.0321E+02  1.0007E+00  1.0106E+00  1.0444E+00  1.0372E+00  1.0333E+00
  Rb   37    0  1.0603E+02  8.5704E+01  2.6206E+02  7.8911E+02  9.9991E-01  9.9815E-01  9.8009E-01  9.7963E-01  9.8170E-01
  Sr   38    0  8.6333E+02  1.0349E+03  1.7978E+03  1.8389E+03  1.0021E+00  1.0400E+00  1.1667E+00  1.1477E+00  1.1348E+00
  Y    39    0  1.1732E+03  1.2733E+03  2.2915E+03  1.6460E+03  1.0004E+00  1.0112E+00  1.0287E+00  1.0240E+00  1.0218E+00
  Zr   40    0  2.0813E+03  4.7867E+03  4.2795E+03  9.8835E+02  9.7082E-01  9.7396E-01  9.7904E-01  9.7770E-01  9.7717E-01
  Nb   41    0  1.3085E+03  1.2070E+03  2.1345E+03  7.0754E+02  9.9979E-01  9.9707E-01  9.6996E-01  9.6837E-01  9.7474E-01
  Mo   42    0  1.5606E+03  1.6932E+03  4.6973E+03  4.2743E+02  1.1566E+00  1.1563E+00  1.1656E+00  1.1688E+00  1.1649E+00
  Xe   54    0  1.0195E+03  8.9395E+02  1.7734E+03  2.0158E+02  1.0000E+00  9.9688E-01  9.8396E-01  9.8477E-01  9.8677E-01
  Cs   55    0  7.8015E+02  7.7613E+02  1.5779E+03  1.4355E+02  9.9941E-01  9.8998E-01  9.3646E-01  9.3756E-01  9.4657E-01
  Ba   56    0  4.6895E+03  4.9100E+03  6.5262E+03  3.3023E+02  1.0007E+00  1.0112E+00  1.0524E+00  1.0472E+00  1.0429E+00
  La   57    0  5.6601E+03  6.4483E+03  6.6220E+03  2.1286E+02  1.0003E+00  1.0044E+00  1.0134E+00  1.0116E+00  1.0105E+00
  Ce   58    0  4.9381E+03  5.0157E+03  4.9146E+03  1.0718E+02  1.0003E+00  1.0018E+00  1.0059E+00  1.0052E+00  1.0047E+00
  Pr   59    0  1.0406E+04  4.0593E+03  4.1079E+03  6.0343E+01  9.9965E-01  9.9350E-01  9.5742E-01  9.5932E-01  9.6376E-01
  Nd   60    0  3.4077E+03  4.4881E+03  4.5523E+03  6.6442E+01  1.0002E+00  1.0003E+00  1.0003E+00  1.0004E+00  1.0002E+00
  Hg   80    0  3.5482E+03  4.2828E+03  4.7659E+03  5.1051E+01  1.0006E+00  1.0046E+00  1.0315E+00  1.0310E+00  1.0273E+00
  Tl   81    0  3.3979E+03  3.8947E+03  2.7938E+03  3.2209E+01  1.0002E+00  1.0015E+00  1.0034E+00  1.0007E+00  1.0016E+00
  Pb   82    0  3.9165E+03  4.1219E+03  2.3652E+03  1.9383E+01  1.0004E+00  1.0043E+00  1.0193E+00  1.0174E+00  1.0159E+00
  Bi   83    0  5.5570E+02  4.5709E+02  1.6441E+02  1.3945E+00  1.0001E+00  9.9881E-01  9.9390E-01  9.9435E-01  9.9487E-01
  ele   Z    A    013c000     015c000     020c000     025c000     030c000     040c000     060c000     080c000     120c000
  H     1    0  7.2208E-01  6.9157E-01  6.3508E-01  5.9766E-01  1.0003E+00  1.0008E+00  9.9932E-01  9.9999E-01  9.6802E-01
  He    2    0  1.6277E+00  1.6034E+00  1.5453E+00  1.5091E+00  1.0003E+00  1.0009E+00  9.9942E-01  1.0002E+00  1.1010E+00
  Li    3    0  2.4998E-03  1.1235E-02  1.0979E-02  1.1343E-02  1.0003E+00  1.0008E+00  9.9939E-01  5.7157E-01  7.0255E-02
  Be    4    0  3.6050E-03  1.3295E-02  1.2096E-02  1.1601E-02  1.0004E+00  1.0009E+00  9.9942E-01  5.7199E-01  7.0032E-02
  B     5    0  1.1162E-01  1.0603E-01  9.4873E-02  9.2035E-02  1.0003E+00  1.0009E+00  9.9941E-01  9.3624E-01  4.1767E-01
  C     6    0  3.1139E+02  4.4528E+02  5.0152E+02  6.3309E+02  1.0004E+00  1.0009E+00  9.9939E-01  1.0001E+00  8.4621E-01
  N     7    0  1.0734E+01  1.0470E+01  9.3401E+00  1.0262E+01  1.0003E+00  1.0009E+00  9.9941E-01  1.0001E+00  6.0129E+00
  O     8    0  1.1736E+02  2.0462E+02  3.6495E+02  5.0476E+02  1.0004E+00  1.0008E+00  9.9943E-01  1.0001E+00  8.4959E-01
  F     9    0  6.3466E-01  6.1341E-01  7.4154E-01  1.0692E+00  1.0004E+00  1.0009E+00  9.9941E-01  1.0001E+00  8.4799E-01
  Ne   10    0  8.6877E+01  2.7871E+02  2.0430E+03  2.6331E+03  1.0004E+00  1.0009E+00  9.9942E-01  1.0001E+00  9.6029E-01
  Na   11    0  1.9479E+01  3.8397E+01  4.6606E+02  6.8346E+02  1.0004E+00  1.0009E+00  9.9941E-01  1.0001E+00  2.6125E+00
  Mg   12    0  7.9970E+01  1.5632E+02  4.8137E+02  3.9651E+02  1.0003E+00  1.0009E+00  9.9941E-01  1.0001E+00  9.8215E-01
  Al   13    0  4.7304E+01  1.8519E+02  4.0353E+02  2.6678E+02  1.0003E+00  1.0009E+00  9.9940E-01  1.0001E+00  1.5593E+00
  Si   14    0  4.7937E+02  5.8934E+02  4.8760E+02  3.6788E+02  1.0003E+00  1.0008E+00  9.9939E-01  1.0001E+00  1.0018E+00
  P    15    0  2.0757E+02  3.7291E+02  2.9343E+02  1.9060E+02  1.0004E+00  1.0008E+00  9.9940E-01  1.0001E+00  1.0004E+00
  S    16    0  5.6953E+02  6.5708E+02  4.7379E+02  3.9217E+02  1.0003E+00  1.0009E+00  9.9940E-01  1.0001E+00  1.0000E+00
  Cl   17    0  4.0071E+01  6.5049E+01  3.9659E+01  3.4816E+01  1.0003E+00  1.0009E+00  9.9941E-01  1.0001E+00  1.0000E+00
  Ar   18    0  5.5498E+02  6.2444E+02  4.3537E+02  4.0129E+02  1.0003E+00  1.0009E+00  9.9939E-01  1.0001E+00  1.0000E+00
  K    19    0  8.2118E+01  9.5796E+01  6.4659E+01  3.9935E+01  1.0003E+00  1.0009E+00  9.9939E-01  1.0001E+00  1.0000E+00
  Ca   20    0  5.4509E+02  5.9705E+02  4.0811E+02  4.4594E+02  1.0003E+00  1.0008E+00  9.9940E-01  1.0001E+00  1.0000E+00
  Sc   21    0  1.9935E+01  2.3262E+01  1.9433E+01  2.0212E+01  1.0003E+00  1.0009E+00  9.9940E-01  1.0001E+00  1.0000E+00
  Ti   22    0  1.7178E+02  1.5940E+02  1.2778E+02  1.0694E+02  1.0003E+00  1.0008E+00  9.9940E-01  1.0001E+00  1.0000E+00
  V    23    0  2.7122E+02  2.9353E+02  2.7647E+02  1.1237E+02  1.0004E+00  1.0009E+00  9.9941E-01  1.0001E+00  1.0000E+00
  Cr   24    0  9.6177E+02  8.9693E+02  8.0760E+02  6.3771E+02  1.0003E+00  1.0008E+00  9.9940E-01  1.0001E+00  1.0000E+00
  Mn   25    0  4.1302E+02  4.0065E+02  3.8483E+02  1.8650E+02  1.0003E+00  1.0009E+00  9.9941E-01  1.0001E+00  1.0001E+00
  Fe   26    0  4.9623E+02  4.2615E+02  3.1625E+02  2.4276E+02  1.0003E+00  1.0008E+00  9.9941E-01  1.0001E+00  9.9999E-01
  Co   27    0  1.0738E+02  7.2219E+01  3.6751E+01  3.0169E+01  1.0004E+00  1.0009E+00  9.9942E-01  1.0001E+00  1.0000E+00
  Ni   28    0  2.1550E+02  1.7353E+02  9.3711E+01  5.6686E+01  1.0003E+00  1.0009E+00  9.9941E-01  1.0001E+00  1.0000E+00
  Cu   29    0  7.4843E+00  3.8661E+00  3.7032E+00  5.4066E+00  1.0003E+00  1.0008E+00  9.9940E-01  1.0001E+00  1.0000E+00
  Zn   30    0  3.7916E+01  1.5728E+01  9.5191E+00  8.0116E+00  1.0004E+00  1.0009E+00  9.9941E-01  1.0001E+00  1.0000E+00
  Ga   31    0  1.2099E+00  1.1618E+00  1.3995E+00  1.9229E+00  1.0003E+00  1.0009E+00  9.9941E-01  1.0001E+00  1.0000E+00
  Ge   32    0  1.0860E+00  1.0770E+00  1.1827E+00  1.4809E+00  1.0003E+00  1.0009E+00  9.9941E-01  1.0001E+00  1.0000E+00
  As   33    0  1.0583E+00  1.0626E+00  1.1422E+00  1.3388E+00  1.0004E+00  1.0008E+00  9.9937E-01  1.0001E+00  1.0000E+00
  Se   34    0  1.0201E+00  1.0068E+00  1.0319E+00  1.1163E+00  1.0003E+00  1.0009E+00  9.9941E-01  1.0001E+00  1.0000E+00
  Br   35    0  9.8684E-01  9.7926E-01  1.0080E+00  1.0757E+00  1.0003E+00  1.0009E+00  9.9939E-01  1.0001E+00  1.0000E+00
  Kr   36    0  1.0056E+00  1.0146E+00  1.0780E+00  1.1534E+00  1.0004E+00  1.0008E+00  9.9940E-01  1.0001E+00  1.0000E+00
  Rb   37    0  1.0234E+00  1.0245E+00  1.0477E+00  1.0858E+00  1.0003E+00  1.0009E+00  9.9938E-01  1.0001E+00  9.9998E-01
  Sr   38    0  1.0828E+00  1.1351E+00  1.3583E+00  1.6833E+00  1.0003E+00  1.0009E+00  9.9941E-01  1.0001E+00  1.0000E+00
  Y    39    0  1.0413E+00  1.0470E+00  1.1404E+00  1.3613E+00  1.0003E+00  1.0009E+00  9.9938E-01  1.0001E+00  1.0000E+00
  Zr   40    0  9.8037E-01  9.8007E-01  1.0065E+00  1.0974E+00  1.0004E+00  1.0008E+00  9.9942E-01  9.8748E-01  9.7265E-01
  Nb   41    0  9.4169E-01  9.2280E-01  9.4431E-01  9.8209E-01  1.0003E+00  1.0009E+00  9.9941E-01  1.0001E+00  1.0000E+00
  Mo   42    0  1.1745E+00  1.1856E+00  1.1778E+00  1.1831E+00  1.0003E+00  1.0009E+00  9.9941E-01  1.0672E+00  1.1453E+00
  Xe   54    0  9.6670E-01  9.5441E-01  9.3973E-01  9.1977E-01  1.0004E+00  1.0009E+00  9.9941E-01  1.0001E+00  1.0000E+00
  Cs   55    0  9.1780E-01  9.0499E-01  8.8062E-01  8.5996E-01  1.0003E+00  1.0009E+00  9.9941E-01  1.0001E+00  1.0000E+00
  Ba   56    0  9.9423E-01  1.0025E+00  1.0754E+00  1.1501E+00  1.0003E+00  1.0009E+00  9.9943E-01  1.0001E+00  9.9999E-01
  La   57    0  9.7641E-01  9.7633E-01  1.0172E+00  1.0796E+00  1.0003E+00  1.0009E+00  9.9939E-01  1.0001E+00  1.0000E+00
  Ce   58    0  9.7326E-01  9.7023E-01  9.8604E-01  1.0072E+00  1.0004E+00  1.0008E+00  9.9940E-01  1.0001E+00  1.0000E+00
  Pr   59    0  9.5043E-01  9.4091E-01  9.2266E-01  9.3413E-01  1.0003E+00  1.0009E+00  9.9941E-01  1.0001E+00  1.0000E+00
  Nd   60    0  9.8876E-01  1.0014E+00  1.0112E+00  1.0247E+00  1.0003E+00  1.0009E+00  9.9941E-01  1.0001E+00  1.0000E+00
  Hg   80    0  9.8856E-01  9.8109E-01  9.9254E-01  9.9890E-01  1.0003E+00  1.0009E+00  9.9940E-01  1.0001E+00  1.0000E+00
  Tl   81    0  9.6204E-01  9.5828E-01  9.8950E-01  1.0144E+00  1.0003E+00  1.0009E+00  9.9941E-01  1.0001E+00  1.0000E+00
  Pb   82    0  9.7754E-01  9.7556E-01  1.0048E+00  1.0382E+00  1.0003E+00  1.0009E+00  9.9940E-01  1.0001E+00  1.0000E+00
  Bi   83    0  9.6184E-01  9.5314E-01  9.5548E-01  9.5624E-01  1.0003E+00  1.0009E+00  9.9940E-01  1.0001E+00  1.0000E+00
  ele   Z    A    013c150     015c150     020c150     025c150     030c150     040c150     060c150     080c150     120c150
  H     1    0  5.8207E-01  5.6049E-01  5.2907E-01  5.1704E-01  8.9308E-01  8.6331E-01  8.3382E-01  7.9275E-01  6.3521E-01
  He    2    0  1.4386E+00  1.4139E+00  1.3697E+00  1.2474E+00  1.3395E+00  1.4251E+00  1.5103E+00  1.6255E+00  2.0823E+00
  Li    3    0  4.1476E-02  2.3135E-02  1.0589E-03  6.7642E-02  4.0159E-03  5.0258E-01  3.2839E-01  1.3707E-01  1.6083E-03
  Be    4    0  5.2390E-05  8.1516E-05  1.6522E-04  2.6238E-04  2.8347E-03  4.6803E-04  2.5996E-04  2.5450E-04  4.1575E-04
  B     5    0  2.1253E-02  1.9656E-02  1.5505E-02  6.3132E-03  1.8303E-02  5.7153E-03  3.6559E-03  3.5569E-03  3.9133E-03
  C     6    0  6.2555E+02  6.8078E+02  7.2605E+02  8.7031E+02  1.8088E-01  1.5119E+01  3.7311E+01  8.7980E+01  2.5248E+02
  N     7    0  7.8724E+02  7.8171E+02  8.3519E+02  5.3579E+01  1.7780E+01  1.3569E+02  1.6977E+02  1.9713E+02  1.8659E+02
  O     8    0  6.5696E+02  6.3144E+02  8.7449E+02  1.0221E+03  5.8550E-01  1.9669E+00  5.4180E+00  1.0908E+01  2.4641E+01
  F     9    0  9.4352E+02  1.7417E+03  1.9540E+03  1.2787E+03  3.4818E-01  6.0770E-01  5.3409E-01  4.7635E-01  3.3170E-01
  Ne   10    0  9.5703E+02  5.8353E+02  5.3467E+02  1.6022E+03  8.7963E-01  1.0086E+00  1.1405E+00  1.4752E+00  2.6737E+00
  Na   11    0  1.5966E+02  1.1447E+02  1.0443E+02  2.5478E+02  6.5064E+00  6.4493E+00  6.4720E+00  6.7028E+00  6.9465E+00
  Mg   12    0  2.4416E+02  1.0618E+02  2.3367E+02  4.6279E+02  9.5490E-01  9.5598E-01  9.5812E-01  9.6295E-01  9.8688E-01
  Al   13    0  2.2128E+02  8.2074E+01  2.5387E+02  5.9927E+02  2.1899E+00  2.4018E+00  2.8112E+00  3.3794E+00  5.2886E+00
  Si   14    0  7.2940E+02  1.2446E+03  1.2234E+03  9.8294E+02  1.0035E+00  1.0055E+00  1.0088E+00  1.0141E+00  1.0388E+00
  P    15    0  2.9945E+02  5.1288E+02  6.2817E+02  8.0902E+02  1.0016E+00  1.0066E+00  1.0124E+00  1.0297E+00  1.1281E+00
  S    16    0  9.6136E+02  2.9513E+03  1.6470E+03  1.2319E+03  1.0003E+00  1.0000E+00  1.0000E+00  1.0001E+00  1.0003E+00
  Cl   17    0  5.6939E+01  9.9929E+02  1.2509E+02  1.2597E+02  1.0003E+00  1.0115E+00  1.0242E+00  1.0579E+00  1.2005E+00
  Ar   18    0  1.0129E+03  3.9601E+03  1.6996E+03  1.2758E+03  1.0003E+00  9.9936E-01  9.9858E-01  9.9665E-01  9.8832E-01
  K    19    0  9.8431E+01  4.7827E+03  1.9672E+02  1.9231E+02  1.0003E+00  1.0174E+00  1.0336E+00  1.0737E+00  1.2119E+00
  Ca   20    0  1.0992E+03  4.6602E+03  1.8168E+03  1.3635E+03  1.0003E+00  9.9972E-01  9.9937E-01  9.9873E-01  9.9652E-01
  Sc   21    0  5.9144E+01  1.2948E+03  9.3997E+01  9.3198E+01  1.0003E+00  1.0240E+00  1.0492E+00  1.1309E+00  1.7201E+00
  Ti   22    0  2.3141E+02  4.1124E+02  3.0770E+02  2.2823E+02  1.0003E+00  1.0004E+00  1.0009E+00  1.0026E+00  1.0162E+00
  V    23    0  3.4322E+02  5.1351E+02  4.6545E+02  2.7317E+02  1.0003E+00  1.0003E+00  9.9984E-01  9.9858E-01  9.9390E-01
  Cr   24    0  1.2946E+03  1.6577E+03  1.5440E+03  1.1620E+03  1.0003E+00  9.9994E-01  9.9988E-01  9.9965E-01  9.9788E-01
  Mn   25    0  4.8670E+02  5.5807E+02  6.2862E+02  4.0456E+02  1.0003E+00  1.0039E+00  1.0052E+00  1.0070E+00  1.0013E+00
  Fe   26    0  5.1245E+02  4.4550E+02  3.3771E+02  2.5958E+02  1.0003E+00  9.9992E-01  9.9980E-01  9.9932E-01  9.9610E-01
  Co   27    0  7.3043E+01  3.6961E+01  6.2600E+00  4.6769E+00  1.0003E+00  1.0189E+00  1.0440E+00  1.1172E+00  1.4854E+00
  Ni   28    0  1.0815E+02  8.0160E+01  6.2036E+01  4.6424E+01  1.0003E+00  1.0002E+00  1.0010E+00  1.0046E+00  1.0366E+00
  Cu   29    0  3.3246E+01  3.7505E+01  4.5619E+01  4.1669E+01  1.0003E+00  1.0258E+00  1.0614E+00  1.1865E+00  2.1701E+00
  Zn   30    0  2.3508E+01  1.9515E+01  3.7603E+01  4.1898E+01  1.0003E+00  1.0034E+00  1.0090E+00  1.0329E+00  1.2769E+00
  Ga   31    0  4.2831E+01  6.6527E+01  1.3785E+02  2.1631E+02  1.0003E+00  1.0061E+00  1.0129E+00  1.0398E+00  1.3517E+00
  Ge   32    0  3.2733E+01  5.3797E+01  1.0369E+02  2.1022E+02  1.0003E+00  1.0020E+00  1.0047E+00  1.0156E+00  1.1472E+00
  As   33    0  2.8954E+01  5.2198E+01  1.6267E+02  3.9648E+02  1.0003E+00  1.0005E+00  1.0017E+00  1.0071E+00  1.0760E+00
  Se   34    0  3.1271E+01  5.5401E+01  8.8452E+01  2.6853E+02  1.0003E+00  1.0002E+00  1.0005E+00  1.0026E+00  1.0364E+00
  Br   35    0  2.8573E+01  5.2640E+01  7.4039E+01  3.0091E+02  1.0003E+00  9.9939E-01  9.9896E-01  9.9894E-01  1.0153E+00
  Kr   36    0  2.7909E+01  6.2342E+01  6.4932E+01  3.2149E+02  1.0003E+00  1.0017E+00  1.0035E+00  1.0091E+00  1.0492E+00
  Rb   37    0  3.2289E+01  5.9459E+01  8.9087E+01  5.2225E+02  1.0003E+00  9.9963E-01  9.9956E-01  9.9990E-01  1.0078E+00
  Sr   38    0  6.6526E+01  1.2236E+02  1.2228E+02  1.3931E+03  1.0003E+00  1.0064E+00  1.0139E+00  1.0360E+00  1.1640E+00
  Y    39    0  5.5107E+01  1.0485E+02  8.7521E+01  1.2738E+03  1.0003E+00  1.0015E+00  1.0037E+00  1.0117E+00  1.0747E+00
  Zr   40    0  3.1867E+01  7.3818E+01  3.6451E+01  8.0762E+02  9.7085E-01  9.7100E-01  9.7161E-01  9.7402E-01  9.9552E-01
  Nb   41    0  2.2114E+01  5.3373E+01  1.6213E+01  5.0002E+02  1.0003E+00  9.9927E-01  9.9931E-01  9.9976E-01  1.0080E+00
  Mo   42    0  1.3381E+01  4.0061E+01  7.6626E+00  2.7635E+02  1.1566E+00  1.1564E+00  1.1558E+00  1.1546E+00  1.1538E+00
  Xe   54    0  7.2860E+00  2.1608E+01  3.6340E+00  1.5263E+02  1.0003E+00  9.9945E-01  9.9889E-01  9.9740E-01  9.9194E-01
  Cs   55    0  5.3030E+00  1.5354E+01  3.3863E+00  1.1411E+02  1.0003E+00  9.9805E-01  9.9686E-01  9.9372E-01  9.8293E-01
  Ba   56    0  1.1051E+01  3.9195E+01  4.3001E+00  2.0667E+02  1.0003E+00  1.0019E+00  1.0040E+00  1.0097E+00  1.0358E+00
  La   57    0  6.4241E+00  2.6006E+01  2.8164E+00  1.2147E+02  1.0003E+00  1.0006E+00  1.0015E+00  1.0044E+00  1.0238E+00
  Ce   58    0  3.4090E+00  1.3983E+01  1.8902E+00  5.3323E+01  1.0003E+00  1.0003E+00  1.0005E+00  1.0017E+00  1.0102E+00
  Pr   59    0  2.3992E+00  8.4282E+00  1.7178E+00  6.1381E+01  1.0003E+00  9.9875E-01  9.9792E-01  9.9607E-01  9.9220E-01
  Nd   60    0  2.3096E+00  8.8806E+00  1.7167E+00  2.2453E+01  1.0003E+00  1.0001E+00  1.0001E+00  1.0004E+00  1.0041E+00
  Hg   80    0  1.9277E+00  7.2251E+00  1.5768E+00  1.7975E+01  1.0003E+00  1.0009E+00  1.0013E+00  1.0023E+00  1.0071E+00
  Tl   81    0  1.5642E+00  4.8711E+00  1.2563E+00  1.2697E+01  1.0003E+00  1.0002E+00  1.0007E+00  1.0019E+00  1.0069E+00
  Pb   82    0  1.4647E+00  3.1017E+00  1.4099E+00  6.3474E+00  1.0003E+00  1.0007E+00  1.0015E+00  1.0038E+00  1.0155E+00
  Bi   83    0  9.0759E-01  9.2529E-01  8.8426E-01  1.1585E+00  1.0003E+00  9.9985E-01  9.9966E-01  9.9924E-01  9.9720E-01
  ele   Z    A    013c300     015c300     020c300     025c300     030c300     040c300     060c300     080c300     120c300
  H     1    0  5.3327E-01  5.2124E-01  5.0339E-01  4.8080E-01  8.3822E-01  8.7621E-01  8.3262E-01  7.0442E-01  5.1483E-01
  He    2    0  1.4014E+00  1.3851E+00  1.2237E+00  9.6559E-01  1.4972E+00  1.3663E+00  1.4546E+00  1.8468E+00  2.4008E+00
  Li    3    0  1.8732E-03  2.9929E-04  1.5407E-04  1.6403E-02  1.2737E-01  3.3814E-01  5.8778E-02  4.7165E-04  3.7054E-04
  Be    4    0  2.1723E-05  3.4438E-05  7.1434E-05  1.2148E-04  2.9754E-04  4.7263E-04  1.5829E-04  1.4444E-04  2.2100E-04
  B     5    0  1.2276E-03  1.0236E-03  3.7075E-04  5.0170E-04  1.2008E-03  2.0568E-03  7.5386E-04  6.3763E-04  9.8380E-04
  C     6    0  3.0470E+02  3.2707E+02  4.2821E+02  1.0502E+03  5.3891E+01  5.1149E+01  2.5102E+02  3.5088E+02  5.6160E+02
  N     7    0  9.2056E+02  7.4097E+02  1.4869E+02  8.3363E+01  1.4568E+02  4.1449E+02  4.8528E+02  2.7404E+02  1.7448E+02
  O     8    0  5.8292E+02  6.4464E+02  1.0997E+03  1.3305E+03  2.6968E+00  6.2290E+00  1.7803E+01  1.9399E+01  3.1284E+01
  F     9    0  4.9691E+02  7.7104E+02  2.3176E+03  7.1464E+03  6.6056E-01  6.9412E-01  9.1914E-01  1.4542E+00  6.4485E-01
  Ne   10    0  9.1103E+02  1.0160E+03  1.4202E+03  2.9373E+03  1.3184E+00  2.0349E+00  7.0652E+00  4.1715E+00  5.4596E+00
  Na   11    0  2.2248E+02  3.2736E+02  2.8143E+02  1.0835E+03  6.8785E+00  8.3568E+00  9.8737E+00  6.9645E+00  6.5074E+00
  Mg   12    0  3.8236E+02  4.5905E+02  5.3493E+02  5.3669E+02  9.5640E-01  9.6314E-01  1.0126E+00  9.5963E-01  9.3629E-01
  Al   13    0  9.6022E+01  1.3092E+02  3.4308E+02  1.0157E+03  2.4118E+00  2.4164E+00  2.9401E+00  4.6218E+00  8.2764E+00
  Si   14    0  2.2634E+03  2.3648E+03  1.4322E+03  1.1664E+03  1.0061E+00  1.0066E+00  1.0211E+00  1.0357E+00  1.0863E+00
  P    15    0  1.3070E+03  1.7812E+03  1.7333E+03  1.5462E+03  1.0319E+00  1.1126E+00  1.8037E+00  1.3715E+00  1.7404E+00
  S    16    0  4.9036E+03  4.7151E+03  2.3334E+03  1.4739E+03  1.0003E+00  1.0004E+00  1.0021E+00  1.0009E+00  1.0018E+00
  Cl   17    0  1.6395E+03  1.8243E+03  5.5854E+02  3.0341E+02  1.0493E+00  1.0966E+00  1.3250E+00  1.4002E+00  1.7420E+00
  Ar   18    0  6.7630E+03  5.9461E+03  2.3813E+03  1.4712E+03  9.9732E-01  9.9420E-01  9.7790E-01  9.7597E-01  9.5526E-01
  K    19    0  8.4544E+03  8.2453E+03  8.7716E+02  3.4689E+02  1.0567E+00  1.0831E+00  1.2641E+00  1.3488E+00  1.6176E+00
  Ca   20    0  6.6693E+03  5.4590E+03  2.1230E+03  1.4887E+03  9.9920E-01  9.9820E-01  9.8925E-01  9.9353E-01  9.8839E-01
  Sc   21    0  9.6810E+02  8.0350E+02  1.8763E+02  1.0903E+02  1.1699E+00  1.7325E+00  4.5695E+00  3.5071E+00  6.0575E+00
  Ti   22    0  1.2250E+03  1.0343E+03  4.0061E+02  2.4530E+02  1.0043E+00  1.0361E+00  1.3230E+00  1.0857E+00  1.1726E+00
  V    23    0  1.8327E+03  2.2618E+03  1.0782E+03  4.0705E+02  9.9890E-01  1.0027E+00  1.0911E+00  9.9351E-01  9.9019E-01
  Cr   24    0  1.8391E+03  2.0354E+03  1.8138E+03  1.2011E+03  9.9970E-01  9.9804E-01  9.9313E-01  9.9269E-01  9.8578E-01
  Mn   25    0  1.4604E+03  2.2367E+03  1.2470E+03  5.6606E+02  1.0044E+00  9.9592E-01  9.7215E-01  9.7758E-01  9.4797E-01
  Fe   26    0  6.5017E+02  7.0607E+02  4.1327E+02  2.7600E+02  9.9937E-01  9.9615E-01  9.7687E-01  9.8655E-01  9.7365E-01
  Co   27    0  1.3915E+02  1.4597E+02  8.4355E+00  4.2758E+00  1.1035E+00  1.2174E+00  1.5624E+00  1.9993E+00  2.8858E+00
  Ni   28    0  5.0897E+02  5.7741E+02  1.4321E+02  6.4844E+01  1.0074E+00  1.0340E+00  1.1375E+00  1.1302E+00  1.2590E+00
  Cu   29    0  1.5786E+01  1.3747E+01  1.4429E+01  2.9394E+01  1.2874E+00  2.5841E+00  9.1774E+00  6.0204E+00  1.0893E+01
  Zn   30    0  2.7481E+01  1.6932E+01  1.1041E+01  3.1222E+01  1.0707E+00  1.6609E+00  5.8579E+00  2.6449E+00  4.2587E+00
  Ga   31    0  3.6390E+01  4.2930E+01  6.0823E+01  1.8256E+02  1.1065E+00  2.9110E+00  2.1530E+01  4.2984E+00  7.4214E+00
  Ge   32    0  3.4006E+01  3.8418E+01  5.7762E+01  1.8654E+02  1.0457E+00  2.1453E+00  1.6282E+01  2.6376E+00  4.1522E+00
  As   33    0  3.4688E+01  3.9703E+01  1.0816E+02  3.7699E+02  1.0235E+00  1.8564E+00  1.4868E+01  2.0043E+00  2.9051E+00
  Se   34    0  4.0961E+01  3.8746E+01  8.3929E+01  2.9137E+02  1.0119E+00  1.5477E+00  1.1351E+01  1.5569E+00  2.0385E+00
  Br   35    0  3.4574E+01  3.3980E+01  7.1300E+01  3.2289E+02  1.0052E+00  1.3816E+00  8.9926E+00  1.3456E+00  1.6383E+00
  Kr   36    0  7.1127E+01  6.5888E+01  1.7346E+02  4.3441E+02  1.0141E+00  1.5906E+00  1.5808E+01  1.4964E+00  1.9065E+00
  Rb   37    0  7.3382E+01  4.4966E+01  3.1902E+02  7.4566E+02  1.0022E+00  1.2231E+00  7.6878E+00  1.1529E+00  1.2738E+00
  Sr   38    0  5.5002E+02  5.7641E+02  2.0219E+03  3.7761E+03  1.0420E+00  1.9995E+00  4.3281E+01  1.8208E+00  2.5135E+00
  Y    39    0  6.9103E+02  7.0292E+02  2.6855E+03  4.5873E+03  1.0183E+00  1.4001E+00  2.4654E+01  1.3741E+00  1.7214E+00
  Zr   40    0  2.4578E+03  1.2557E+03  4.9303E+03  4.6702E+03  9.7710E-01  1.1074E+00  1.0688E+01  1.1170E+00  1.2587E+00
  Nb   41    0  7.7021E+02  7.5216E+02  2.8221E+03  3.5880E+03  1.0015E+00  1.0718E+00  6.7776E+00  1.0771E+00  1.1548E+00
  Mo   42    0  1.1303E+03  1.3113E+03  5.9262E+03  3.2472E+03  1.1568E+00  1.1888E+00  3.9657E+00  1.1840E+00  1.2127E+00
  Xe   54    0  6.8578E+02  5.9209E+02  3.0412E+03  1.7531E+03  9.9832E-01  1.0109E+00  2.2031E+00  9.9860E-01  9.9949E-01
  Cs   55    0  5.3688E+02  5.1933E+02  2.3711E+03  1.5216E+03  9.9499E-01  1.0025E+00  1.7751E+00  9.8081E-01  9.6815E-01
  Ba   56    0  4.8758E+03  5.3413E+03  7.4230E+03  3.6579E+03  1.0091E+00  1.0380E+00  2.5089E+00  1.0928E+00  1.1752E+00
  La   57    0  6.9527E+03  8.0929E+03  7.3565E+03  3.0385E+03  1.0056E+00  1.0271E+00  1.6838E+00  1.0752E+00  1.1476E+00
  Ce   58    0  7.2227E+03  8.3343E+03  5.9051E+03  1.5026E+03  1.0026E+00  1.0158E+00  1.3089E+00  1.0411E+00  1.0825E+00
  Pr   59    0  1.5033E+04  5.9137E+03  2.4444E+04  7.9629E+02  9.9743E-01  1.0030E+00  1.1416E+00  1.0000E+00  1.0056E+00
  Nd   60    0  6.5012E+03  9.9277E+03  4.2127E+03  9.0450E+02  1.0012E+00  1.0101E+00  1.1792E+00  1.0234E+00  1.0477E+00
  Hg   80    0  6.6907E+03  9.0553E+03  3.4244E+03  7.2435E+02  1.0028E+00  1.0102E+00  1.1455E+00  1.0240E+00  1.0462E+00
  Tl   81    0  6.9545E+03  9.5220E+03  2.4163E+03  5.7772E+02  1.0017E+00  1.0086E+00  1.1168E+00  1.0206E+00  1.0409E+00
  Pb   82    0  1.8335E+04  3.1225E+04  2.2342E+03  2.3510E+02  1.0039E+00  1.0137E+00  1.1135E+00  1.0426E+00  1.0820E+00
  Bi   83    0  6.1418E+03  1.1622E+04  3.4558E+02  6.0202E+00  9.9927E-01  9.9847E-01  9.9823E-01  9.9358E-01  9.8773E-01
  ele   Z    A    013d000     015d000     020d000     025d000     030d000     040d000     060d000     080d000     120d000
  H     1    0  7.1940E-01  6.9582E-01  6.3516E-01  5.9865E-01  9.7778E-01  9.9929E-01  1.0021E+00  1.0046E+00  9.8728E-01
  He    2    0  1.6278E+00  1.4613E+00  1.5265E+00  1.4697E+00  9.7787E-01  9.9938E-01  1.0022E+00  1.0047E+00  9.8737E-01
  Li    3    0  1.7675E-03  3.4823E-03  1.1037E-02  1.1062E-02  9.7787E-01  9.9938E-01  1.0022E+00  1.0047E+00  9.8737E-01
  Be    4    0  1.7692E-03  3.4723E-03  1.0988E-02  1.0957E-02  9.7799E-01  9.9936E-01  1.0023E+00  1.0048E+00  9.8752E-01
  B     5    0  7.6372E-02  7.2590E-02  6.4581E-02  5.9515E-02  9.7799E-01  9.9937E-01  1.0023E+00  1.0049E+00  9.8749E-01
  C     6    0  3.2724E+03  4.6582E+03  5.1408E+03  5.6500E+03  9.7785E-01  9.9937E-01  1.0022E+00  1.0047E+00  9.8736E-01
  N     7    0  1.2829E+01  1.1404E+01  1.0722E+01  1.0543E+01  9.7787E-01  9.9938E-01  1.0022E+00  1.0047E+00  9.8737E-01
  O     8    0  1.2455E+03  2.9997E+03  3.8080E+03  5.5900E+03  9.7788E-01  9.9938E-01  1.0022E+00  1.0047E+00  9.8738E-01
  F     9    0  5.1492E-01  5.0568E-01  1.7413E+00  2.5089E+00  9.7786E-01  9.9937E-01  1.0022E+00  1.0047E+00  9.8736E-01
  Ne   10    0  8.8763E+02  1.5321E+03  2.1394E+04  2.4413E+04  9.7786E-01  9.9941E-01  1.0022E+00  1.0047E+00  9.8739E-01
  Na   11    0  1.1985E+02  1.8614E+02  4.9599E+03  4.7698E+03  9.7786E-01  9.9937E-01  1.0022E+00  1.0047E+00  9.8737E-01
  Mg   12    0  9.0668E+02  1.1094E+03  4.2352E+03  4.1385E+03  9.7787E-01  9.9937E-01  1.0022E+00  1.0047E+00  9.8736E-01
  Al   13    0  8.3038E+02  6.4389E+02  2.8718E+03  2.3267E+03  9.7787E-01  9.9936E-01  1.0022E+00  1.0047E+00  9.8737E-01
  Si   14    0  4.6797E+03  8.0188E+03  4.6536E+03  4.6800E+03  9.7788E-01  9.9939E-01  1.0022E+00  1.0047E+00  9.8737E-01
  P    15    0  2.5734E+03  1.5627E+03  2.0795E+03  1.9685E+03  9.7787E-01  9.9937E-01  1.0022E+00  1.0047E+00  9.8736E-01
  S    16    0  5.4162E+03  1.4438E+04  5.1226E+03  4.9970E+03  9.7787E-01  9.9937E-01  1.0022E+00  1.0047E+00  9.8737E-01
  Cl   17    0  4.7394E+02  1.6070E+03  3.3764E+02  3.1947E+02  9.7786E-01  9.9937E-01  1.0022E+00  1.0047E+00  9.8736E-01
  Ar   18    0  5.3388E+03  1.7283E+04  5.0842E+03  5.1929E+03  9.7788E-01  9.9939E-01  1.0022E+00  1.0047E+00  9.8734E-01
  K    19    0  7.7305E+02  5.7946E+03  6.0893E+02  3.8012E+02  9.7786E-01  9.9936E-01  1.0022E+00  1.0047E+00  9.8735E-01
  Ca   20    0  5.3928E+03  1.7913E+04  5.0546E+03  5.9112E+03  9.7787E-01  9.9940E-01  1.0022E+00  1.0048E+00  9.8738E-01
  Sc   21    0  1.8780E+02  2.0273E+03  1.5160E+02  1.7581E+02  9.7786E-01  9.9938E-01  1.0022E+00  1.0047E+00  9.8737E-01
  Ti   22    0  1.6491E+03  2.7771E+03  1.4440E+03  1.1121E+03  9.7787E-01  9.9938E-01  1.0022E+00  1.0047E+00  9.8737E-01
  V    23    0  2.3519E+03  3.1669E+03  2.9018E+03  6.3116E+02  9.7786E-01  9.9938E-01  1.0022E+00  1.0047E+00  9.8737E-01
  Cr   24    0  8.7594E+03  1.4970E+04  8.9537E+03  6.2206E+03  9.7789E-01  9.9939E-01  1.0022E+00  1.0047E+00  9.8739E-01
  Mn   25    0  3.4672E+03  4.4767E+03  4.0060E+03  1.1572E+03  9.7784E-01  9.9941E-01  1.0022E+00  1.0047E+00  9.8739E-01
  Fe   26    0  4.9334E+03  4.2616E+03  3.1511E+03  2.4049E+03  9.7784E-01  9.9940E-01  1.0022E+00  1.0048E+00  9.8737E-01
  Co   27    0  1.1450E+03  1.8179E+02  2.6389E+02  1.2352E+02  9.7786E-01  9.9937E-01  1.0022E+00  1.0047E+00  9.8735E-01
  Ni   28    0  2.1948E+03  5.0686E+02  7.7585E+02  4.0555E+02  9.7787E-01  9.9937E-01  1.0022E+00  1.0047E+00  9.8736E-01
  Cu   29    0  6.4743E+01  3.4131E+00  1.2490E+01  1.3776E+02  9.7786E-01  9.9938E-01  1.0022E+00  1.0047E+00  9.8736E-01
  Zn   30    0  3.9135E+02  4.7460E+00  7.1305E+01  1.2164E+02  9.7786E-01  9.9937E-01  1.0022E+00  1.0047E+00  9.8737E-01
  Ga   31    0  1.0714E+00  1.0804E+00  1.1360E+00  1.1898E+00  9.7786E-01  9.9938E-01  1.0022E+00  1.0047E+00  9.8736E-01
  Ge   32    0  1.0206E+00  1.0054E+00  1.0273E+00  1.0508E+00  9.7787E-01  9.9937E-01  1.0022E+00  1.0047E+00  9.8736E-01
  As   33    0  1.0212E+00  1.0386E+00  1.0246E+00  1.0567E+00  9.7785E-01  9.9937E-01  1.0022E+00  1.0047E+00  9.8738E-01
  Se   34    0  9.9448E-01  9.7542E-01  9.9322E-01  9.9825E-01  9.7787E-01  9.9937E-01  1.0022E+00  1.0047E+00  9.8737E-01
  Br   35    0  9.7754E-01  9.7361E-01  9.8254E-01  9.9011E-01  9.7786E-01  9.9939E-01  1.0022E+00  1.0047E+00  9.8734E-01
  Kr   36    0  9.9167E-01  9.7979E-01  1.0215E+00  1.0380E+00  9.7786E-01  9.9938E-01  1.0022E+00  1.0047E+00  9.8736E-01
  Rb   37    0  1.0038E+00  9.8786E-01  9.9724E-01  9.9900E-01  9.7785E-01  9.9937E-01  1.0022E+00  1.0047E+00  9.8737E-01
  Sr   38    0  1.0430E+00  1.0561E+00  1.1294E+00  1.1899E+00  9.7787E-01  9.9938E-01  1.0022E+00  1.0047E+00  9.8737E-01
  Y    39    0  1.0053E+00  1.0071E+00  1.0278E+00  1.0611E+00  9.7783E-01  9.9938E-01  1.0022E+00  1.0047E+00  9.8733E-01
  Zr   40    0  9.6561E-01  1.0123E+00  9.7779E-01  1.0001E+00  9.7788E-01  9.9937E-01  1.0022E+00  1.0047E+00  9.8738E-01
  Nb   41    0  9.2574E-01  8.9513E-01  9.0598E-01  8.9753E-01  9.7788E-01  9.9936E-01  1.0022E+00  1.0047E+00  9.8736E-01
  Mo   42    0  1.1873E+00  1.1972E+00  1.2204E+00  1.2398E+00  9.7785E-01  9.9936E-01  1.0022E+00  1.0047E+00  9.8736E-01
  Xe   54    0  9.6230E-01  9.3785E-01  9.4961E-01  9.3926E-01  9.7785E-01  9.9936E-01  1.0022E+00  1.0047E+00  9.8737E-01
  Cs   55    0  9.1372E-01  8.8294E-01  8.7801E-01  8.6117E-01  9.7783E-01  9.9941E-01  1.0022E+00  1.0048E+00  9.8735E-01
  Ba   56    0  9.8362E-01  9.6786E-01  1.0171E+00  1.0282E+00  9.7785E-01  9.9936E-01  1.0022E+00  1.0047E+00  9.8737E-01
  La   57    0  9.7181E-01  9.5147E-01  9.8483E-01  9.8360E-01  9.7786E-01  9.9939E-01  1.0022E+00  1.0047E+00  9.8734E-01
  Ce   58    0  9.7203E-01  9.5156E-01  9.7710E-01  9.7319E-01  9.7788E-01  9.9937E-01  1.0022E+00  1.0047E+00  9.8737E-01
  Pr   59    0  9.4961E-01  9.2881E-01  9.2207E-01  9.0769E-01  9.7786E-01  9.9938E-01  1.0022E+00  1.0047E+00  9.8737E-01
  Nd   60    0  9.9284E-01  9.9738E-01  1.0022E+00  1.0117E+00  9.7786E-01  9.9937E-01  1.0022E+00  1.0047E+00  9.8736E-01
  Hg   80    0  9.8364E-01  9.6105E-01  1.0055E+00  1.0049E+00  9.7787E-01  9.9937E-01  1.0022E+00  1.0047E+00  9.8737E-01
  Tl   81    0  9.5879E-01  9.2988E-01  9.7129E-01  9.6744E-01  9.7787E-01  9.9937E-01  1.0022E+00  1.0047E+00  9.8736E-01
  Pb   82    0  9.7316E-01  9.5171E-01  9.8434E-01  9.8248E-01  9.7787E-01  9.9938E-01  1.0022E+00  1.0047E+00  9.8736E-01
  Bi   83    0  9.6224E-01  9.3289E-01  9.5901E-01  9.4680E-01  9.7786E-01  9.9937E-01  1.0022E+00  1.0047E+00  9.8736E-01
  ele   Z    A    013d150     015d150     020d150     025d150     030d150     040d150     060d150     080d150     120d150
  H     1    0  5.8770E-01  5.4965E-01  5.4123E-01  5.1056E-01  9.0573E-01  9.4549E-01  9.5294E-01  9.3848E-01  7.3394E-01
  He    2    0  1.4560E+00  1.4158E+00  1.3485E+00  1.2795E+00  1.2985E+00  1.1723E+00  1.1488E+00  1.1945E+00  1.8421E+00
  Li    3    0  5.1631E-03  7.0849E-03  1.6318E-03  1.2978E-03  9.1956E-04  2.0716E-01  5.8184E-02  1.5717E-02  3.0723E-03
  Be    4    0  1.1771E-04  2.8074E-04  1.3427E-04  1.6958E-04  5.5331E-04  5.0320E-05  3.4076E-05  2.9776E-05  1.0892E-04
  B     5    0  9.3407E-03  1.2109E-02  5.7900E-03  4.2496E-03  4.1283E-03  6.4699E-04  6.2909E-04  1.1249E-03  4.5991E-03
  C     6    0  5.6565E+03  6.4852E+03  7.1231E+03  6.3356E+03  1.0274E+00  1.2487E-01  1.6592E-01  1.8405E-01  2.5338E-01
  N     7    0  4.4173E+03  1.9465E+03  4.3660E+03  5.5982E+03  5.9052E+01  1.5878E+01  1.5949E+01  1.8367E+01  4.4431E+01
  O     8    0  6.5286E+03  7.5334E+03  8.7805E+03  1.0360E+04  9.3459E-01  6.7391E-01  6.5942E-01  5.6031E-01  3.5634E-01
  F     9    0  1.8080E+04  2.3063E+05  1.1582E+05  1.8600E+04  4.5717E-01  6.2600E-01  6.4904E-01  5.4100E-01  2.7016E-01
  Ne   10    0  4.8466E+03  5.3069E+03  7.5941E+03  1.9349E+04  8.0556E-01  8.3759E-01  8.3537E-01  7.7950E-01  4.7737E-01
  Na   11    0  4.4768E+02  5.1193E+02  1.1284E+03  2.9165E+03  4.4418E+00  3.9836E+00  3.4558E+00  3.4979E+00  1.9101E+00
  Mg   12    0  1.4761E+03  8.2893E+02  2.8152E+03  4.1582E+03  1.0501E+00  1.0441E+00  1.0099E+00  9.8698E-01  5.7920E-01
  Al   13    0  1.0745E+03  4.1293E+02  1.8539E+03  3.7512E+03  2.0581E+00  2.0381E+00  2.7112E+00  3.6440E+00  5.9340E+00
  Si   14    0  8.4168E+03  1.2571E+04  1.0439E+04  9.0313E+03  1.0472E+00  1.0256E+00  1.0460E+00  1.0896E+00  1.7106E+00
  P    15    0  1.8571E+03  3.3222E+03  3.4219E+03  4.4179E+03  1.0136E+00  1.0071E+00  1.0062E+00  1.0084E+00  1.0452E+00
  S    16    0  1.2231E+04  2.3147E+04  1.4412E+04  1.1367E+04  1.0001E+00  9.9999E-01  1.0000E+00  9.9999E-01  1.0000E+00
  Cl   17    0  6.4663E+02  4.9459E+03  6.9862E+02  7.1760E+02  1.0004E+00  1.0000E+00  1.0000E+00  9.9999E-01  1.0003E+00
  Ar   18    0  1.2876E+04  2.4077E+04  1.5390E+04  1.2110E+04  1.0001E+00  1.0000E+00  1.0000E+00  1.0000E+00  9.9996E-01
  K    19    0  1.4112E+03  1.4096E+04  1.2557E+03  1.1134E+03  1.0005E+00  9.9998E-01  1.0000E+00  9.9998E-01  1.0003E+00
  Ca   20    0  1.3709E+04  1.8101E+04  1.7044E+04  1.3617E+04  1.0001E+00  9.9997E-01  9.9997E-01  9.9997E-01  9.9999E-01
  Sc   21    0  5.4173E+02  1.6392E+03  5.5827E+02  4.8687E+02  1.0006E+00  1.0000E+00  1.0000E+00  1.0000E+00  1.0022E+00
  Ti   22    0  2.8861E+03  3.2865E+03  2.9358E+03  2.1586E+03  1.0001E+00  1.0000E+00  1.0000E+00  1.0000E+00  1.0001E+00
  V    23    0  3.6115E+03  4.3650E+03  1.8852E+03  1.3570E+03  1.0001E+00  1.0000E+00  1.0000E+00  9.9998E-01  1.0000E+00
  Cr   24    0  1.7405E+04  1.8295E+04  1.4934E+04  1.1180E+04  1.0001E+00  9.9997E-01  1.0000E+00  9.9997E-01  9.9998E-01
  Mn   25    0  5.2613E+03  6.0267E+03  3.0393E+03  2.3735E+03  1.0001E+00  9.9996E-01  9.9996E-01  9.9996E-01  9.9996E-01
  Fe   26    0  5.1315E+03  4.3669E+03  3.1797E+03  2.5027E+03  1.0001E+00  9.9999E-01  9.9999E-01  9.9999E-01  1.0000E+00
  Co   27    0  1.2811E+02  1.7253E+01  1.3597E+01  1.4624E+01  1.0005E+00  1.0000E+00  1.0000E+00  1.0000E+00  1.0008E+00
  Ni   28    0  7.3794E+02  4.7470E+02  3.6332E+02  3.5468E+02  1.0001E+00  9.9999E-01  1.0000E+00  9.9999E-01  1.0001E+00
  Cu   29    0  1.8979E+02  1.9906E+01  3.8432E+01  4.6866E+01  1.0008E+00  1.0000E+00  1.0000E+00  1.0000E+00  1.0043E+00
  Zn   30    0  7.9844E+01  7.1190E+00  2.1702E+01  2.7294E+01  1.0002E+00  1.0000E+00  1.0000E+00  1.0000E+00  1.0015E+00
  Ga   31    0  2.2040E+01  2.0205E+01  5.7579E+01  5.9775E+01  1.0003E+00  9.9998E-01  1.0000E+00  9.9998E-01  1.0031E+00
  Ge   32    0  1.7119E+01  1.4409E+01  5.0242E+01  4.0625E+01  1.0002E+00  9.9999E-01  1.0000E+00  9.9999E-01  1.0016E+00
  As   33    0  1.5817E+01  1.3017E+01  4.9158E+01  3.7770E+01  1.0001E+00  1.0000E+00  1.0000E+00  1.0000E+00  1.0010E+00
  Se   34    0  1.9432E+01  1.3776E+01  5.6097E+01  2.0077E+01  1.0001E+00  1.0000E+00  1.0000E+00  1.0000E+00  1.0006E+00
  Br   35    0  1.8434E+01  1.2895E+01  5.4346E+01  1.5449E+01  1.0001E+00  9.9998E-01  1.0000E+00  9.9998E-01  1.0004E+00
  Kr   36    0  2.0568E+01  1.1387E+01  9.0098E+01  1.1884E+01  1.0001E+00  1.0000E+00  1.0000E+00  1.0000E+00  1.0005E+00
  Rb   37    0  2.5602E+01  1.4817E+01  1.5850E+02  9.1030E+00  1.0001E+00  9.9996E-01  9.9997E-01  9.9997E-01  1.0001E+00
  Sr   38    0  4.1480E+01  2.0091E+01  8.6722E+01  1.5419E+01  1.0003E+00  1.0000E+00  1.0000E+00  9.9999E-01  1.0008E+00
  Y    39    0  3.4332E+01  1.5741E+01  7.4583E+01  8.5778E+00  1.0001E+00  1.0000E+00  1.0000E+00  1.0000E+00  1.0003E+00
  Zr   40    0  2.0246E+01  8.4874E+00  5.2564E+01  3.9112E+00  9.7068E-01  9.7055E-01  9.7055E-01  9.7055E-01  9.7069E-01
  Nb   41    0  1.4217E+01  5.2976E+00  3.6567E+01  2.2328E+00  1.0001E+00  1.0000E+00  1.0000E+00  1.0000E+00  1.0001E+00
  Mo   42    0  9.6384E+00  3.1457E+00  2.1990E+01  1.9339E+00  1.1564E+00  1.1562E+00  1.1562E+00  1.1562E+00  1.1563E+00
  Xe   54    0  4.8548E+00  1.8141E+00  2.1113E+01  1.1417E+00  1.0001E+00  1.0000E+00  1.0000E+00  1.0000E+00  1.0000E+00
  Cs   55    0  3.3726E+00  1.5258E+00  1.7773E+01  1.0383E+00  1.0001E+00  1.0000E+00  1.0000E+00  1.0000E+00  1.0000E+00
  Ba   56    0  7.0477E+00  2.3091E+00  1.4474E+01  1.7595E+00  1.0002E+00  9.9998E-01  9.9999E-01  9.9998E-01  1.0001E+00
  La   57    0  4.3199E+00  1.7357E+00  8.1616E+00  1.6242E+00  1.0001E+00  1.0000E+00  1.0000E+00  1.0000E+00  1.0001E+00
  Ce   58    0  2.4804E+00  1.3201E+00  5.4573E+00  1.3504E+00  1.0001E+00  1.0000E+00  1.0000E+00  1.0000E+00  1.0000E+00
  Pr   59    0  1.8264E+00  1.1130E+00  2.7679E+01  1.0814E+00  1.0001E+00  1.0000E+00  1.0000E+00  1.0000E+00  1.0000E+00
  Nd   60    0  1.8470E+00  1.1896E+00  2.0184E+00  1.3835E+00  1.0001E+00  1.0000E+00  1.0000E+00  1.0000E+00  1.0000E+00
  Hg   80    0  1.5378E+00  1.1108E+00  2.0838E+00  1.1458E+00  1.0001E+00  9.9999E-01  1.0000E+00  9.9999E-01  1.0000E+00
  Tl   81    0  1.3127E+00  1.0372E+00  1.6006E+00  1.1121E+00  1.0001E+00  1.0000E+00  1.0000E+00  9.9999E-01  1.0000E+00
  Pb   82    0  1.2979E+00  1.1681E+00  1.6954E+00  1.2638E+00  1.0001E+00  1.0000E+00  1.0000E+00  1.0000E+00  1.0000E+00
  Bi   83    0  8.9553E-01  8.8358E-01  9.8731E-01  8.8340E-01  1.0001E+00  9.9999E-01  1.0000E+00  9.9999E-01  9.9999E-01
  ele   Z    A    013d300     015d300     020d300     025d300     030d300     040d300     060d300     080d300     120d300
  H     1    0  5.3516E-01  5.2121E-01  5.0657E-01  4.7020E-01  9.0911E-01  9.4421E-01  9.3238E-01  8.4490E-01  7.9678E-01
  He    2    0  1.4594E+00  1.4807E+00  1.4782E+00  1.0087E+00  1.2876E+00  1.1763E+00  1.2139E+00  1.4868E+00  1.6431E+00
  Li    3    0  1.5020E-03  1.2317E-03  1.5563E-02  3.0986E-04  3.9543E-02  1.5204E-01  1.6183E-01  4.4956E-04  2.2629E-04
  Be    4    0  5.5829E-05  2.1501E-04  7.9985E-05  3.7481E-05  5.2176E-05  2.5680E-05  1.5841E-05  1.8068E-05  6.8518E-05
  B     5    0  4.1682E-04  7.3269E-04  2.1993E-04  1.3207E-04  1.7851E-04  9.4629E-05  4.5402E-05  4.9777E-05  1.6347E-04
  C     6    0  7.1395E+03  7.5671E+03  8.3514E+03  1.0398E+04  4.2139E-02  4.6800E-02  4.7691E-02  1.5770E+01  1.3984E-01
  N     7    0  1.7650E+04  1.7309E+04  1.1937E+03  1.2964E+03  1.8713E+01  1.7549E+01  1.9139E+01  1.1289E+03  4.5043E+01
  O     8    0  6.8849E+03  7.2697E+03  8.2766E+03  1.3254E+04  5.8718E-01  6.3121E-01  5.6913E-01  1.0430E+01  3.5010E-01
  F     9    0  7.1813E+03  7.9188E+03  1.4975E+04  6.7317E+04  4.0348E-01  5.2046E-01  4.5352E-01  5.4748E-01  3.0259E-01
  Ne   10    0  9.3293E+03  7.3194E+03  7.1141E+03  2.9432E+04  7.8860E-01  8.2237E-01  7.7192E-01  2.0511E+00  5.9923E-01
  Na   11    0  5.8341E+03  3.5317E+03  2.6355E+03  6.9318E+03  5.0971E+00  4.5591E+00  4.0346E+00  5.6134E+00  2.8682E+00
  Mg   12    0  1.9950E+03  1.7237E+03  2.1719E+03  5.6593E+03  1.0747E+00  1.0485E+00  1.0337E+00  8.9556E-01  7.3564E-01
  Al   13    0  3.7092E+03  3.1955E+03  3.7934E+03  5.6906E+03  1.9169E+00  2.0436E+00  3.2607E+00  3.2952E+00  5.3579E+00
  Si   14    0  1.0483E+04  1.0665E+04  1.1644E+04  1.1300E+04  1.0288E+00  1.0242E+00  1.0584E+00  1.2842E+00  1.4530E+00
  P    15    0  1.2069E+04  1.6748E+04  1.6100E+04  6.8112E+03  1.0122E+00  1.0071E+00  1.0088E+00  1.1015E+00  1.0381E+00
  S    16    0  1.6962E+04  1.4263E+04  1.5776E+04  1.3930E+04  1.0000E+00  9.9998E-01  1.0000E+00  1.0002E+00  1.0000E+00
  Cl   17    0  4.6574E+03  8.3681E+03  3.2172E+03  1.2262E+03  1.0000E+00  9.9998E-01  1.0000E+00  1.0167E+00  1.0005E+00
  Ar   18    0  1.8567E+04  1.4076E+04  1.4993E+04  1.4533E+04  1.0000E+00  9.9995E-01  1.0000E+00  9.9896E-01  9.9996E-01
  K    19    0  1.1871E+04  3.3062E+04  4.3980E+03  1.6528E+03  1.0000E+00  9.9998E-01  1.0000E+00  1.0134E+00  1.0006E+00
  Ca   20    0  1.6451E+04  9.2410E+03  1.3563E+04  1.6105E+04  1.0000E+00  9.9997E-01  1.0000E+00  9.9952E-01  9.9999E-01
  Sc   21    0  2.2784E+03  2.9042E+04  7.5411E+02  6.3780E+02  1.0000E+00  9.9998E-01  1.0000E+00  1.1937E+00  1.0044E+00
  Ti   22    0  3.6652E+03  4.3762E+03  2.9208E+03  2.3408E+03  1.0000E+00  9.9998E-01  1.0000E+00  1.0176E+00  1.0003E+00
  V    23    0  1.0789E+04  2.3489E+04  9.2468E+03  1.8112E+03  1.0000E+00  9.9998E-01  1.0000E+00  1.0051E+00  1.0001E+00
  Cr   24    0  1.6060E+04  1.7287E+04  1.5728E+04  1.1563E+04  1.0000E+00  9.9997E-01  1.0000E+00  9.9973E-01  9.9998E-01
  Mn   25    0  1.2489E+04  2.3595E+04  1.0999E+04  2.9650E+03  1.0001E+00  9.9996E-01  1.0001E+00  9.9849E-01  1.0001E+00
  Fe   26    0  5.8222E+03  7.0280E+03  3.8491E+03  2.5702E+03  9.9999E-01  9.9999E-01  9.9999E-01  9.9884E-01  1.0000E+00
  Co   27    0  5.7829E+02  8.8311E+02  2.7511E+01  1.4127E+01  1.0000E+00  9.9998E-01  1.0000E+00  1.0291E+00  1.0010E+00
  Ni   28    0  2.9288E+03  8.5500E+03  1.1609E+03  4.1928E+02  1.0000E+00  9.9997E-01  1.0000E+00  1.0076E+00  1.0002E+00
  Cu   29    0  2.6853E+01  4.5318E+01  1.4529E+01  8.2107E+01  1.0000E+00  9.9998E-01  1.0000E+00  1.4443E+00  1.0089E+00
  Zn   30    0  6.2585E+01  1.0755E+02  1.2458E+01  6.7243E+01  1.0000E+00  9.9998E-01  1.0000E+00  1.2647E+00  1.0042E+00
  Ga   31    0  7.8845E+01  8.4060E+01  6.6717E+01  2.7749E+02  1.0000E+00  9.9998E-01  1.0000E+00  2.1032E+00  1.0139E+00
  Ge   32    0  7.3833E+01  7.3096E+01  6.1032E+01  2.4970E+02  1.0000E+00  9.9998E-01  1.0000E+00  1.8107E+00  1.0088E+00
  As   33    0  1.1739E+02  1.1727E+02  9.3172E+01  3.4963E+02  1.0000E+00  1.0000E+00  1.0000E+00  1.7283E+00  1.0069E+00
  Se   34    0  1.0308E+02  9.7332E+01  9.2373E+01  2.4715E+02  1.0000E+00  9.9997E-01  1.0000E+00  1.5373E+00  1.0046E+00
  Br   35    0  8.6156E+01  7.8392E+01  7.4874E+01  2.5086E+02  1.0000E+00  9.9998E-01  1.0000E+00  1.4126E+00  1.0033E+00
  Kr   36    0  1.5759E+02  1.5031E+02  1.3534E+02  2.4159E+02  1.0000E+00  9.9997E-01  1.0000E+00  1.7456E+00  1.0053E+00
  Rb   37    0  2.0948E+02  1.9967E+02  1.8426E+02  3.0901E+02  9.9996E-01  9.9996E-01  9.9998E-01  1.3316E+00  1.0020E+00
  Sr   38    0  1.3913E+03  1.4240E+03  1.3784E+03  4.7401E+02  1.0000E+00  1.0000E+00  1.0000E+00  2.9454E+00  1.0097E+00
  Y    39    0  1.8712E+03  1.8299E+03  1.8371E+03  3.4401E+02  1.0000E+00  9.9995E-01  1.0000E+00  2.0112E+00  1.0041E+00
  Zr   40    0  2.9816E+03  3.2210E+03  3.8794E+03  1.4914E+02  9.7056E-01  9.7054E-01  9.7060E-01  1.3570E+00  9.7193E-01
  Nb   41    0  1.7278E+03  1.6360E+03  1.8898E+03  8.1811E+01  1.0000E+00  9.9997E-01  1.0000E+00  1.2198E+00  1.0006E+00
  Mo   42    0  3.2819E+03  3.6575E+03  5.8200E+03  3.5910E+01  1.1562E+00  1.1562E+00  1.1562E+00  1.2571E+00  1.1566E+00
  Xe   54    0  1.4086E+03  1.3558E+03  1.7115E+03  1.7663E+01  1.0000E+00  9.9997E-01  1.0000E+00  1.0419E+00  1.0001E+00
  Cs   55    0  1.2197E+03  1.1947E+03  1.6541E+03  1.4770E+01  1.0000E+00  1.0000E+00  1.0000E+00  1.0268E+00  9.9992E-01
  Ba   56    0  5.5109E+03  5.6469E+03  8.0576E+03  2.1020E+01  9.9999E-01  9.9998E-01  9.9999E-01  1.0531E+00  1.0003E+00
  La   57    0  7.8106E+03  6.5350E+03  9.3563E+03  1.1496E+01  1.0000E+00  1.0000E+00  1.0000E+00  1.0253E+00  1.0002E+00
  Ce   58    0  5.4339E+03  5.1512E+03  8.1735E+03  5.9460E+00  1.0000E+00  9.9998E-01  1.0000E+00  1.0124E+00  1.0001E+00
  Pr   59    0  5.1550E+03  6.8457E+03  9.6567E+03  6.6071E+00  1.0000E+00  9.9998E-01  1.0000E+00  1.0057E+00  1.0000E+00
  Nd   60    0  4.1720E+03  4.4489E+03  8.8655E+03  3.7664E+00  1.0000E+00  9.9998E-01  1.0000E+00  1.0077E+00  1.0001E+00
  Hg   80    0  3.9904E+03  5.0190E+03  9.6866E+03  2.8980E+00  1.0000E+00  9.9998E-01  1.0000E+00  1.0065E+00  1.0001E+00
  Tl   81    0  3.7865E+03  3.6004E+03  5.9163E+03  2.4713E+00  1.0000E+00  9.9998E-01  1.0000E+00  1.0055E+00  1.0000E+00
  Pb   82    0  4.5822E+03  4.3612E+03  7.1295E+03  2.4497E+00  1.0000E+00  9.9996E-01  1.0000E+00  1.0059E+00  1.0001E+00
  Bi   83    0  7.1194E+02  6.8699E+02  9.0117E+02  9.6910E-01  1.0000E+00  9.9998E-01  1.0000E+00  9.9999E-01  9.9998E-01
