 ele  Z   A   PFAv000     PFAv150     PFAv300     PFBv000     PFBv150     PFBv300     PFCv000     PFCv150     PFCv300     PFDv000     PFDv150     PFDv300      YAv000      YAv150      YAv300      YBv000      YBv150      YBv300      YCv000      YCv150      YCv300      YDv000      YDv150      YDv300     PFAvavg     PFBvavg     PFCvavg     PFDvavg      YAvavg      YBvavg      YCvavg      YDvavg       iniA        iniB        iniC        iniD 
H       1    1  6.7879E-01  5.4805E-01  4.5981E-01  7.0799E-01  5.6709E-01  5.4969E-01  6.6600E-01  6.4459E-01  6.2459E-01  6.5646E-01  6.6614E-01  6.5773E-01  3.8976E-01  3.0315E-01  2.6151E-01  3.0301E-01  2.7106E-01  2.8021E-01  2.0108E-01  2.8193E-01  2.8689E-01  1.8924E-01  2.7336E-01  2.9080E-01  6.7878E-01  7.0798E-01  6.6600E-01  6.5646E-01  3.8976E-01  3.0301E-01  2.0109E-01  1.8924E-01  7.2155E-01  7.4676E-01  7.5968E-01  7.5997E-01
H2      1    2  1.2419E-02  1.3213E-04  5.5903E-05  1.6012E-02  2.3796E-05  2.2387E-05  2.0636E-02  3.9093E-06  3.7256E-06  9.8516E-03  8.3361E-07  7.7363E-07  2.9095E-07  2.9820E-09  1.2972E-09  2.7295E-07  4.5304E-10  4.5454E-10  2.4394E-07  6.6943E-11  6.6998E-11  1.1115E-07  1.3388E-11  1.3386E-11  1.2419E-02  1.6011E-02  2.0635E-02  9.8509E-03  2.9093E-07  2.7294E-07  2.4393E-07  1.1114E-07  2.9439E-05  2.9743E-05  2.9743E-05  2.9743E-05
He3     2    3  8.5684E-01  4.9716E-01  3.0272E-01  9.1185E-01  4.5486E-01  2.4619E-01  6.4122E-01  3.1150E-01  1.4905E-01  4.5867E-01  2.3364E-01  6.5967E-02  2.1271E-05  1.1890E-05  7.4435E-06  1.6471E-05  9.1765E-06  5.2968E-06  8.0321E-06  5.6525E-06  2.8403E-06  5.4836E-06  3.9764E-06  1.2096E-06  8.5682E-01  9.1182E-01  6.4120E-01  4.5866E-01  2.1271E-05  1.6471E-05  8.0320E-06  5.4835E-06  3.1196E-05  3.1518E-05  3.1518E-05  3.1518E-05
He4     2    4  1.6308E+00  1.7446E+00  1.9551E+00  1.5106E+00  1.6479E+00  1.6723E+00  1.5483E+00  1.4549E+00  1.4082E+00  1.5134E+00  1.3534E+00  1.3517E+00  3.4390E-01  3.5443E-01  4.0837E-01  2.1644E-01  2.6370E-01  2.8538E-01  1.4768E-01  2.0103E-01  2.0434E-01  1.3777E-01  1.7540E-01  1.8872E-01  1.6308E+00  1.5106E+00  1.5483E+00  1.5134E+00  3.4390E-01  2.1644E-01  1.4768E-01  1.3778E-01  2.6500E-01  2.5000E-01  2.4000E-01  2.4000E-01
Li6     3    6  1.2675E-02  1.7537E-03  1.2525E-03  1.6101E-02  8.7828E-04  5.2531E-04  2.0646E-02  1.4633E-04  8.3313E-05  9.8528E-03  1.1149E-04  5.9021E-05  6.0120E-12  8.0129E-13  5.8842E-13  1.2440E-12  7.5787E-14  4.8341E-14  1.1062E-12  1.1358E-14  6.7907E-15  5.0383E-13  8.1158E-15  4.6288E-15  1.2675E-02  1.6100E-02  2.0645E-02  9.8521E-03  6.0117E-12  1.2440E-12  1.1061E-12  5.0380E-13  5.9602E-10  1.3481E-10  1.3481E-10  1.3481E-10
Li7     3    7  1.3445E-02  2.7086E-03  1.9308E-03  1.6923E-02  1.5864E-01  1.3469E-01  2.0793E-02  1.2879E-01  5.7876E-02  9.9090E-03  3.1924E-02  3.9315E-02  9.0581E-11  1.7579E-11  1.2884E-11  1.8572E-11  1.9445E-10  1.7606E-10  1.5824E-11  1.4199E-10  6.7008E-11  7.1974E-12  3.3010E-11  4.3798E-11  1.3444E-02  1.6931E-02  2.0801E-02  9.9106E-03  9.0577E-11  1.8581E-11  1.5831E-11  7.1987E-12  8.4661E-09  1.9149E-09  1.9149E-09  1.9149E-09
Be9     4    9  2.1609E-02  3.8072E-03  2.8950E-03  2.1566E-02  2.0478E-03  1.0252E-03  2.1898E-02  2.8005E-04  1.5372E-04  9.8578E-03  1.5067E-04  7.8147E-05  2.7322E-12  4.6374E-13  3.6256E-13  1.9839E-13  2.1039E-14  1.1233E-14  1.3969E-14  2.5880E-16  1.4918E-16  6.0018E-16  1.3059E-17  7.2972E-18  2.1608E-02  2.1564E-02  2.1897E-02  9.8571E-03  2.7321E-12  1.9838E-13  1.3969E-14  6.0015E-16  1.5889E-10  1.6051E-11  1.6051E-12  1.6051E-13
B10     5   10  3.5833E-02  5.4986E-03  4.1486E-03  3.6997E-02  2.9688E-03  1.4186E-03  2.5431E-02  3.8921E-04  1.9868E-04  1.1287E-02  1.7770E-04  9.0210E-05  2.0932E-11  3.0942E-12  2.4003E-12  1.5723E-12  1.4091E-13  7.1804E-14  7.4946E-14  1.6616E-15  8.9074E-16  3.1747E-15  7.1149E-17  3.8915E-17  3.5832E-02  3.6994E-02  2.5429E-02  1.1286E-02  2.0931E-11  1.5722E-12  7.4942E-14  3.1745E-15  7.3404E-10  7.4151E-11  7.4151E-12  7.4151E-13
B11     5   11  2.0757E-01  6.6920E-02  3.2339E-02  2.2027E-01  4.5617E-02  1.3294E-02  1.3909E-01  1.3863E-02  1.0504E-03  8.1883E-02  6.9280E-03  3.0475E-04  5.3685E-10  1.6674E-10  8.2844E-11  4.1447E-11  9.5865E-12  2.9794E-12  1.8149E-12  2.6204E-13  2.0851E-14  1.0197E-13  1.2282E-14  5.8208E-16  2.0756E-01  2.2026E-01  1.3908E-01  8.1877E-02  5.3683E-10  4.1445E-11  1.8148E-12  1.0197E-13  3.2501E-09  3.2832E-10  3.2832E-11  3.2832E-12
C12     6   12  6.4615E+00  1.5718E+01  1.5326E+01  3.5078E+01  6.5127E+01  5.9441E+01  4.8998E+02  5.0512E+02  4.2272E+02  5.0454E+03  4.5708E+03  5.4459E+03  1.2091E-02  2.8334E-02  2.8405E-02  8.8015E-03  1.8250E-02  1.7764E-02  8.5255E-03  1.2732E-02  1.1189E-02  8.3786E-03  1.0805E-02  1.3870E-02  6.4620E+00  3.5080E+01  4.8998E+02  5.0454E+03  1.2092E-02  8.8020E-03  8.5257E-03  8.3787E-03  2.3514E-03  4.3780E-04  4.3780E-05  4.3780E-06
C13     6   13  1.8526E+00  3.1557E+00  4.3476E+00  1.9005E+00  6.2505E+00  8.7900E+00  1.6913E+00  1.1851E+02  1.4614E+02  1.4104E+00  1.8645E+02  1.8828E+02  4.2007E-05  6.8933E-05  9.7644E-05  5.7785E-06  2.1225E-05  3.1833E-05  3.5661E-07  3.6198E-05  4.6878E-05  2.8381E-08  5.3414E-06  5.8108E-06  1.8526E+00  1.9007E+00  1.7003E+00  1.4244E+00  4.2008E-05  5.7793E-06  3.5851E-07  2.8664E-08  2.8494E-05  5.3052E-06  5.3052E-07  5.3052E-08
N14     7   14  5.1797E+00  7.0790E+00  9.3854E+00  1.0496E+01  6.1992E+01  4.5176E+01  9.8922E+00  4.4515E+02  3.5428E+02  1.1152E+01  2.7145E+03  4.7072E+03  2.8656E-03  3.7727E-03  5.1428E-03  4.1814E-04  2.7582E-03  2.1436E-03  2.7328E-05  1.7815E-03  1.4890E-03  2.9404E-06  1.0189E-03  1.9035E-03  5.1798E+00  1.0499E+01  9.9258E+00  1.1357E+01  2.8656E-03  4.1826E-04  2.7422E-05  2.9945E-06  6.9520E-04  6.9511E-05  6.9511E-06  6.9511E-07
N15     7   15  3.5650E-01  3.6111E-01  5.7273E-01  5.7472E-01  6.1672E+02  3.8067E+02  6.2674E-01  2.2434E+03  1.1322E+03  4.8617E+00  1.5966E+04  1.2842E+04  4.8501E-07  4.7327E-07  7.7176E-07  5.6305E-08  6.7479E-05  4.4420E-05  4.2579E-09  2.2078E-05  1.1702E-05  3.1523E-09  1.4737E-05  1.2771E-05  3.5650E-01  6.1132E-01  7.9956E-01  6.0703E+00  4.8501E-07  5.9891E-08  5.4321E-09  3.9361E-09  1.7096E-06  1.7094E-07  1.7094E-08  1.7094E-09
O16     8   16  5.9560E+00  1.3088E+01  1.3491E+01  2.5689E+01  5.0829E+01  4.8554E+01  3.2142E+02  5.2539E+02  5.8022E+02  3.8270E+03  5.8655E+03  5.6994E+03  2.7278E-02  5.7747E-02  6.1200E-02  3.0061E-02  6.6429E-02  6.7674E-02  2.6082E-02  6.1761E-02  7.1630E-02  2.9640E-02  6.4669E-02  6.7699E-02  5.9564E+00  2.5691E+01  3.2143E+02  3.8272E+03  2.7280E-02  3.0063E-02  2.6084E-02  2.9641E-02  5.7553E-03  2.0418E-03  2.0418E-04  2.0418E-05
O17     8   17  9.5045E-01  1.0613E+00  1.4867E+00  1.3284E+00  2.2474E+01  2.1658E+01  5.5790E+00  2.3134E+02  9.4018E+01  9.5216E+00  1.3968E+03  1.3580E+03  1.7571E-06  1.8900E-06  2.7223E-06  6.2747E-07  1.1856E-05  1.2185E-05  1.8274E-07  1.0977E-05  4.6849E-06  2.9766E-08  6.2163E-06  6.5110E-06  9.5046E-01  1.3297E+00  5.5964E+00  9.6266E+00  1.7571E-06  6.2807E-07  1.8331E-07  3.0095E-08  2.3231E-06  8.2416E-07  8.2416E-08  8.2416E-09
O18     8   18  1.0308E+01  6.3943E-01  1.4226E+00  8.8151E+00  3.6640E+02  5.2129E+02  1.1852E+01  2.2458E+03  4.4358E+03  8.5862E+00  2.2295E+04  3.4525E+04  1.0647E-04  6.3627E-06  1.4554E-05  2.3265E-05  1.0800E-03  1.6387E-03  2.1691E-06  5.9542E-04  1.2351E-03  1.4998E-07  5.5438E-04  9.2493E-04  1.0307E+01  8.8364E+00  1.2024E+01  1.0274E+01  1.0646E-04  2.3321E-05  2.2007E-06  1.7946E-07  1.2980E-05  4.6050E-06  4.6050E-07  4.6050E-08
F19     9   19  5.8007E-01  1.6445E+01  9.3370E+00  9.1176E-01  1.9064E+02  2.1637E+02  7.8862E-01  1.0357E+03  1.7673E+03  1.4851E+00  7.8149E+04  1.6249E+04  2.3443E-07  6.4024E-06  3.7375E-06  2.6534E-08  6.1963E-06  7.4998E-06  1.5915E-09  3.0277E-06  5.4260E-06  2.8604E-10  2.1428E-05  4.8000E-06  5.8088E-01  9.2304E-01  8.6836E-01  7.4025E+00  2.3476E-07  2.6862E-08  1.7525E-09  1.4258E-09  5.0785E-07  5.0778E-08  5.0778E-09  5.0778E-10
Ne20   10   20  8.9904E+00  3.8805E+00  4.7269E+00  9.7460E+01  6.3980E+01  5.4144E+01  1.5737E+03  5.1904E+02  6.9397E+02  1.5907E+04  5.3622E+03  6.6889E+03  8.3327E-03  3.4648E-03  4.3394E-03  6.5050E-03  4.7693E-03  4.3043E-03  7.2841E-03  3.4802E-03  4.8865E-03  7.0271E-03  3.3721E-03  4.5319E-03  8.9901E+00  9.7458E+01  1.5737E+03  1.5907E+04  8.3325E-03  6.5049E-03  7.2839E-03  7.0269E-03  1.1647E-03  1.1646E-04  1.1646E-05  1.1646E-06
Ne21   10   21  4.0067E+00  6.4115E+00  7.0807E+00  2.7501E+01  6.6529E+01  1.1694E+02  1.6239E+02  6.6431E+02  1.7492E+03  1.1996E+03  9.5039E+03  1.3517E+04  9.3477E-06  1.4410E-05  1.6362E-05  4.6201E-06  1.2483E-05  2.3399E-05  1.8919E-06  1.1211E-05  3.1001E-05  1.3338E-06  1.5043E-05  2.3051E-05  4.0068E+00  2.7503E+01  1.6243E+02  1.2002E+03  9.3479E-06  4.6205E-06  1.8924E-06  1.3345E-06  2.9317E-06  2.9313E-07  2.9313E-08  2.9313E-09
Ne22   10   22  8.8260E+00  1.5477E+01  2.6317E+01  3.1783E+01  1.8881E+02  4.1349E+02  4.7601E+01  1.0145E+03  4.5871E+03  5.4695E+01  2.2800E+04  2.8064E+04  6.6167E-04  1.1177E-03  1.9541E-03  1.7158E-04  1.1384E-03  2.6587E-03  1.7820E-05  5.5015E-04  2.6124E-03  1.9542E-06  1.1597E-03  1.5379E-03  8.8263E+00  3.1792E+01  4.7675E+01  5.6418E+01  6.6170E-04  1.7163E-04  1.7848E-05  2.0158E-06  9.4207E-05  9.4194E-06  9.4194E-07  9.4194E-08
Na23   11   23  9.1074E+00  5.8754E+00  7.9104E+00  3.8733E+01  2.6194E+01  4.4574E+01  3.4626E+02  9.9664E+01  3.0141E+02  3.1165E+03  9.2789E+02  2.7207E+03  2.1325E-04  1.3253E-04  1.8346E-04  6.5309E-05  4.9326E-05  8.9516E-05  4.0486E-05  1.6881E-05  5.3615E-05  3.4778E-05  1.4741E-05  4.6566E-05  9.1073E+00  3.8732E+01  3.4624E+02  3.1163E+03  2.1325E-04  6.5308E-05  4.0485E-05  3.4777E-05  2.9424E-05  2.9420E-06  2.9420E-07  2.9420E-08
Mg24   12   24  4.3586E+00  2.6117E+00  2.7926E+00  2.7010E+01  2.0943E+01  1.2917E+01  3.9581E+02  1.9451E+02  1.5550E+02  3.8079E+03  1.9587E+03  1.7801E+03  1.9271E-03  1.1124E-03  1.2230E-03  1.5293E-03  1.3243E-03  8.7108E-04  1.5540E-03  1.1063E-03  9.2877E-04  1.4269E-03  1.0448E-03  1.0230E-03  4.3585E+00  2.7010E+01  3.9579E+02  3.8078E+03  1.9271E-03  1.5292E-03  1.5540E-03  1.4269E-03  5.5560E-04  9.8788E-05  9.8788E-06  9.8788E-07
Mg25   12   25  4.0899E+00  5.5767E+00  6.0820E+00  8.7027E+00  1.3453E+01  4.0705E+01  3.2200E+01  6.9393E+01  6.3647E+02  2.0294E+02  8.9988E+02  1.7702E+03  2.3846E-04  3.1324E-04  3.5124E-04  6.4980E-05  1.1219E-04  3.6200E-04  1.6672E-05  5.2050E-05  5.0135E-04  1.0029E-05  6.3305E-05  1.3416E-04  4.0899E+00  8.7030E+00  3.2202E+01  2.0300E+02  2.3847E-04  6.4982E-05  1.6674E-05  1.0032E-05  7.3269E-05  1.3028E-05  1.3028E-06  1.3028E-07
Mg26   12   26  3.9291E+00  4.8071E+00  6.1896E+00  8.9003E+00  1.3122E+01  6.6800E+01  4.5565E+01  5.8572E+01  9.4260E+02  3.0899E+02  6.0687E+02  2.3637E+03  2.6232E-04  3.0917E-04  4.0930E-04  7.6091E-05  1.2529E-04  6.8021E-04  2.7013E-05  5.0303E-05  8.5014E-04  1.7483E-05  4.8882E-05  2.0513E-04  3.9291E+00  8.9005E+00  4.5566E+01  3.0901E+02  2.6232E-04  7.6093E-05  2.7015E-05  1.7485E-05  8.3896E-05  1.4917E-05  1.4917E-06  1.4917E-07
Al27   13   27  5.3681E+00  3.3695E+00  4.1155E+00  3.3717E+01  3.3100E+01  3.0622E+01  2.6241E+02  1.8813E+02  2.6069E+02  1.9163E+03  1.2758E+03  2.5897E+03  2.3931E-04  1.4471E-04  1.8172E-04  1.0824E-04  1.1867E-04  1.1708E-04  5.8415E-05  6.0670E-05  8.8286E-05  4.0714E-05  3.8588E-05  8.4387E-05  5.3679E+00  3.3717E+01  2.6240E+02  1.9162E+03  2.3930E-04  1.0824E-04  5.8415E-05  4.0714E-05  5.6020E-05  5.6013E-06  5.6013E-07  5.6013E-08
Si28   14   28  5.9304E+00  9.2608E+00  1.1699E+01  2.9261E+01  3.9039E+01  6.8615E+01  3.5093E+02  4.7932E+02  7.5967E+02  3.8783E+03  4.4940E+03  5.0335E+03  2.9033E-03  4.3675E-03  5.6726E-03  2.6516E-03  3.9509E-03  7.4056E-03  2.2052E-03  4.3633E-03  7.2622E-03  2.3260E-03  3.8368E-03  4.6299E-03  5.9306E+00  2.9262E+01  3.5094E+02  3.8784E+03  2.9034E-03  2.6516E-03  2.2053E-03  2.3260E-03  6.1519E-04  1.5811E-04  1.5811E-05  1.5811E-06
Si29   14   29  3.9430E+00  5.1707E+00  6.8830E+00  8.2895E+00  1.1438E+01  2.1846E+01  4.7872E+01  6.3488E+01  1.4907E+02  3.2586E+02  4.0385E+02  1.6165E+03  1.0152E-04  1.2825E-04  1.7552E-04  3.9503E-05  6.0877E-05  1.2400E-04  1.5820E-05  3.0393E-05  7.4942E-05  1.0278E-05  1.8133E-05  7.8197E-05  3.9431E+00  8.2897E+00  4.7873E+01  3.2586E+02  1.0152E-04  3.9505E-05  1.5821E-05  1.0278E-05  3.2353E-05  8.3150E-06  8.3150E-07  8.3150E-08
Si30   14   30  6.9607E+00  9.9904E+00  1.4577E+01  1.5088E+01  2.3430E+01  4.4782E+01  7.9492E+01  1.0607E+02  2.4211E+02  4.1707E+02  4.9160E+02  3.3554E+03  1.2221E-04  1.6898E-04  2.5349E-04  4.9034E-05  8.5038E-05  1.7334E-04  1.7914E-05  3.4629E-05  8.3005E-05  8.9706E-06  1.5052E-05  1.1068E-04  6.9609E+00  1.5089E+01  7.9494E+01  4.1708E+02  1.2221E-04  4.9036E-05  1.7915E-05  8.9709E-06  2.2063E-05  5.6703E-06  5.6703E-07  5.6703E-08
P31    15   31  5.8017E+00  9.6682E+00  1.2666E+01  4.0503E+01  5.9939E+01  1.1972E+02  2.7075E+02  3.9021E+02  9.8488E+02  1.9552E+03  2.3837E+03  8.4802E+03  2.7083E-05  4.3478E-05  5.8563E-05  1.3615E-05  2.2503E-05  4.7932E-05  6.3112E-06  1.3177E-05  3.4926E-05  4.3499E-06  7.5493E-06  2.8935E-05  5.8019E+00  4.0504E+01  2.7076E+02  1.9553E+03  2.7084E-05  1.3615E-05  6.3116E-06  4.3501E-06  5.8660E-06  5.8652E-07  5.8652E-08  5.8652E-09
S32    16   32  4.5663E+00  7.7104E+00  1.0779E+01  2.1145E+01  4.4825E+01  1.1493E+02  2.5097E+02  6.9694E+02  1.2856E+03  4.0745E+03  5.3223E+03  5.5229E+03  1.0712E-03  1.7425E-03  2.5047E-03  7.9971E-04  1.8933E-03  5.1771E-03  6.5820E-04  2.6478E-03  5.1294E-03  1.0199E-03  1.8965E-03  2.1202E-03  4.5664E+00  2.1147E+01  2.5100E+02  4.0746E+03  1.0713E-03  7.9977E-04  6.5830E-04  1.0199E-03  2.9480E-04  6.5989E-05  6.5989E-06  6.5989E-07
S33    16   33  5.9790E+00  1.3287E+01  1.7212E+01  2.5534E+01  4.3202E+01  8.9048E+01  1.9704E+02  4.7118E+02  8.0687E+02  2.4251E+03  3.6314E+03  5.4091E+03  1.1580E-05  2.4792E-05  3.3020E-05  7.9728E-06  1.5066E-05  3.3118E-05  4.2666E-06  1.4780E-05  2.6579E-05  5.0117E-06  1.0683E-05  1.7144E-05  5.9793E+00  2.5535E+01  1.9706E+02  2.4252E+03  1.1581E-05  7.9732E-06  4.2671E-06  5.0120E-06  2.4339E-06  5.4482E-07  5.4482E-08  5.4482E-09
S34    16   34  7.1551E+00  1.6907E+01  2.2143E+01  1.9879E+01  2.8206E+01  1.4594E+02  1.1059E+02  1.6072E+02  1.1175E+03  8.3810E+02  1.3559E+03  6.6400E+03  8.0597E-05  1.8347E-04  2.4706E-04  3.6099E-05  5.7205E-05  3.1566E-04  1.3926E-05  2.9318E-05  2.1409E-04  1.0073E-05  2.3199E-05  1.2240E-04  7.1556E+00  1.9879E+01  1.1059E+02  8.3814E+02  8.0603E-05  3.6100E-05  1.3927E-05  1.0073E-05  1.4155E-05  3.1685E-06  3.1685E-07  3.1685E-08
S36    16   36  2.2753E+00  2.7676E+00  6.9079E+00  1.7584E+00  2.8625E+00  1.2983E+01  1.4146E+00  3.3957E+00  4.7786E+01  1.8688E+00  3.6693E+00  1.3933E+03  1.2651E-07  1.4825E-07  3.8045E-07  1.5763E-08  2.8658E-08  1.3862E-07  8.7938E-10  3.0579E-09  4.5191E-08  1.1088E-10  3.0991E-10  1.2678E-07  2.2753E+00  1.7585E+00  1.4148E+00  1.8690E+00  1.2652E-07  1.5764E-08  8.7950E-10  1.1089E-10  6.9873E-08  1.5641E-08  1.5641E-09  1.5641E-10
Cl35   17   35  1.9719E+00  3.3883E+00  4.6170E+00  8.7760E+00  1.6999E+01  6.2174E+01  4.7473E+01  2.2043E+02  5.9959E+02  6.0806E+02  1.2554E+03  3.1126E+03  9.6889E-06  1.6039E-05  2.2470E-05  3.1052E-06  6.7174E-06  2.6202E-05  1.1648E-06  7.8349E-06  2.2381E-05  1.4239E-06  4.1850E-06  1.1179E-05  1.9719E+00  8.7765E+00  4.7486E+01  6.0811E+02  9.6893E-06  3.1054E-06  1.1652E-06  1.4241E-06  6.1745E-06  6.1737E-07  6.1737E-08  6.1737E-09
Cl37   17   37  1.8461E+00  3.1423E+00  4.0868E+00  6.1194E+00  1.6921E+01  5.5009E+01  3.5168E+01  2.7827E+02  4.7926E+02  1.0013E+03  1.4718E+03  1.4470E+03  3.0648E-06  5.0254E-06  6.7201E-06  7.3156E-07  2.2593E-06  7.8327E-06  2.9155E-07  3.3418E-06  6.0444E-06  7.9226E-07  1.6578E-06  1.7559E-06  1.8461E+00  6.1200E+00  3.5187E+01  1.0014E+03  3.0649E-06  7.3164E-07  2.9171E-07  7.9230E-07  2.0862E-06  2.0859E-07  2.0859E-08  2.0859E-09
Ar36   18   36  3.9996E+00  6.1354E+00  9.0796E+00  1.7341E+01  5.2337E+01  1.3237E+02  2.2858E+02  9.2966E+02  1.4828E+03  4.7823E+03  5.5492E+03  5.2068E+03  1.7924E-04  2.6488E-04  4.0302E-04  1.2528E-04  4.2230E-04  1.1391E-03  1.1452E-04  6.7473E-04  1.1302E-03  2.2867E-04  3.7773E-04  3.8185E-04  3.9997E+00  1.7343E+01  2.2864E+02  4.7824E+03  1.7925E-04  1.2530E-04  1.1455E-04  2.2868E-04  5.6315E-05  1.2606E-05  1.2606E-06  1.2606E-07
Ar38   18   38  4.0961E+00  1.0537E+01  1.5291E+01  1.0647E+01  1.9435E+01  2.9163E+02  5.7278E+01  1.7814E+02  2.0825E+03  1.0922E+03  1.6186E+03  6.1116E+03  3.5230E-05  8.7306E-05  1.3026E-04  1.4763E-05  3.0096E-05  4.8162E-04  5.5073E-06  2.4813E-05  3.0462E-04  1.0023E-05  2.1145E-05  8.6018E-05  4.0964E+00  1.0648E+01  5.7287E+01  1.0922E+03  3.5233E-05  1.4763E-05  5.5084E-06  1.0023E-05  1.0808E-05  2.4193E-06  2.4193E-07  2.4193E-08
Ar40   18   40  2.3735E+00  4.4590E+00  7.8766E+00  1.7621E+00  6.0220E+00  1.0176E+01  1.1386E+00  8.5458E+00  1.5811E+01  1.0540E+00  1.0370E+01  2.8582E+03  3.4369E-08  6.2200E-08  1.1297E-07  4.1132E-09  1.5700E-08  2.8293E-08  1.8431E-10  2.0040E-09  3.8937E-09  1.6284E-11  2.2807E-10  6.7726E-08  2.3736E+00  1.7623E+00  1.1391E+00  1.0547E+00  3.4370E-08  4.1138E-09  1.8440E-10  1.6296E-11  1.8196E-08  4.0730E-09  4.0730E-10  4.0730E-11
K39    19   39  1.8073E+00  3.4211E+00  6.3454E+00  8.9748E+00  3.8043E+01  2.3897E+02  6.9947E+01  8.4952E+02  2.0904E+03  1.8968E+03  3.3926E+03  7.8634E+03  4.1207E-06  7.5141E-06  1.4330E-05  1.4735E-06  6.9758E-06  4.6731E-05  7.9637E-07  1.4011E-05  3.6207E-05  2.0611E-06  5.2479E-06  1.3105E-05  1.8074E+00  8.9766E+00  7.0007E+01  1.8969E+03  4.1209E-06  1.4738E-06  7.9707E-07  2.0613E-06  2.8651E-06  2.8647E-07  2.8647E-08  2.8647E-09
K40    19   40  8.6198E+00  2.1467E+01  6.3178E+01  2.4228E+01  9.6827E+01  2.6326E+02  2.6863E+01  4.5450E+02  1.4180E+03  1.2637E+02  5.4644E+02  6.8847E+04  3.1817E-08  7.6332E-08  2.3097E-07  6.4398E-09  2.8743E-08  8.3344E-08  4.9514E-10  1.2135E-08  3.9761E-08  2.2230E-10  1.3684E-09  1.8575E-07  8.6205E+00  2.4233E+01  2.6896E+01  1.2640E+02  3.1819E-08  6.4410E-09  4.9576E-10  2.2236E-10  4.6383E-09  4.6377E-10  4.6377E-11  4.6377E-12
K41    19   41  2.6380E+00  5.6225E+00  1.1518E+01  1.0901E+01  1.0207E+02  3.2100E+02  7.7135E+01  2.3430E+03  2.6482E+03  4.2785E+03  3.2554E+03  6.1438E+03  4.5632E-07  9.3692E-07  1.9734E-06  1.3578E-07  1.4200E-06  4.7623E-06  6.6628E-08  2.9318E-06  3.4800E-06  3.5272E-07  3.8205E-07  7.7682E-07  2.6381E+00  1.0906E+01  7.7310E+01  4.2784E+03  4.5635E-07  1.3585E-07  6.6781E-08  3.5272E-07  2.1737E-07  2.1734E-08  2.1734E-09  2.1734E-10
Ca40   20   40  3.2079E+00  4.3291E+00  6.8649E+00  1.2342E+01  5.0257E+01  1.3040E+02  1.7900E+02  9.1772E+02  1.4386E+03  4.0839E+03  3.5672E+03  4.0305E+03  1.5943E-04  2.0726E-04  3.3792E-04  9.8878E-05  4.4969E-04  1.2443E-03  9.9447E-05  7.3860E-04  1.2159E-03  2.1655E-04  2.6927E-04  3.2778E-04  3.2079E+00  1.2344E+01  1.7906E+02  4.0838E+03  1.5943E-04  9.8897E-05  9.9481E-05  2.1655E-04  6.2452E-05  1.3979E-05  1.3979E-06  1.3979E-07
Ca42   20   42  3.9753E+00  1.0342E+01  1.5836E+01  8.8726E+00  2.4253E+01  3.3050E+02  3.9749E+01  2.8340E+02  2.2802E+03  1.1458E+03  1.7673E+03  5.9391E+03  1.3845E-06  3.4699E-06  5.4629E-06  4.9816E-07  1.5208E-06  2.2102E-05  1.5476E-07  1.5985E-06  1.3506E-05  4.2578E-07  9.3491E-07  3.3848E-06  3.9756E+00  8.8735E+00  3.9768E+01  1.1458E+03  1.3846E-06  4.9822E-07  1.5484E-07  4.2581E-07  4.3765E-07  9.7966E-08  9.7966E-09  9.7966E-10
Ca43   20   43  2.5697E+00  3.9730E+00  6.0557E+00  3.6367E+00  5.9157E+00  9.3737E+00  4.7647E+00  1.9962E+01  3.6105E+01  2.5799E+01  3.7521E+01  1.1006E+03  1.9119E-07  2.8475E-07  4.4626E-07  4.3620E-08  7.9245E-08  1.3391E-07  3.9630E-09  2.4052E-08  4.5685E-08  2.0480E-09  4.2402E-09  1.3400E-07  2.5698E+00  3.6369E+00  4.7659E+00  2.5800E+01  1.9119E-07  4.3622E-08  3.9641E-09  2.0482E-09  9.3493E-08  2.0928E-08  2.0928E-09  2.0928E-10
Ca44   20   44  1.7769E+00  1.9699E+00  2.3289E+00  4.1433E+00  7.1341E+00  7.2297E+00  3.9311E+01  7.5095E+01  5.8515E+01  4.9745E+02  4.3382E+02  4.0221E+02  2.0903E-06  2.2323E-06  2.7135E-06  7.8574E-07  1.5110E-06  1.6330E-06  5.1696E-07  1.4306E-06  1.1707E-06  6.2435E-07  7.7512E-07  7.7425E-07  1.7769E+00  4.1435E+00  3.9314E+01  4.9744E+02  2.0903E-06  7.8578E-07  5.1701E-07  6.2436E-07  1.4782E-06  3.3089E-07  3.3089E-08  3.3089E-09
Ca46   20   46  5.2112E+00  3.8743E+01  3.1786E+01  4.7576E+00  1.5266E+01  2.2981E+01  1.0446E+00  2.5088E+01  5.6678E+01  9.7251E-01  7.0246E+01  9.5758E+02  1.2289E-08  8.8016E-08  7.4245E-08  1.8087E-09  6.4820E-09  1.0406E-08  2.7540E-11  9.5816E-10  2.2732E-09  2.4470E-12  2.5161E-10  3.6953E-09  5.2129E+00  4.7582E+00  1.0465E+00  9.7775E-01  1.2293E-08  1.8090E-09  2.7589E-11  2.4602E-12  2.9634E-09  6.6334E-10  6.6334E-11  6.6334E-12
Ca48   20   48  9.7648E-01  9.5965E-01  9.7029E-01  9.5867E-01  9.2423E-01  9.1736E-01  9.4970E-01  9.1168E-01  9.2033E-01  9.3747E-01  9.7852E-01  9.0919E-01  1.1233E-07  1.0635E-07  1.1056E-07  1.7780E-08  1.9144E-08  2.0264E-08  1.2214E-09  1.6985E-09  1.8007E-09  1.1507E-10  1.7098E-10  1.7116E-10  9.7648E-01  9.5867E-01  9.4970E-01  9.3747E-01  1.1233E-07  1.7780E-08  1.2214E-09  1.1507E-10  1.4456E-07  3.2360E-08  3.2360E-09  3.2360E-10
Sc45   21   45  3.2466E+00  7.0826E+00  1.0029E+01  1.0930E+01  3.0351E+01  3.6975E+01  1.9688E+01  2.7059E+02  2.4155E+02  6.6499E+02  5.1460E+02  5.6699E+03  1.2089E-07  2.5407E-07  3.6990E-07  2.9309E-08  9.0897E-08  1.1809E-07  3.6611E-09  7.2891E-08  6.8332E-08  1.1802E-08  1.3001E-08  1.5433E-07  3.2467E+00  1.0931E+01  1.9708E+01  6.6498E+02  1.2090E-07  2.9312E-08  3.6648E-09  1.1802E-08  4.6794E-08  4.6788E-09  4.6788E-10  4.6788E-11
Ti46   22   46  3.2097E+00  8.8943E+00  1.2664E+01  8.6100E+00  2.5968E+01  3.0703E+02  4.8288E+01  3.3656E+02  2.7364E+03  1.4292E+03  1.1257E+03  6.0171E+03  6.3598E-07  1.6977E-06  2.4854E-06  2.4512E-07  8.2568E-07  1.0411E-05  9.5332E-08  9.6257E-07  8.2188E-06  2.6929E-07  3.0196E-07  1.7389E-06  3.2100E+00  8.6110E+00  4.8310E+01  1.4292E+03  6.3604E-07  2.4516E-07  9.5378E-08  2.6929E-07  2.4899E-07  4.9675E-08  4.9675E-09  4.9675E-10
Ti47   22   47  1.3287E+00  1.8650E+00  2.8303E+00  1.8967E+00  3.4901E+00  8.9444E+00  5.7130E+00  1.7458E+01  4.9034E+01  4.9305E+01  4.2678E+01  7.1443E+02  2.4259E-07  3.2803E-07  5.1183E-07  4.9754E-08  1.0225E-07  2.7946E-07  1.0392E-08  4.6004E-08  1.3570E-07  8.5602E-09  1.0548E-08  1.9024E-07  1.3287E+00  1.8968E+00  5.7139E+00  4.9305E+01  2.4259E-07  4.9757E-08  1.0394E-08  8.5603E-09  2.2943E-07  4.5771E-08  4.5771E-09  4.5771E-10
Ti48   22   48  2.0006E+00  1.7259E+00  2.2778E+00  6.6193E+00  8.7476E+00  8.6557E+00  7.6734E+01  8.6073E+01  7.4874E+01  9.0180E+02  8.1706E+02  9.1596E+02  3.6963E-06  3.0719E-06  4.1683E-06  1.7571E-06  2.5934E-06  2.7367E-06  1.4125E-06  2.2953E-06  2.0968E-06  1.5844E-06  2.0435E-06  2.4681E-06  2.0006E+00  6.6194E+00  7.6735E+01  9.0179E+02  3.6962E-06  1.7572E-06  1.4126E-06  1.5844E-06  2.3217E-06  4.6318E-07  4.6318E-08  4.6318E-09
Ti49   22   49  2.1956E+00  3.5070E+00  5.8203E+00  4.5247E+00  9.2166E+00  1.4152E+01  3.0008E+01  5.1120E+01  8.1969E+01  3.5295E+02  2.8257E+02  1.6065E+03  3.0389E-07  4.6762E-07  7.9792E-07  8.9981E-08  2.0470E-07  3.3521E-07  4.1383E-08  1.0213E-07  1.7197E-07  4.6454E-08  5.2945E-08  3.2429E-07  2.1956E+00  4.5250E+00  3.0010E+01  3.5294E+02  3.0390E-07  8.9988E-08  4.1386E-08  4.6455E-08  1.7393E-07  3.4699E-08  3.4699E-09  3.4699E-10
Ti50   22   50  1.6947E+00  3.7626E+00  5.3690E+00  2.2569E+00  1.0298E+01  2.4287E+01  1.5303E+00  1.2148E+01  2.8159E+01  1.0623E+00  5.4858E+00  6.8361E+01  2.2917E-07  4.9015E-07  7.1912E-07  4.3852E-08  2.2348E-07  5.6205E-07  2.0618E-09  2.3712E-08  5.7720E-08  1.3660E-10  1.0042E-09  1.3483E-08  1.6948E+00  2.2574E+00  1.5311E+00  1.0626E+00  2.2918E-07  4.3862E-08  2.0630E-09  1.3665E-10  1.6993E-07  3.3902E-08  3.3902E-09  3.3902E-10
V50    23   50  7.2626E+00  2.9351E+01  4.7614E+01  1.6779E+01  6.4173E+01  6.0446E+01  7.7662E+00  6.2522E+01  1.6687E+02  1.5300E+01  4.3371E+01  4.1573E+04  4.5267E-09  1.7624E-08  2.9394E-08  7.5309E-10  3.2167E-09  3.2313E-09  2.4171E-11  2.8190E-10  7.9011E-10  4.5450E-12  1.8340E-11  1.8940E-08  7.2637E+00  1.6782E+01  7.7704E+00  1.5303E+01  4.5274E-09  7.5322E-10  2.4185E-11  4.5457E-12  7.8323E-10  7.8312E-11  7.8312E-12  7.8312E-13
V51    23   51  2.2044E+00  7.1607E+00  7.7301E+00  7.8531E+00  1.0365E+01  5.1119E+01  5.5728E+01  7.4133E+01  3.7970E+02  5.4725E+02  3.4620E+02  4.2187E+03  5.5918E-07  1.7498E-06  1.9422E-06  1.4345E-07  2.1145E-07  1.1122E-06  7.0590E-08  1.3603E-07  7.3170E-07  6.6160E-08  5.9581E-08  7.8222E-07  2.2047E+00  7.8532E+00  5.5729E+01  5.4723E+02  5.5924E-07  1.4345E-07  7.0594E-08  6.6159E-08  3.1876E-07  3.1872E-08  3.1872E-09  3.1872E-10
Cr50   24   50  3.5548E+00  6.2041E+01  4.2719E+01  1.4066E+01  3.0847E+01  2.8503E+02  9.5974E+01  3.2733E+02  2.9729E+03  1.5933E+03  1.1007E+03  1.2955E+04  1.9749E-06  3.3204E-05  2.3507E-05  5.6272E-07  1.3783E-06  1.3582E-05  2.6626E-07  1.3155E-06  1.2547E-05  4.2187E-07  4.1488E-07  5.2607E-06  3.5578E+00  1.4067E+01  9.5992E+01  1.5933E+03  1.9766E-06  5.6277E-07  2.6631E-07  4.2187E-07  6.9813E-07  6.9804E-08  6.9804E-09  6.9804E-10
Cr52   24   52  2.4945E+00  4.6494E+00  3.9356E+00  1.6343E+01  1.8734E+01  2.2715E+01  2.0350E+02  2.0661E+02  2.1843E+02  2.3776E+03  2.1697E+03  3.3715E+03  2.7793E-05  4.9904E-05  4.3432E-05  1.3113E-05  1.6787E-05  2.1707E-05  1.1322E-05  1.6652E-05  1.8488E-05  1.2625E-05  1.6401E-05  2.7458E-05  2.4946E+00  1.6344E+01  2.0351E+02  2.3776E+03  2.7794E-05  1.3113E-05  1.1323E-05  1.2625E-05  1.4001E-05  1.3999E-06  1.3999E-07  1.3999E-08
Cr53   24   53  2.6463E+00  1.5417E+01  9.3267E+00  1.2521E+01  1.3323E+01  3.2499E+01  1.2526E+02  1.1808E+02  3.2374E+02  1.3336E+03  1.0655E+03  4.8639E+03  3.4078E-06  1.9125E-05  1.1896E-05  1.1610E-06  1.3798E-06  3.5894E-06  8.0546E-07  1.1000E-06  3.1671E-06  8.1850E-07  9.3093E-07  4.5783E-06  2.6470E+00  1.2521E+01  1.2526E+02  1.3336E+03  3.4086E-06  1.1611E-06  8.0547E-07  8.1851E-07  1.6182E-06  1.6180E-07  1.6180E-08  1.6180E-09
Cr54   24   54  1.6891E+00  2.5305E+00  2.8050E+00  1.9849E+00  3.1683E+00  7.8400E+00  1.9544E+00  3.4914E+00  2.2835E+01  1.7088E+00  3.3897E+00  3.9734E+01  5.5166E-07  7.9614E-07  9.0736E-07  4.6680E-08  8.3215E-08  2.1960E-07  3.1873E-09  8.2483E-09  5.6654E-08  2.6596E-10  7.5107E-10  9.4851E-09  1.6892E+00  1.9850E+00  1.9545E+00  1.7089E+00  5.5167E-07  4.6682E-08  3.1876E-09  2.6599E-10  4.1040E-07  4.1034E-08  4.1034E-09  4.1034E-10
Mn55   25   55  2.3241E+00  1.0598E+01  9.9200E+00  8.7024E+00  9.3009E+00  2.7843E+01  7.5950E+01  6.6844E+01  2.9898E+02  7.1030E+02  4.6188E+02  4.2318E+03  2.0156E-05  8.8545E-05  8.5211E-05  5.4344E-06  6.4868E-06  2.0709E-05  3.2890E-06  4.1933E-06  1.9697E-05  2.9357E-06  2.7175E-06  2.6824E-05  2.3245E+00  8.7024E+00  7.5949E+01  7.1028E+02  2.0159E-05  5.4345E-06  3.2890E-06  2.9357E-06  1.0898E-05  1.0896E-06  1.0896E-07  1.0896E-08
Fe54   26   54  2.6949E+00  4.1784E+01  2.8285E+01  8.4049E+00  1.4123E+01  5.6567E+01  6.0675E+01  6.9162E+01  6.7517E+02  5.4405E+02  3.5936E+02  8.0470E+03  1.5758E-04  2.3536E-03  1.6381E-03  3.5390E-05  6.6416E-05  2.8369E-04  1.7716E-05  2.9254E-05  2.9991E-04  1.5161E-05  1.4256E-05  3.4393E-04  2.6969E+00  8.4052E+00  6.0676E+01  5.4404E+02  1.5770E-04  3.5391E-05  1.7717E-05  1.5161E-05  7.3478E-05  7.3468E-06  7.3468E-07  7.3468E-08
Fe56   26   56  2.6703E+00  2.3059E+00  2.7014E+00  2.4726E+01  2.2168E+01  2.1132E+01  3.4404E+02  2.3775E+02  2.3077E+02  3.5959E+03  2.5262E+03  2.3532E+03  2.5419E-03  2.1146E-03  2.5470E-03  1.6949E-03  1.6970E-03  1.7252E-03  1.6353E-03  1.6371E-03  1.6688E-03  1.6313E-03  1.6315E-03  1.6373E-03  2.6703E+00  2.4726E+01  3.4403E+02  3.5958E+03  2.5419E-03  1.6949E-03  1.6353E-03  1.6313E-03  1.1962E-03  1.1960E-04  1.1960E-05  1.1960E-06
Fe57   26   57  4.0112E+00  3.7770E+00  4.5959E+00  3.7552E+01  3.3097E+01  3.4180E+01  5.2054E+02  3.3380E+02  3.5318E+02  5.1350E+03  3.4131E+03  3.4019E+03  8.9755E-05  8.1416E-05  1.0186E-04  6.0506E-05  5.9559E-05  6.5597E-05  5.8162E-05  5.4030E-05  6.0035E-05  5.4760E-05  5.1814E-05  5.5640E-05  4.0112E+00  3.7551E+01  5.2052E+02  5.1349E+03  8.9755E-05  6.0506E-05  5.8162E-05  5.4760E-05  2.8118E-05  2.8114E-06  2.8114E-07  2.8114E-08
Fe58   26   58  4.8372E+00  7.9005E+00  7.8117E+00  6.1757E+00  8.4690E+00  4.6874E+00  6.7790E+00  8.0807E+00  5.9824E+00  2.4996E+00  1.2250E+01  9.2623E+00  1.4657E-05  2.3061E-05  2.3444E-05  1.3475E-06  2.0638E-06  1.2182E-06  1.0257E-07  1.7713E-07  1.3771E-07  3.6097E-09  2.5183E-08  2.0515E-08  4.8373E+00  6.1758E+00  6.7791E+00  2.5003E+00  1.4657E-05  1.3476E-06  1.0258E-07  3.6108E-09  3.8076E-06  3.8072E-07  3.8072E-08  3.8072E-09
Co59   27   59  4.0621E+00  4.8152E+00  4.4654E+00  1.6032E+01  1.4173E+01  1.3876E+01  1.7709E+02  9.2274E+01  1.3102E+02  1.6330E+03  8.5078E+02  9.1797E+02  1.3721E-05  1.5668E-05  1.4939E-05  3.8995E-06  3.8500E-06  4.0200E-06  2.9869E-06  2.2546E-06  3.3621E-06  2.6289E-06  1.9497E-06  2.2665E-06  4.0621E+00  1.6032E+01  1.7708E+02  1.6330E+03  1.3721E-05  3.8995E-06  2.9869E-06  2.6288E-06  4.2445E-06  4.2440E-07  4.2440E-08  4.2440E-09
Ni58   28   58  3.9315E+00  8.3243E+00  7.5481E+00  3.7818E+01  3.4392E+01  3.9583E+01  5.2163E+02  3.6167E+02  4.3255E+02  5.3822E+03  3.7602E+03  5.0107E+03  1.5093E-04  3.0784E-04  2.8700E-04  1.0454E-04  1.0618E-04  1.3033E-04  9.9996E-05  1.0044E-04  1.2615E-04  9.8471E-05  9.7935E-05  1.4060E-04  3.9318E+00  3.7818E+01  5.2162E+02  5.3820E+03  1.5093E-04  1.0454E-04  9.9996E-05  9.8471E-05  4.8240E-05  4.8234E-06  4.8234E-07  4.8234E-08
Ni60   28   60  3.2680E+00  3.6819E+00  3.2925E+00  3.1271E+01  3.0414E+01  2.4337E+01  4.4243E+02  3.2999E+02  2.7804E+02  4.8664E+03  3.4161E+03  2.2050E+03  4.9992E-05  5.4258E-05  4.9887E-05  3.4447E-05  3.7416E-05  3.1931E-05  3.3796E-05  3.6516E-05  3.2311E-05  3.5478E-05  3.5454E-05  2.4655E-05  3.2680E+00  3.1271E+01  4.4242E+02  4.8663E+03  4.9992E-05  3.4447E-05  3.3796E-05  3.5478E-05  1.9223E-05  1.9220E-06  1.9220E-07  1.9220E-08
Ni61   28   61  6.2248E+00  8.8722E+00  8.4771E+00  4.0004E+01  3.6571E+01  2.9478E+01  5.1463E+02  3.0653E+02  3.1050E+02  5.1966E+03  3.3445E+03  2.3961E+03  4.2082E-06  5.7781E-06  5.6762E-06  1.9475E-06  1.9883E-06  1.7092E-06  1.7373E-06  1.4991E-06  1.5946E-06  1.6743E-06  1.5340E-06  1.1840E-06  6.2249E+00  4.0004E+01  5.1462E+02  5.1965E+03  4.2083E-06  1.9475E-06  1.7373E-06  1.6743E-06  8.4952E-07  8.4941E-08  8.4941E-09  8.4941E-10
Ni62   28   62  9.9114E+00  1.1317E+01  1.1358E+01  9.5579E+01  8.6595E+01  7.3554E+01  1.2896E+03  8.4911E+02  8.3195E+02  1.2785E+04  9.3880E+03  7.4610E+03  2.1715E-05  2.3885E-05  2.4647E-05  1.5079E-05  1.5258E-05  1.3821E-05  1.4108E-05  1.3457E-05  1.3846E-05  1.3349E-05  1.3954E-05  1.1948E-05  9.9114E+00  9.5578E+01  1.2895E+03  1.2785E+04  2.1715E-05  1.5079E-05  1.4108E-05  1.3349E-05  2.7531E-06  2.7527E-07  2.7527E-08  2.7527E-09
Ni64   28   64  4.6135E+00  1.3642E+01  1.5935E+01  6.3087E+00  2.2604E+01  1.4241E+01  1.4126E+00  2.3135E+01  1.2095E+01  9.9695E-01  1.7978E+01  1.9345E+01  2.6571E-06  7.5692E-06  9.0902E-06  2.6164E-07  1.0470E-06  7.0348E-07  4.0626E-09  9.6388E-08  5.2917E-08  2.7365E-10  7.0250E-09  8.1438E-09  4.6140E+00  6.3097E+00  1.4143E+00  9.9824E-01  2.6574E-06  2.6169E-07  4.0675E-09  2.7401E-10  7.2374E-07  7.2364E-08  7.2364E-09  7.2364E-10
Cu63   29   63  6.4771E+00  1.1946E+01  1.2829E+01  9.9246E+00  2.0627E+01  9.0567E+00  1.3708E+01  9.8508E+01  1.5358E+01  1.0942E+03  1.2651E+03  2.6258E+02  2.5610E-06  4.5503E-06  5.0242E-06  2.8258E-07  6.5593E-07  3.0714E-07  2.7067E-08  2.8176E-07  4.6132E-08  2.0619E-07  3.3938E-07  7.5891E-08  6.4774E+00  9.9252E+00  1.3715E+01  1.0942E+03  2.5611E-06  2.8260E-07  2.7080E-08  2.0620E-07  4.9686E-07  4.9680E-08  4.9680E-09  4.9680E-10
Cu65   29   65  6.8006E+00  2.6646E+01  3.3872E+01  1.6193E+01  4.9844E+01  2.7590E+01  1.6887E+01  5.0765E+01  3.1859E+01  1.6124E+02  1.5532E+02  1.0955E+02  1.2366E-06  4.6675E-06  6.1002E-06  2.1203E-07  7.2889E-07  4.3027E-07  1.5333E-08  6.6773E-08  4.4007E-08  1.3973E-08  1.9161E-08  1.4560E-08  6.8016E+00  1.6195E+01  1.6890E+01  1.6124E+02  1.2367E-06  2.1206E-07  1.5336E-08  1.3973E-08  2.2849E-07  2.2846E-08  2.2846E-09  2.2846E-10
Zn64   30   64  1.7021E+00  2.9456E+00  3.4511E+00  6.9692E+00  1.1136E+01  4.7803E+00  6.1954E+01  1.2329E+02  3.1856E+01  2.5410E+03  1.7093E+03  5.0364E+02  1.1268E-06  1.8785E-06  2.2629E-06  3.3222E-07  5.9288E-07  2.7142E-07  2.0480E-07  5.9042E-07  1.6021E-07  8.0169E-07  7.6771E-07  2.4371E-07  1.7021E+00  6.9694E+00  6.1959E+01  2.5409E+03  1.1268E-06  3.3224E-07  2.0482E-07  8.0169E-07  8.3188E-07  8.3177E-08  8.3177E-09  8.3177E-10
Zn66   30   66  4.3596E+00  1.6254E+01  1.7845E+01  1.7103E+01  3.7478E+01  2.0907E+01  1.1861E+02  1.0221E+02  8.1048E+01  1.1682E+03  9.4846E+02  6.0050E+02  1.7075E-06  6.1329E-06  6.9228E-06  4.8238E-07  1.1806E-06  7.0235E-07  2.3198E-07  2.8959E-07  2.4115E-07  2.1806E-07  2.5204E-07  1.7192E-07  4.3602E+00  1.7104E+01  1.1861E+02  1.1681E+03  1.7078E-06  4.8242E-07  2.3198E-07  2.1806E-07  4.9218E-07  4.9212E-08  4.9212E-09  4.9212E-10
Zn67   30   67  4.5839E+00  1.1082E+01  1.6097E+01  1.0647E+01  3.6089E+01  2.2018E+01  3.0429E+00  3.0895E+01  1.7020E+01  2.2907E+01  3.6919E+01  3.9455E+01  2.6784E-07  6.2380E-07  9.3160E-07  4.4799E-08  1.6958E-07  1.1034E-07  8.8782E-10  1.3059E-08  7.5547E-09  6.3789E-10  1.4635E-09  1.6851E-09  4.5843E+00  1.0649E+01  3.0450E+00  2.2908E+01  2.6786E-07  4.4806E-08  8.8847E-10  6.3794E-10  7.3424E-08  7.3414E-09  7.3414E-10  7.3414E-11
Zn68   30   68  4.2152E+00  1.5594E+01  2.2950E+01  8.3901E+00  4.8646E+01  3.4769E+01  1.4714E+00  4.0248E+01  2.6424E+01  8.4860E+01  2.3940E+01  4.3230E+01  1.1431E-06  4.0740E-06  6.1646E-06  1.6385E-07  1.0610E-06  8.0875E-07  1.9927E-09  7.8960E-08  5.4440E-08  1.0968E-08  4.4050E-09  8.5697E-09  4.2158E+00  8.3925E+00  1.4744E+00  8.4855E+01  1.1433E-06  1.6390E-07  1.9968E-09  1.0968E-08  3.4079E-07  3.4075E-08  3.4075E-09  3.4075E-10
Zn70   30   70  3.0740E+00  9.3789E+01  1.3921E+02  4.2065E+00  3.8990E+01  4.6817E+01  9.2399E-01  7.9148E+01  2.5518E+01  9.3027E-01  3.3043E+00  4.4841E+01  2.8377E-08  8.3404E-07  1.2728E-06  2.7963E-09  2.8947E-08  3.7069E-08  4.2594E-11  5.2855E-09  1.7896E-09  4.0929E-12  2.0695E-11  3.0258E-10  3.0787E+00  4.2086E+00  9.3002E-01  9.3045E-01  2.8420E-08  2.7977E-09  4.2873E-11  4.0938E-12  1.1600E-08  1.1599E-09  1.1599E-10  1.1599E-11
Ga69   31   69  6.4912E+00  2.8599E+01  3.9438E+01  1.5676E+01  9.4713E+01  5.9853E+01  1.4882E+00  7.7232E+01  4.3987E+01  1.7961E+00  3.0463E+01  6.9289E+01  1.7293E-07  7.3398E-07  1.0407E-06  3.0074E-08  2.0293E-07  1.3676E-07  1.9799E-10  1.4884E-08  8.9025E-09  2.2805E-11  5.5063E-10  1.3493E-09  6.4924E+00  1.5681E+01  1.4940E+00  1.7983E+00  1.7296E-07  3.0083E-08  1.9877E-10  2.2833E-11  3.3478E-08  3.3474E-09  3.3474E-10  3.3474E-11
Ga71   31   71  7.4018E+00  4.6071E+01  7.3628E+01  1.3378E+01  1.1554E+02  9.1919E+01  1.3692E+00  9.1072E+01  6.8602E+01  1.3014E+00  3.0583E+01  9.7518E+01  1.3466E-07  8.0745E-07  1.3268E-06  1.7527E-08  1.6906E-07  1.4343E-07  1.2439E-10  1.1986E-08  9.4815E-09  1.1284E-11  3.7750E-10  1.2968E-09  7.4038E+00  1.3384E+01  1.3761E+00  1.3036E+00  1.3470E-07  1.7535E-08  1.2502E-10  1.1303E-11  2.2862E-08  2.2859E-09  2.2859E-10  2.2859E-11
Ge70   32   70  6.0665E+00  2.9531E+01  3.7193E+01  2.1019E+01  1.0950E+02  6.8033E+01  1.7772E+00  1.0704E+02  5.2326E+01  2.7050E+00  4.1814E+01  9.6258E+01  2.3159E-07  1.0860E-06  1.4063E-06  5.7780E-08  3.3617E-07  2.2275E-07  3.3878E-10  2.9559E-08  1.5174E-08  4.9214E-11  1.0830E-09  2.6859E-09  6.0677E+00  2.1025E+01  1.7853E+00  2.7080E+00  2.3163E-07  5.7795E-08  3.4033E-10  4.9269E-11  4.7971E-08  4.7964E-09  4.7964E-10  4.7964E-11
Ge72   32   72  4.3406E+00  2.4550E+01  3.4685E+01  9.5537E+00  7.6973E+01  6.2246E+01  1.1163E+00  6.6532E+01  4.7473E+01  9.7200E-01  2.1076E+01  6.6978E+01  2.2523E-07  1.2272E-06  1.7826E-06  3.5698E-08  3.2122E-07  2.7702E-07  2.8925E-10  2.4973E-08  1.8713E-08  2.4037E-11  7.4197E-10  2.5404E-09  4.3416E+00  9.5578E+00  1.1213E+00  9.7353E-01  2.2528E-07  3.5713E-08  2.9056E-10  2.4076E-11  6.5204E-08  6.5196E-09  6.5196E-10  6.5196E-11
Ge73   32   73  4.4824E+00  1.3938E+01  2.3620E+01  9.6553E+00  6.8485E+01  6.3896E+01  1.1592E+00  6.2881E+01  4.7012E+01  1.0025E+00  2.1816E+01  6.7629E+01  6.6189E-08  1.9827E-07  3.4546E-07  1.0267E-08  8.1330E-08  8.0922E-08  8.5472E-11  6.7167E-09  5.2736E-09  7.0550E-12  2.1856E-10  7.2994E-10  4.4829E+00  9.6588E+00  1.1639E+00  1.0041E+00  6.6197E-08  1.0270E-08  8.5825E-11  7.0663E-12  1.8556E-08  1.8553E-09  1.8553E-10  1.8553E-11
Ge74   32   74  3.4124E+00  1.5558E+01  2.7940E+01  6.2610E+00  7.2469E+01  7.8825E+01  1.0692E+00  6.7316E+01  6.2518E+01  9.8063E-01  2.1363E+01  7.4865E+01  2.3974E-07  1.0529E-06  1.9442E-06  3.1675E-08  4.0946E-07  4.7497E-07  3.7510E-10  3.4211E-08  3.3367E-08  3.2834E-11  1.0183E-09  3.8445E-09  3.4130E+00  6.2649E+00  1.0743E+00  9.8218E-01  2.3978E-07  3.1695E-08  3.7690E-10  3.2887E-11  8.8283E-08  8.8272E-09  8.8272E-10  8.8272E-11
Ge76   32   76  1.6971E+00  2.1094E+01  3.5742E+01  1.9375E+00  1.7113E+01  3.2259E+01  9.0995E-01  2.1374E+01  2.4900E+01  9.2984E-01  1.1517E+00  2.6879E+01  2.5685E-08  3.0755E-07  5.3581E-07  2.1116E-09  2.0829E-08  4.1874E-08  6.8770E-11  2.3400E-09  2.8628E-09  6.7070E-12  1.1826E-11  2.9735E-10  1.6981E+00  1.9384E+00  9.1152E-01  9.2986E-01  2.5700E-08  2.1126E-09  6.8891E-11  6.7073E-12  1.9019E-08  1.9016E-09  1.9016E-10  1.9016E-11
As75   33   75  5.7181E+00  3.3343E+01  5.2881E+01  1.3429E+01  1.4457E+02  1.1660E+02  1.1622E+00  1.1521E+02  9.2564E+01  1.0506E+00  2.2683E+01  1.0678E+02  5.0127E-08  2.8158E-07  4.5916E-07  8.4775E-09  1.0193E-07  8.7672E-08  5.0877E-11  7.3061E-09  6.1647E-09  4.3897E-12  1.3491E-10  6.8426E-10  5.7195E+00  1.3437E+01  1.1710E+00  1.0523E+00  5.0139E-08  8.4824E-09  5.1263E-11  4.3966E-12  1.1016E-08  1.1015E-09  1.1015E-10  1.1015E-11
Se74   34   74  1.1762E+01  1.0345E+02  1.3276E+02  7.3838E+01  4.8464E+02  3.7607E+02  3.6603E+00  5.7258E+02  3.3673E+02  7.2246E+00  1.0681E+02  5.0048E+02  9.9284E-09  8.4118E-08  1.1099E-07  4.4883E-09  3.2901E-08  2.7227E-08  1.5429E-11  3.4964E-09  2.1593E-09  2.9064E-12  6.1169E-11  3.0880E-10  1.1767E+01  7.3863E+01  3.7041E+00  7.2321E+00  9.9324E-09  4.4898E-09  1.5614E-11  2.9095E-12  1.0607E-09  1.0606E-10  1.0606E-11  1.0606E-12
Se76   34   76  5.8517E+00  4.1147E+01  6.3644E+01  2.1670E+01  1.9644E+02  1.9883E+02  1.4531E+00  2.0028E+02  1.6610E+02  1.2434E+00  4.3956E+01  2.0095E+02  5.3408E-08  3.6177E-07  5.7534E-07  1.4243E-08  1.4420E-07  1.5565E-07  6.6230E-11  1.3224E-08  1.1517E-08  5.4086E-12  2.7220E-10  1.3406E-09  5.8536E+00  2.1680E+01  1.4684E+00  1.2466E+00  5.3425E-08  1.4250E-08  6.6930E-11  5.4228E-12  1.1469E-08  1.1468E-09  1.1468E-10  1.1468E-11
Se77   34   77  4.3162E+00  3.6063E+01  6.6837E+01  8.8176E+00  9.5304E+01  1.2461E+02  1.0515E+00  8.4074E+01  9.2010E+01  9.8152E-01  1.8278E+01  1.2114E+02  3.2501E-08  2.6159E-07  4.9848E-07  4.7812E-09  5.7715E-08  8.0477E-08  3.9539E-11  4.5795E-09  5.2633E-09  3.5224E-12  9.3375E-11  6.6674E-10  4.3178E+00  8.8227E+00  1.0579E+00  9.8283E-01  3.2513E-08  4.7840E-09  3.9780E-11  3.5271E-12  9.4622E-09  9.4610E-10  9.4610E-11  9.4610E-12
Se78   34   78  3.5155E+00  1.9515E+01  3.7429E+01  6.3534E+00  1.0383E+02  1.4007E+02  1.1567E+00  1.1485E+02  1.1694E+02  1.0389E+00  3.2560E+01  1.3220E+02  8.3540E-08  4.4674E-07  8.8095E-07  1.0872E-08  1.9843E-07  2.8548E-07  1.3726E-10  1.9743E-08  2.1111E-08  1.1765E-11  5.2494E-10  2.2963E-09  3.5164E+00  6.3592E+00  1.1655E+00  1.0413E+00  8.3559E-08  1.0882E-08  1.3830E-10  1.1793E-11  2.9861E-08  2.9857E-09  2.9857E-10  2.9857E-11
Se80   34   80  1.9347E+00  6.3568E+00  1.3516E+01  2.5206E+00  3.5042E+01  5.1294E+01  9.0273E-01  4.0456E+01  3.7342E+01  9.1650E-01  1.5283E+01  3.9029E+01  9.8409E-08  3.1150E-07  6.8097E-07  9.2327E-09  1.4335E-07  2.2378E-07  2.2930E-10  1.4886E-08  1.4430E-08  2.2218E-11  5.2744E-10  1.4511E-09  1.9349E+00  2.5225E+00  9.0578E-01  9.1758E-01  9.8421E-08  9.2398E-09  2.3008E-10  2.2245E-11  6.3920E-08  6.3912E-09  6.3912E-10  6.3912E-11
Se82   34   82  1.6880E+00  1.0805E+01  2.8413E+01  1.6619E+00  1.8483E+01  5.4706E+01  9.3736E-01  1.3669E+01  3.3597E+01  9.5052E-01  9.1426E-01  3.9146E+01  1.5487E-08  9.5500E-08  2.5820E-07  1.0980E-09  1.3638E-08  4.3050E-08  4.2946E-11  9.0724E-10  2.3417E-09  4.1564E-12  5.6912E-12  2.6253E-10  1.6885E+00  1.6629E+00  9.3834E-01  9.5052E-01  1.5491E-08  1.0987E-09  4.2992E-11  4.1565E-12  1.1529E-08  1.1528E-09  1.1528E-10  1.1528E-11
Br79   35   79  3.1234E+00  1.1251E+01  2.2016E+01  6.1387E+00  7.3323E+01  9.1327E+01  1.0044E+00  8.4776E+01  7.3739E+01  9.1891E-01  2.1555E+01  8.3152E+01  2.5407E-08  8.8170E-08  1.7739E-07  3.5956E-09  4.7965E-08  6.3713E-08  4.0797E-11  4.9883E-09  4.5565E-09  3.5623E-12  1.1895E-10  4.9438E-10  3.1238E+00  6.1427E+00  1.0109E+00  9.2048E-01  2.5411E-08  3.5980E-09  4.1061E-11  3.5684E-12  1.0222E-08  1.0220E-09  1.0220E-10  1.0220E-11
Br81   35   81  2.5644E+00  1.0974E+01  2.3256E+01  4.6406E+00  7.2854E+01  9.1215E+01  1.0356E+00  7.3249E+01  7.5626E+01  1.0594E+00  1.8661E+01  7.2119E+01  2.0805E-08  8.5770E-08  1.8688E-07  2.7112E-09  4.7538E-08  6.3474E-08  4.1955E-11  4.2990E-09  4.6612E-09  4.0964E-12  1.0272E-10  4.2769E-10  2.5648E+00  4.6446E+00  1.0411E+00  1.0607E+00  2.0808E-08  2.7136E-09  4.2182E-11  4.1017E-12  1.0195E-08  1.0194E-09  1.0194E-10  1.0194E-11
Kr78   36   78  2.7354E+00  1.4799E+01  3.6979E+01  1.6703E+01  1.2031E+02  2.8819E+02  1.7708E+00  1.6679E+02  2.8371E+02  2.3600E+00  2.0171E+01  2.5926E+02  8.0463E-10  4.1935E-09  1.0774E-08  3.5380E-10  2.8463E-09  7.2707E-09  2.6011E-12  3.5490E-10  6.3397E-10  3.3085E-13  4.0256E-12  5.5744E-11  2.7360E+00  1.6709E+01  1.7835E+00  2.3614E+00  8.0481E-10  3.5393E-10  2.6198E-12  3.3105E-13  3.6964E-10  3.6959E-11  3.6959E-12  3.6959E-13
Kr80   36   80  3.3183E+00  2.6387E+01  6.2909E+01  1.8018E+01  2.1583E+02  4.0510E+02  2.0070E+00  2.6054E+02  3.5810E+02  1.8506E+00  2.8879E+01  3.5278E+02  6.4327E-09  4.9276E-08  1.2079E-07  2.5152E-09  3.3649E-08  6.7355E-08  1.9429E-11  3.6536E-09  5.2737E-09  1.7097E-12  3.7982E-11  4.9989E-10  3.3195E+00  1.8029E+01  2.0269E+00  1.8526E+00  6.4349E-09  2.5168E-09  1.9622E-11  1.7117E-12  2.4360E-09  2.4357E-10  2.4357E-11  2.4357E-12
Kr82   36   82  2.6195E+00  1.7277E+01  3.8635E+01  5.1129E+00  1.0927E+02  1.9287E+02  1.3206E+00  1.3881E+02  1.8103E+02  1.2402E+00  4.0652E+01  1.8811E+02  2.6080E-08  1.6570E-07  3.8099E-07  3.6658E-09  8.7496E-08  1.6470E-07  6.5659E-11  9.9978E-09  1.3693E-08  5.8849E-12  2.7461E-10  1.3690E-09  2.6202E+00  5.1191E+00  1.3312E+00  1.2431E+00  2.6087E-08  3.6703E-09  6.6188E-11  5.8992E-12  1.2511E-08  1.2510E-09  1.2510E-10  1.2510E-11
Kr83   36   83  2.1001E+00  1.0454E+01  2.4406E+01  3.2022E+00  5.8226E+01  9.4613E+01  1.0112E+00  6.1159E+01  8.4448E+01  9.5338E-01  1.5813E+01  8.4074E+01  2.0967E-08  1.0054E-07  2.4135E-07  2.3021E-09  4.6751E-08  8.1016E-08  5.0414E-11  4.4169E-09  6.4049E-09  4.5363E-12  1.0711E-10  6.1354E-10  2.1005E+00  3.2054E+00  1.0159E+00  9.5451E-01  2.0971E-08  2.3045E-09  5.0646E-11  4.5418E-12  1.2546E-08  1.2544E-09  1.2544E-10  1.2544E-11
Kr84   36   84  1.5344E+00  6.2896E+00  1.4523E+01  2.2700E+00  4.6527E+01  8.8944E+01  1.0274E+00  6.3495E+01  8.7472E+01  9.6603E-01  1.6063E+01  7.4961E+01  7.6408E-08  3.0171E-07  7.1630E-07  8.1396E-09  1.8633E-07  3.7987E-07  2.5548E-10  2.2872E-08  3.3090E-08  2.2926E-11  5.4269E-10  2.7284E-09  1.5347E+00  2.2726E+00  1.0323E+00  9.6717E-01  7.6420E-08  8.1491E-09  2.5669E-10  2.2954E-11  6.2574E-08  6.2566E-09  6.2566E-10  6.2566E-11
Kr86   36   86  2.0084E+00  1.3136E+01  4.0070E+01  2.1776E+00  6.0074E+01  1.9235E+02  9.8183E-01  9.5138E+01  1.8582E+02  9.7201E-01  6.6607E+01  1.3960E+02  3.0964E-08  1.9511E-07  6.1190E-07  2.4175E-09  7.4487E-08  2.5434E-07  7.5588E-11  1.0610E-08  2.1763E-08  7.1420E-12  6.9671E-10  1.5732E-09  2.0089E+00  2.1810E+00  9.8909E-01  9.7698E-01  3.0973E-08  2.4214E-09  7.6149E-11  7.1787E-12  1.9374E-08  1.9371E-09  1.9371E-10  1.9371E-11
Rb85   37   85  1.8752E+00  9.0628E+00  2.2773E+01  3.1624E+00  7.0257E+01  1.3154E+02  1.0635E+00  1.0334E+02  1.2830E+02  1.0050E+00  2.7120E+01  1.0692E+02  2.1905E-08  1.0199E-07  2.6348E-07  2.6601E-09  6.6003E-08  1.3179E-07  6.2036E-11  8.7321E-09  1.1385E-08  5.5951E-12  2.1493E-10  9.1291E-10  1.8756E+00  3.1664E+00  1.0714E+00  1.0070E+00  2.1910E-08  2.6635E-09  6.2497E-11  5.6062E-12  1.4679E-08  1.4677E-09  1.4677E-10  1.4677E-11
Rb87   37   87  2.7389E+00  2.2684E+01  6.6802E+01  4.8595E+00  1.2567E+02  2.9706E+02  1.0248E+00  1.6293E+02  3.5913E+02  9.9899E-01  8.8366E+01  2.2244E+02  1.3477E-08  1.0753E-07  3.2558E-07  1.7219E-09  4.9731E-08  1.2537E-07  2.5182E-11  5.7994E-09  1.3425E-08  2.3428E-12  2.9501E-10  8.0007E-10  2.7399E+00  4.8666E+00  1.0373E+00  1.0056E+00  1.3482E-08  1.7244E-09  2.5489E-11  2.3584E-12  6.1834E-09  6.1826E-10  6.1826E-11  6.1826E-12
Sr84   38   84  3.7274E+00  2.7583E+01  8.2152E+01  2.2399E+01  3.4720E+02  5.8163E+03  2.7088E+00  7.4255E+02  5.3307E+03  3.1839E+00  2.2289E+01  3.6218E+03  7.5872E-10  5.4089E-09  1.6563E-08  3.2833E-10  5.6840E-09  1.0155E-07  2.7534E-12  1.0934E-09  8.2434E-09  3.0888E-13  3.0782E-12  5.3889E-10  3.7286E+00  2.2418E+01  2.7658E+00  3.1854E+00  7.5897E-10  3.2862E-10  2.8114E-12  3.0903E-13  2.5579E-10  2.5576E-11  2.5576E-12  2.5576E-13
Sr86   38   86  2.4650E+00  1.9916E+01  5.2766E+01  6.6475E+00  2.3013E+02  7.8298E+02  2.1820E+00  3.5540E+02  8.1995E+02  1.8530E+00  4.2174E+01  6.4686E+02  9.0848E-09  7.0710E-08  1.9261E-07  1.7642E-09  6.8209E-08  2.4750E-07  4.0156E-11  9.4751E-09  2.2957E-08  3.2547E-12  1.0545E-10  1.7426E-09  2.4659E+00  6.6608E+00  2.2092E+00  1.8561E+00  9.0881E-09  1.7677E-09  4.0658E-11  3.2602E-12  4.6312E-09  4.6306E-10  4.6306E-11  4.6306E-12
Sr87   38   87  1.9161E+00  1.4683E+01  3.8881E+01  4.4507E+00  1.8359E+02  5.0526E+02  1.7796E+00  2.8677E+02  5.6396E+02  1.3222E+00  2.7652E+01  4.3017E+02  4.9925E-09  3.6855E-08  1.0034E-07  8.3504E-10  3.8470E-08  1.1291E-07  2.3154E-11  5.4050E-09  1.1163E-08  1.6419E-12  4.8881E-11  8.1925E-10  1.9167E+00  4.4613E+00  1.8015E+00  1.3242E+00  4.9942E-09  8.3705E-10  2.3440E-11  1.6444E-12  3.2742E-09  3.2737E-10  3.2737E-11  3.2737E-12
Sr88   38   88  1.5995E+00  1.0390E+01  3.3837E+01  2.8378E+00  1.1775E+02  8.0374E+02  1.2039E+00  2.7733E+02  1.2104E+03  1.0098E+00  2.9957E+01  7.4599E+02  5.0540E-08  3.1625E-07  1.0590E-06  6.4571E-09  2.9924E-07  2.1782E-06  1.8996E-10  6.3390E-08  2.9055E-07  1.5207E-11  6.4221E-10  1.7230E-08  1.5999E+00  2.8447E+00  1.2252E+00  1.0120E+00  5.0554E-08  6.4727E-09  1.9332E-10  1.5240E-11  3.9706E-08  3.9701E-09  3.9701E-10  3.9701E-11
Y89    39   89  1.4424E+00  7.3070E+00  2.5713E+01  2.5133E+00  8.5441E+01  9.2843E+02  1.1613E+00  2.5618E+02  1.4443E+03  1.0361E+00  2.5428E+01  9.1488E+02  1.2197E-08  5.9523E-08  2.1536E-07  1.5304E-09  5.8108E-08  6.7338E-07  4.9040E-11  1.5671E-08  9.2785E-08  4.1758E-12  1.4589E-10  5.6550E-09  1.4427E+00  2.5182E+00  1.1810E+00  1.0380E+00  1.2199E-08  1.5334E-09  4.9871E-11  4.1833E-12  1.0626E-08  1.0625E-09  1.0625E-10  1.0625E-11
Zr90   40   90  1.2293E+00  4.5755E+00  1.8551E+01  1.7912E+00  4.1997E+01  2.2927E+03  1.0895E+00  1.7414E+02  2.2573E+03  1.0797E+00  1.4977E+01  1.7834E+03  1.2679E-08  4.5459E-08  1.8950E-07  1.3302E-09  3.4834E-08  2.0279E-06  5.6111E-11  1.2992E-08  1.7685E-07  5.3069E-12  1.0480E-10  1.3444E-08  1.2295E+00  1.7935E+00  1.1029E+00  1.0807E+00  1.2680E-08  1.3320E-09  5.6799E-11  5.3121E-12  1.2960E-08  1.2958E-09  1.2958E-10  1.2958E-11
Zr91   40   91  1.3256E+00  4.8343E+00  1.9028E+01  1.7827E+00  4.5650E+01  1.2385E+03  1.0343E+00  1.7498E+02  1.7120E+03  9.9554E-01  1.6869E+01  1.4277E+03  3.0146E-09  1.0591E-08  4.2859E-08  2.9194E-10  8.3491E-09  2.4157E-07  1.1745E-11  2.8786E-09  2.9577E-08  1.0790E-12  2.6028E-11  2.3731E-09  1.3258E+00  1.7853E+00  1.0477E+00  9.9674E-01  3.0150E-09  2.9237E-10  1.1897E-11  1.0803E-12  2.8577E-09  2.8573E-10  2.8573E-11  2.8573E-12
Zr92   40   92  1.2157E+00  3.2538E+00  1.2417E+01  1.4585E+00  3.1411E+01  1.1193E+03  1.0353E+00  1.6226E+02  1.8923E+03  9.9325E-01  1.7112E+01  1.2277E+03  4.2720E-09  1.1015E-08  4.3219E-08  3.6909E-10  8.8774E-09  3.3735E-07  1.8168E-11  4.1248E-09  5.0519E-08  1.6635E-12  4.0799E-11  3.1535E-09  1.2158E+00  1.4603E+00  1.0478E+00  9.9447E-01  4.2724E-09  3.6954E-10  1.8387E-11  1.6656E-12  4.4160E-09  4.4154E-10  4.4154E-11  4.4154E-12
Zr94   40   94  1.1047E+00  2.2698E+00  7.5198E+00  1.2263E+00  1.6150E+01  1.1350E+03  9.8091E-01  1.0743E+02  1.8726E+03  9.4294E-01  1.3541E+01  1.2163E+03  4.0196E-09  7.9564E-09  2.7102E-08  3.2133E-10  4.7261E-09  3.5423E-07  1.7823E-11  2.8279E-09  5.1764E-08  1.6352E-12  3.3429E-11  3.2351E-09  1.1047E+00  1.2272E+00  9.8911E-01  9.4389E-01  4.0198E-09  3.2156E-10  1.7973E-11  1.6369E-12  4.5725E-09  4.5719E-10  4.5719E-11  4.5719E-12
Zr96   40   96  3.2593E-01  4.0914E+00  1.9662E+01  4.3705E-01  1.3994E+01  3.4792E+03  3.9583E-02  1.4378E+02  4.2482E+03  1.9010E-02  6.7790E+01  5.7587E+03  1.9513E-10  2.3597E-09  1.1659E-08  1.8842E-11  6.7382E-10  1.7866E-07  1.1834E-13  6.2267E-10  1.9321E-08  5.4240E-15  2.7536E-11  2.5201E-09  3.2612E-01  4.3785E-01  5.0659E-02  2.4141E-02  1.9525E-10  1.8877E-11  1.5145E-13  6.8884E-15  7.5233E-10  7.5223E-11  7.5223E-12  7.5223E-13
Nb93   41   93  1.1432E+00  2.2749E+00  7.8625E+00  1.2803E+00  1.8842E+01  7.6302E+02  9.5462E-01  9.8897E+01  1.3274E+03  9.0962E-01  1.1634E+01  8.4077E+02  1.7964E-09  3.4435E-09  1.2237E-08  1.4486E-10  2.3811E-09  1.0283E-07  7.4905E-12  1.1241E-09  1.5845E-08  6.8120E-13  1.2402E-11  9.6568E-10  1.1433E+00  1.2813E+00  9.6217E-01  9.1044E-01  1.7964E-09  1.4498E-10  7.5499E-12  6.8182E-13  1.9745E-09  1.9743E-10  1.9743E-11  1.9743E-12
Mo92   42   92  1.0617E+00  1.4712E+00  2.7101E+00  1.2115E+00  5.5280E+00  2.0924E+03  1.0399E+00  3.2714E+01  3.4616E+03  1.0571E+00  1.3049E+00  5.4073E+03  6.3049E-10  8.4164E-10  1.5941E-09  5.1806E-11  2.6402E-10  1.0657E-07  3.0839E-12  1.4054E-10  1.5617E-08  2.9918E-13  5.2575E-13  2.3472E-09  1.0617E+00  1.2117E+00  1.0424E+00  1.0571E+00  6.3050E-10  5.1817E-11  3.0912E-12  2.9919E-13  7.4625E-10  7.4615E-11  7.4615E-12  7.4615E-13
Mo94   42   94  1.1907E+00  1.5351E+00  2.9299E+00  1.3522E+00  4.7953E+00  2.1918E+03  1.3000E+00  3.4864E+01  3.7832E+03  1.4794E+00  1.2695E+00  4.7148E+03  4.5518E-10  5.6531E-10  1.1094E-09  3.7222E-11  1.4743E-10  7.1864E-08  2.4815E-12  9.6409E-11  1.0987E-08  2.6952E-13  3.2927E-13  1.3174E-09  1.1907E+00  1.3524E+00  1.3025E+00  1.4793E+00  4.5519E-10  3.7228E-11  2.4865E-12  2.6953E-13  4.8037E-10  4.8031E-11  4.8031E-12  4.8031E-13
Mo95   42   95  1.1306E+00  2.3918E+00  8.9534E+00  1.3024E+00  1.3097E+01  9.2440E+02  9.7867E-01  9.5632E+01  1.8277E+03  9.8706E-01  1.7734E+01  1.2270E+03  7.5595E-10  1.5407E-09  5.9297E-09  6.2710E-11  7.0430E-10  5.3014E-08  3.2677E-12  4.6257E-10  9.2840E-09  3.1455E-13  8.0450E-12  5.9969E-10  1.1306E+00  1.3031E+00  9.8596E-01  9.8833E-01  7.5599E-10  6.2744E-11  3.2922E-12  3.1496E-13  8.4024E-10  8.4013E-11  8.4013E-12  8.4013E-13
Mo96   42   96  1.8847E+00  2.2818E+00  4.0866E+00  1.9198E+00  1.1279E+01  1.4744E+03  1.8004E+00  6.7451E+01  1.9351E+03  1.8690E+00  5.9970E+00  1.8435E+03  1.3405E-09  1.5635E-09  2.8790E-09  9.8332E-11  6.4520E-10  8.9945E-08  6.3948E-12  3.4705E-10  1.0456E-08  6.3357E-13  2.8939E-12  9.5845E-10  1.8847E+00  1.9204E+00  1.8055E+00  1.8693E+00  1.3405E-09  9.8361E-11  6.4129E-12  6.3369E-13  8.9379E-10  8.9368E-11  8.9368E-12  8.9368E-13
Mo97   42   97  1.0513E+00  1.3203E+00  2.8260E+00  1.0482E+00  6.4845E+00  7.4511E+02  9.8563E-01  3.8437E+01  8.8202E+02  1.0085E+00  6.3235E+00  7.7504E+02  4.3502E-10  5.2628E-10  1.1582E-09  3.1233E-11  2.1579E-10  2.6444E-08  2.0366E-12  1.1505E-10  2.7726E-09  1.9888E-13  1.7752E-12  2.3441E-10  1.0513E+00  1.0485E+00  9.8851E-01  1.0089E+00  4.3502E-10  3.1243E-11  2.0426E-12  1.9897E-13  5.1997E-10  5.1990E-11  5.1990E-12  5.1990E-13
Mo98   42   98  1.0577E+00  1.3587E+00  2.9683E+00  1.0868E+00  7.3558E+00  8.8968E+02  1.0177E+00  5.2930E+01  1.2672E+03  1.0283E+00  7.6732E+00  8.4400E+02  1.1236E-09  1.3904E-09  3.1232E-09  8.3132E-11  6.2842E-10  8.1059E-08  5.3982E-12  4.0674E-10  1.0226E-08  5.2058E-13  5.5301E-12  6.5534E-10  1.0577E+00  1.0871E+00  1.0217E+00  1.0288E+00  1.1236E-09  8.3162E-11  5.4196E-12  5.2085E-13  1.3349E-09  1.3347E-10  1.3347E-11  1.3347E-12
Xe32   54  132  1.0050E+00  1.1588E+00  2.1077E+00  1.0270E+00  4.6648E+00  5.8041E+02  9.5976E-01  3.5519E+01  9.4487E+02  9.5688E-01  4.4633E+00  6.2836E+02  3.5810E-09  3.9775E-09  7.4384E-09  2.6349E-10  1.3367E-09  1.7737E-07  1.7076E-11  9.1549E-10  2.5576E-08  1.6249E-12  1.0789E-11  1.6365E-09  1.0051E+00  1.0272E+00  9.6243E-01  9.5715E-01  3.5811E-09  2.6355E-10  1.7124E-11  1.6254E-12  4.4774E-09  4.4768E-10  4.4768E-11  4.4768E-12
Xe34   54  134  9.7778E-01  1.2804E+00  2.4942E+00  9.9215E-01  2.3390E+00  5.0402E+02  9.1786E-01  1.9475E+01  1.3383E+03  9.3925E-01  1.1434E+01  9.6548E+02  1.3059E-09  1.6474E-09  3.2995E-09  9.5420E-11  2.5124E-10  5.7736E-08  6.1215E-12  1.8815E-10  1.3578E-08  5.9786E-13  1.0361E-11  9.4254E-10  9.7780E-01  9.9223E-01  9.1929E-01  9.4005E-01  1.3059E-09  9.5429E-11  6.1312E-12  5.9838E-13  1.6783E-09  1.6781E-10  1.6781E-11  1.6781E-12
Cs33   55  133  9.6636E-01  1.0994E+00  2.0347E+00  9.8491E-01  3.2609E+00  4.8339E+02  8.9470E-01  2.3375E+01  8.5474E+02  8.8532E-01  5.3755E+00  6.6648E+02  9.0521E-10  9.9207E-10  1.8878E-09  6.6438E-11  2.4567E-10  3.8838E-08  4.1852E-12  1.5840E-10  6.0826E-09  3.9526E-13  3.4164E-12  4.5636E-10  9.6637E-01  9.8504E-01  8.9644E-01  8.8566E-01  9.0522E-10  6.6448E-11  4.1934E-12  3.9542E-13  1.1771E-09  1.1770E-10  1.1770E-11  1.1770E-12
Ba34   56  134  1.3295E+00  1.9194E+00  4.0578E+00  1.5332E+00  1.1890E+01  3.2311E+03  1.5886E+00  9.7582E+01  4.4392E+03  1.6006E+00  6.2792E+00  4.4978E+03  3.8182E-10  5.3101E-10  1.1542E-09  3.1706E-11  2.7462E-10  7.9586E-08  2.2782E-12  2.0272E-10  9.6849E-09  2.1907E-13  1.2235E-12  9.4416E-10  1.3296E+00  1.5338E+00  1.5960E+00  1.6009E+00  3.8183E-10  3.1719E-11  2.2889E-12  2.1912E-13  3.6088E-10  3.6083E-11  3.6083E-12  3.6083E-13
Ba35   56  135  9.6437E-01  1.2121E+00  2.0890E+00  9.7584E-01  3.4072E+00  9.6452E+02  8.9416E-01  2.9340E+01  7.7181E+02  8.8690E-01  4.3562E+00  1.3856E+03  7.6097E-10  9.2136E-10  1.6327E-09  5.5450E-11  2.1623E-10  6.5278E-08  3.5234E-12  1.6748E-10  4.6267E-09  3.3354E-13  2.3322E-12  7.9922E-10  9.6438E-01  9.7599E-01  8.9636E-01  8.8717E-01  7.6098E-10  5.5459E-11  3.5321E-12  3.3365E-13  9.9158E-10  9.9146E-11  9.9146E-12  9.9146E-13
Ba36   56  136  1.1825E+00  1.6470E+00  3.6969E+00  1.3220E+00  9.7589E+00  2.4258E+03  1.3202E+00  9.3718E+01  3.3559E+03  1.2329E+00  6.7860E+00  2.8973E+03  1.1200E-09  1.5027E-09  3.4682E-09  9.0164E-11  7.4334E-10  1.9705E-07  6.2437E-12  6.4209E-10  2.4145E-08  5.5650E-13  4.3605E-12  2.0058E-09  1.1825E+00  1.3225E+00  1.3273E+00  1.2333E+00  1.1200E-09  9.0199E-11  6.2775E-12  5.5670E-13  1.1902E-09  1.1900E-10  1.1900E-11  1.1900E-12
Ba37   56  137  1.0539E+00  1.4030E+00  3.1764E+00  1.1088E+00  5.3929E+00  1.2757E+03  1.0453E+00  5.5773E+01  2.4138E+03  9.7279E-01  1.2619E+01  1.4300E+03  1.4380E-09  1.8441E-09  4.2928E-09  1.0894E-10  5.9176E-10  1.4929E-07  7.1218E-12  5.5047E-10  2.5020E-08  6.3257E-13  1.1681E-11  1.4262E-09  1.0539E+00  1.1090E+00  1.0495E+00  9.7367E-01  1.4380E-09  1.0896E-10  7.1507E-12  6.3315E-13  1.7146E-09  1.7143E-10  1.7143E-11  1.7143E-12
Ba38   56  138  1.0895E+00  1.3358E+00  2.1988E+00  1.1581E+00  3.6174E+00  2.5287E+03  1.0445E+00  3.6067E+01  3.6603E+03  9.8414E-01  3.7676E+00  3.6003E+03  9.5585E-09  1.1290E-08  1.9107E-08  7.3166E-10  2.5523E-09  1.9027E-06  4.5759E-11  2.2890E-09  2.4395E-07  4.1149E-12  2.2426E-11  2.3088E-08  1.0895E+00  1.1583E+00  1.0472E+00  9.8435E-01  9.5586E-09  7.3176E-10  4.5878E-11  4.1158E-12  1.1025E-08  1.1023E-09  1.1023E-10  1.1023E-11
La38   57  138  9.8291E-01  1.0186E+00  1.0667E+00  1.0049E+00  1.2987E+00  4.3155E+02  9.5315E-01  3.8303E+00  6.5415E+02  9.4322E-01  1.0198E+00  1.0661E+03  9.1039E-13  9.0889E-13  9.7857E-13  6.7018E-14  9.6737E-14  3.4281E-11  4.4083E-15  2.5662E-14  4.6026E-12  4.1635E-16  6.4083E-16  7.2171E-13  9.8292E-01  1.0049E+00  9.5337E-01  9.4323E-01  9.1039E-13  6.7020E-14  4.4094E-15  4.1636E-16  1.1639E-12  1.1637E-13  1.1637E-14  1.1637E-15
La39   57  139  1.0914E+00  1.2691E+00  1.9244E+00  1.1567E+00  2.8294E+00  2.5833E+03  1.0224E+00  2.6508E+01  3.8142E+03  9.8129E-01  3.2371E+00  3.7757E+03  1.1179E-09  1.2523E-09  1.9523E-09  8.5315E-11  2.3307E-10  2.2693E-07  5.2293E-12  1.9641E-10  2.9678E-08  4.7901E-13  2.2494E-12  2.8267E-09  1.0914E+00  1.1568E+00  1.0244E+00  9.8146E-01  1.1179E-09  8.5323E-11  5.2394E-12  4.7910E-13  1.2871E-09  1.2869E-10  1.2869E-11  1.2869E-12
Ce40   58  140  1.0337E+00  1.1385E+00  1.4180E+00  1.0704E+00  1.8403E+00  1.9819E+03  9.9133E-01  1.2488E+01  3.3248E+03  9.7577E-01  2.3230E+00  3.1108E+03  2.8511E-09  3.0249E-09  3.8736E-09  2.1259E-10  4.0822E-10  4.6882E-07  1.3653E-11  2.4915E-10  6.9663E-08  1.2826E-12  4.3470E-12  6.2714E-09  1.0338E+00  1.0705E+00  9.9222E-01  9.7587E-01  2.8511E-09  2.1260E-10  1.3666E-11  1.2828E-12  3.4658E-09  3.4654E-10  3.4654E-11  3.4654E-12
Pr41   59  141  1.0141E+00  1.2528E+00  1.5609E+00  1.0318E+00  1.5530E+00  1.9569E+03  9.4081E-01  1.2724E+01  7.1231E+03  9.3000E-01  7.6209E+00  3.7316E+03  4.3962E-10  5.2320E-10  6.7019E-10  3.2210E-11  5.4144E-11  7.2761E-08  2.0366E-12  3.9901E-11  2.3458E-08  1.9214E-13  2.2414E-12  1.1824E-09  1.0141E+00  1.0318E+00  9.4171E-01  9.3051E-01  4.3962E-10  3.2211E-11  2.0386E-12  1.9225E-13  5.4475E-10  5.4468E-11  5.4468E-12  5.4468E-13
Nd42   60  142  1.1277E+00  1.3044E+00  1.5532E+00  1.2238E+00  2.3148E+00  2.9375E+03  1.1309E+00  9.8643E+00  5.2714E+03  1.1254E+00  1.8472E+00  5.6329E+03  6.6729E-10  7.4360E-10  9.1035E-10  5.2148E-11  1.1016E-10  1.4909E-07  3.3418E-12  4.2225E-11  2.3697E-08  3.1738E-13  7.4162E-13  2.4364E-09  1.1277E+00  1.2239E+00  1.1316E+00  1.1254E+00  6.6729E-10  5.2151E-11  3.3439E-12  3.1740E-13  7.4360E-10  7.4350E-11  7.4350E-12  7.4350E-13
Nd43   60  143  9.4641E-01  9.0639E-01  9.5404E-01  9.1915E-01  1.0220E+00  6.2498E+02  8.7090E-01  2.9015E+00  1.0437E+03  8.5754E-01  1.0199E+00  8.0734E+02  2.5073E-10  2.3132E-10  2.5034E-10  1.7535E-11  2.1775E-11  1.4201E-08  1.1522E-12  5.5606E-12  2.1006E-09  1.0827E-13  1.8331E-13  1.5634E-10  9.4641E-01  9.1916E-01  8.7106E-01  8.5755E-01  2.5073E-10  1.7535E-11  1.1524E-12  1.0828E-13  3.3291E-10  3.3287E-11  3.3287E-12  3.3287E-13
Nd44   60  144  9.8792E-01  9.6730E-01  1.0389E+00  9.8420E-01  1.1849E+00  9.7325E+02  9.5568E-01  3.9551E+00  1.7193E+03  9.5706E-01  1.1451E+00  1.3154E+03  5.2016E-10  4.9063E-10  5.4181E-10  3.7316E-11  5.0174E-11  4.3951E-08  2.5127E-12  1.5064E-11  6.8771E-09  2.4016E-13  4.0907E-13  5.0626E-10  9.8792E-01  9.8422E-01  9.5591E-01  9.5708E-01  5.2016E-10  3.7317E-11  2.5134E-12  2.4017E-13  6.6164E-10  6.6155E-11  6.6155E-12  6.6155E-13
Hg02   80  202  1.0342E+00  1.0819E+00  1.2041E+00  1.0539E+00  1.5161E+00  1.7893E+03  1.0206E+00  5.9484E+00  3.2809E+03  1.0194E+00  1.3926E+00  2.6842E+03  5.4053E-10  5.4473E-10  6.2333E-10  3.9663E-11  6.3727E-11  8.0209E-08  2.6638E-12  2.2490E-11  1.3027E-08  2.5393E-13  4.9382E-13  1.0254E-09  1.0342E+00  1.0539E+00  1.0210E+00  1.0195E+00  5.4053E-10  3.9665E-11  2.6648E-12  2.5395E-13  6.5678E-10  6.5669E-11  6.5669E-12  6.5669E-13
Hg04   80  204  9.3986E-01  1.1391E+00  1.1916E+00  9.1989E-01  9.6315E-01  1.6441E+03  8.8952E-01  1.8473E+00  6.1309E+02  9.0693E-01  1.2157E+00  6.1722E+03  1.1413E-10  1.3326E-10  1.4333E-10  8.0442E-12  9.4065E-12  1.7125E-08  5.3941E-13  1.6228E-12  5.6559E-10  5.2490E-14  1.0016E-13  5.4788E-10  9.3987E-01  9.1990E-01  8.8960E-01  9.0696E-01  1.1413E-10  8.0443E-12  5.3947E-13  5.2492E-14  1.5260E-10  1.5258E-11  1.5258E-12  1.5258E-13
Tl03   81  203  1.0425E+00  1.0721E+00  1.1876E+00  1.0656E+00  1.4732E+00  1.6769E+03  1.0129E+00  5.3507E+00  2.8937E+03  9.9470E-01  1.3500E+00  2.7641E+03  2.9075E-10  2.8806E-10  3.2807E-10  2.1400E-11  3.3044E-11  4.0112E-08  1.4107E-12  1.0795E-11  6.1308E-09  1.3221E-13  2.5545E-13  5.6348E-10  1.0425E+00  1.0656E+00  1.0133E+00  9.9473E-01  2.9075E-10  2.1400E-11  1.4112E-12  1.3222E-13  3.5047E-10  3.5042E-11  3.5042E-12  3.5042E-13
Tl05   81  205  9.9550E-01  1.0109E+00  1.0718E+00  1.0101E+00  1.2227E+00  1.1608E+03  9.8058E-01  3.1103E+00  2.5352E+03  9.5231E-01  1.1462E+00  1.9938E+03  6.6928E-10  6.5470E-10  7.1374E-10  4.8901E-11  6.6110E-11  6.6933E-08  3.2921E-12  1.5127E-11  1.2949E-08  3.0514E-13  5.2281E-13  9.7983E-10  9.9550E-01  1.0101E+00  9.8075E-01  9.5233E-01  6.6928E-10  4.8902E-11  3.2927E-12  3.0515E-13  8.4484E-10  8.4473E-11  8.4473E-12  8.4473E-13
Pb04   82  204  1.2339E+00  1.4355E+00  1.7434E+00  1.3963E+00  2.8280E+00  4.6534E+03  1.3422E+00  1.1024E+01  9.3626E+03  1.2503E+00  2.1060E+00  7.1309E+03  1.6560E-10  1.8560E-10  2.3175E-10  1.3495E-11  3.0524E-11  5.3566E-08  8.9956E-13  1.0703E-11  9.5459E-09  7.9971E-14  1.9177E-13  6.9955E-10  1.2339E+00  1.3964E+00  1.3430E+00  1.2503E+00  1.6560E-10  1.3496E-11  9.0008E-13  7.9977E-14  1.6865E-10  1.6863E-11  1.6863E-12  1.6863E-13
Pb06   82  206  1.0552E+00  1.1548E+00  1.2680E+00  1.0941E+00  1.6198E+00  2.1880E+03  1.0370E+00  4.1857E+00  5.7889E+03  9.9327E-01  1.4611E+00  3.7882E+03  1.3306E-09  1.4029E-09  1.5838E-09  9.9353E-11  1.6428E-10  2.3666E-07  6.5301E-12  3.8185E-11  5.5459E-08  5.9698E-13  1.2501E-12  3.4920E-09  1.0552E+00  1.0941E+00  1.0372E+00  9.9331E-01  1.3306E-09  9.9356E-11  6.5317E-12  5.9701E-13  1.5847E-09  1.5845E-10  1.5845E-11  1.5845E-12
Pb07   82  207  1.0408E+00  1.0987E+00  1.1715E+00  1.0595E+00  1.3845E+00  1.6921E+03  9.9535E-01  2.5778E+00  6.1514E+03  9.6567E-01  1.3185E+00  3.3070E+03  1.4595E-09  1.4842E-09  1.6271E-09  1.0698E-10  1.5614E-10  2.0351E-07  6.9698E-12  2.6149E-11  6.5529E-08  6.4537E-13  1.2544E-12  3.3896E-09  1.0408E+00  1.0595E+00  9.9548E-01  9.6569E-01  1.4595E-09  1.0698E-10  6.9709E-12  6.4540E-13  1.7621E-09  1.7619E-10  1.7619E-11  1.7619E-12
Pb08   82  208  1.0188E+00  1.0655E+00  1.1107E+00  1.0311E+00  1.2348E+00  7.5487E+02  9.9035E-01  1.5105E+00  7.4689E+03  9.7215E-01  1.1825E+00  1.9646E+03  4.1088E-09  4.1396E-09  4.4368E-09  2.9945E-10  4.0053E-10  2.6112E-07  1.9945E-11  4.4069E-11  2.2884E-07  1.8686E-12  3.2356E-12  5.7917E-09  1.0188E+00  1.0311E+00  9.9039E-01  9.7217E-01  4.1088E-09  2.9946E-10  1.9947E-11  1.8687E-12  5.0681E-09  5.0674E-10  5.0674E-11  5.0674E-12
Bi09   83  209  9.8425E-01  9.6153E-01  9.6206E-01  9.6937E-01  9.6071E-01  1.3066E+02  9.6219E-01  9.9053E-01  2.4321E+03  9.5607E-01  9.5767E-01  3.7146E+02  5.3830E-10  5.0660E-10  5.2116E-10  3.8177E-11  4.2257E-11  6.1288E-09  2.6278E-12  3.9188E-12  1.0105E-08  2.4920E-13  3.5535E-13  1.4850E-10  9.8425E-01  9.6937E-01  9.6219E-01  9.5607E-01  5.3830E-10  3.8177E-11  2.6278E-12  2.4921E-13  6.8727E-10  6.8717E-11  6.8717E-12  6.8717E-13
