elemZ,[Fe/H]sun by mass (Asplund09),[X/Fe]sun by mass(Neutral),[X/Fe]sun by mass(Ionized),paperName
11,-0.2,0.076,-30.0,Bensby-05
11,-0.36,0.116,-30.0,Bensby-05
11,-0.28,0.156,-30.0,Bensby-05
11,-0.11,0.036,-30.0,Bensby-05
11,-0.34,0.006,-30.0,Bensby-05
11,0.17,0.066,-30.0,Bensby-05
11,-0.17,0.086,-30.0,Bensby-05
11,-0.53,0.066,-30.0,Bensby-05
11,-0.52,0.146,-30.0,Bensby-05
11,-0.41,0.096,-30.0,Bensby-05
11,-0.32,0.046,-30.0,Bensby-05
11,-0.71,0.106,-30.0,Bensby-05
11,-0.52,0.136,-30.0,Bensby-05
11,-0.26,0.016,-30.0,Bensby-05
11,-0.61,0.056,-30.0,Bensby-05
11,-0.37,0.216,-30.0,Bensby-05
11,-0.07,-0.054,-30.0,Bensby-05
11,-0.67,0.046,-30.0,Bensby-05
11,-0.63,0.136,-30.0,Bensby-05
11,-0.91,0.086,-30.0,Bensby-05
11,-0.28,0.086,-30.0,Bensby-05
11,-0.45,0.096,-30.0,Bensby-05
11,-0.05,-0.054,-30.0,Bensby-05
11,-0.06,0.036,-30.0,Bensby-05
11,-0.28,-0.034,-30.0,Bensby-05
11,0.37,0.146,-30.0,Bensby-05
11,-0.02,-0.024,-30.0,Bensby-05
11,-0.32,0.046,-30.0,Bensby-05
11,-0.53,0.146,-30.0,Bensby-05
11,-0.42,0.056,-30.0,Bensby-05
11,-0.11,0.006,-30.0,Bensby-05
11,-0.45,0.056,-30.0,Bensby-05
11,0.05,0.056,-30.0,Bensby-05
11,-0.07,-0.054,-30.0,Bensby-05
12,-0.2,0.069,-30.0,Bensby-05
12,-0.36,0.079,-30.0,Bensby-05
12,-0.28,0.099,-30.0,Bensby-05
12,-0.11,0.029,-30.0,Bensby-05
12,-0.34,0.199,-30.0,Bensby-05
12,0.17,0.059,-30.0,Bensby-05
12,-0.17,0.089,-30.0,Bensby-05
12,-0.53,0.299,-30.0,Bensby-05
12,-0.52,0.179,-30.0,Bensby-05
12,-0.41,0.359,-30.0,Bensby-05
12,-0.32,0.139,-30.0,Bensby-05
12,-0.71,0.399,-30.0,Bensby-05
12,-0.52,0.099,-30.0,Bensby-05
12,-0.26,0.179,-30.0,Bensby-05
12,-0.61,0.309,-30.0,Bensby-05
12,-0.37,0.249,-30.0,Bensby-05
12,-0.07,0.069,-30.0,Bensby-05
12,-0.67,0.269,-30.0,Bensby-05
12,-0.63,0.389,-30.0,Bensby-05
12,-0.91,0.359,-30.0,Bensby-05
12,-0.28,0.149,-30.0,Bensby-05
12,-0.45,0.339,-30.0,Bensby-05
12,-0.05,-0.041,-30.0,Bensby-05
12,-0.06,0.029,-30.0,Bensby-05
12,-0.28,0.039,-30.0,Bensby-05
12,0.37,0.099,-30.0,Bensby-05
12,-0.02,0.059,-30.0,Bensby-05
12,-0.32,0.179,-30.0,Bensby-05
12,-0.53,0.159,-30.0,Bensby-05
12,-0.42,0.279,-30.0,Bensby-05
12,-0.11,-0.011,-30.0,Bensby-05
12,-0.45,0.319,-30.0,Bensby-05
12,0.05,0.159,-30.0,Bensby-05
12,-0.07,0.069,-30.0,Bensby-05
13,-0.2,-0.009,-30.0,Bensby-05
13,-0.36,0.051,-30.0,Bensby-05
13,-0.28,-0.019,-30.0,Bensby-05
13,-0.11,0.011,-30.0,Bensby-05
13,-0.34,0.211,-30.0,Bensby-05
13,0.17,0.011,-30.0,Bensby-05
13,-0.17,0.051,-30.0,Bensby-05
13,-0.53,0.231,-30.0,Bensby-05
13,-0.52,0.091,-30.0,Bensby-05
13,-0.41,0.361,-30.0,Bensby-05
13,-0.32,0.111,-30.0,Bensby-05
13,-0.71,0.381,-30.0,Bensby-05
13,-0.52,0.201,-30.0,Bensby-05
13,-0.26,0.241,-30.0,Bensby-05
13,-0.61,0.281,-30.0,Bensby-05
13,-0.37,0.211,-30.0,Bensby-05
13,-0.07,0.111,-30.0,Bensby-05
13,-0.67,0.141,-30.0,Bensby-05
13,-0.63,0.331,-30.0,Bensby-05
13,-0.91,0.341,-30.0,Bensby-05
13,-0.28,0.051,-30.0,Bensby-05
13,-0.45,0.301,-30.0,Bensby-05
13,-0.05,0.011,-30.0,Bensby-05
13,-0.06,0.011,-30.0,Bensby-05
13,-0.28,0.031,-30.0,Bensby-05
13,0.37,0.101,-30.0,Bensby-05
13,-0.02,-0.009,-30.0,Bensby-05
13,-0.32,0.141,-30.0,Bensby-05
13,-0.53,0.041,-30.0,Bensby-05
13,-0.42,0.331,-30.0,Bensby-05
13,-0.11,0.111,-30.0,Bensby-05
13,-0.45,0.361,-30.0,Bensby-05
13,0.05,0.121,-30.0,Bensby-05
13,-0.07,0.121,-30.0,Bensby-05
14,-0.2,0.042,-30.0,Bensby-05
14,-0.36,0.072,-30.0,Bensby-05
14,-0.28,0.062,-30.0,Bensby-05
14,-0.11,0.002,-30.0,Bensby-05
14,-0.34,0.112,-30.0,Bensby-05
14,0.17,0.062,-30.0,Bensby-05
14,-0.17,0.052,-30.0,Bensby-05
14,-0.53,0.152,-30.0,Bensby-05
14,-0.52,0.092,-30.0,Bensby-05
14,-0.41,0.172,-30.0,Bensby-05
14,-0.32,0.012,-30.0,Bensby-05
14,-0.71,0.282,-30.0,Bensby-05
14,-0.52,0.092,-30.0,Bensby-05
14,-0.26,0.022,-30.0,Bensby-05
14,-0.61,0.172,-30.0,Bensby-05
14,-0.37,0.192,-30.0,Bensby-05
14,-0.07,0.032,-30.0,Bensby-05
14,-0.67,0.142,-30.0,Bensby-05
14,-0.63,0.242,-30.0,Bensby-05
14,-0.91,0.282,-30.0,Bensby-05
14,-0.28,0.092,-30.0,Bensby-05
14,-0.45,0.182,-30.0,Bensby-05
14,-0.05,-0.018,-30.0,Bensby-05
14,-0.06,0.012,-30.0,Bensby-05
14,-0.28,0.032,-30.0,Bensby-05
14,0.37,0.092,-30.0,Bensby-05
14,-0.02,0.042,-30.0,Bensby-05
14,-0.32,0.102,-30.0,Bensby-05
14,-0.53,0.072,-30.0,Bensby-05
14,-0.42,0.192,-30.0,Bensby-05
14,-0.11,-0.038,-30.0,Bensby-05
14,-0.45,0.222,-30.0,Bensby-05
14,0.05,0.042,-30.0,Bensby-05
14,-0.07,0.022,-30.0,Bensby-05
20,-0.2,0.031,-30.0,Bensby-05
20,-0.36,0.081,-30.0,Bensby-05
20,-0.28,0.071,-30.0,Bensby-05
20,-0.11,0.071,-30.0,Bensby-05
20,-0.34,0.111,-30.0,Bensby-05
20,0.17,0.021,-30.0,Bensby-05
20,-0.17,0.041,-30.0,Bensby-05
20,-0.53,0.161,-30.0,Bensby-05
20,-0.52,0.021,-30.0,Bensby-05
20,-0.41,0.161,-30.0,Bensby-05
20,-0.32,0.051,-30.0,Bensby-05
20,-0.71,0.311,-30.0,Bensby-05
20,-0.52,0.081,-30.0,Bensby-05
20,-0.26,0.151,-30.0,Bensby-05
20,-0.61,0.171,-30.0,Bensby-05
20,-0.37,0.161,-30.0,Bensby-05
20,-0.07,0.021,-30.0,Bensby-05
20,-0.67,0.091,-30.0,Bensby-05
20,-0.63,0.261,-30.0,Bensby-05
20,-0.91,0.241,-30.0,Bensby-05
20,-0.28,0.091,-30.0,Bensby-05
20,-0.45,0.241,-30.0,Bensby-05
20,-0.05,0.081,-30.0,Bensby-05
20,-0.06,0.031,-30.0,Bensby-05
20,-0.28,0.021,-30.0,Bensby-05
20,0.37,-0.009,-30.0,Bensby-05
20,-0.02,0.091,-30.0,Bensby-05
20,-0.32,0.121,-30.0,Bensby-05
20,-0.53,0.071,-30.0,Bensby-05
20,-0.42,0.201,-30.0,Bensby-05
20,-0.11,0.051,-30.0,Bensby-05
20,-0.45,0.191,-30.0,Bensby-05
20,0.05,0.111,-30.0,Bensby-05
20,-0.07,0.081,-30.0,Bensby-05
22,-0.2,0.006,-30.0,Bensby-05
22,-0.36,0.066,-30.0,Bensby-05
22,-0.28,0.126,-30.0,Bensby-05
22,-0.11,0.056,-30.0,Bensby-05
22,-0.34,0.146,-30.0,Bensby-05
22,0.17,-0.044,-30.0,Bensby-05
22,-0.17,0.056,-30.0,Bensby-05
22,-0.53,0.166,-30.0,Bensby-05
22,-0.52,0.066,-30.0,Bensby-05
22,-0.41,0.416,-30.0,Bensby-05
22,-0.32,0.056,-30.0,Bensby-05
22,-0.71,0.336,-30.0,Bensby-05
22,-0.52,0.156,-30.0,Bensby-05
22,-0.26,0.076,-30.0,Bensby-05
22,-0.61,0.196,-30.0,Bensby-05
22,-0.37,0.176,-30.0,Bensby-05
22,-0.07,0.006,-30.0,Bensby-05
22,-0.67,0.126,-30.0,Bensby-05
22,-0.63,0.266,-30.0,Bensby-05
22,-0.91,0.266,-30.0,Bensby-05
22,-0.28,0.046,-30.0,Bensby-05
22,-0.45,0.256,-30.0,Bensby-05
22,-0.05,-0.074,-30.0,Bensby-05
22,-0.06,-0.004,-30.0,Bensby-05
22,-0.28,0.006,-30.0,Bensby-05
22,0.37,0.056,-30.0,Bensby-05
22,-0.02,-0.004,-30.0,Bensby-05
22,-0.32,0.056,-30.0,Bensby-05
22,-0.53,0.136,-30.0,Bensby-05
22,-0.42,0.376,-30.0,Bensby-05
22,-0.11,0.026,-30.0,Bensby-05
22,-0.45,0.286,-30.0,Bensby-05
22,0.05,-0.114,-30.0,Bensby-05
22,-0.07,0.066,-30.0,Bensby-05
24,-0.2,-0.028,-30.0,Bensby-05
24,-0.36,-0.058,-30.0,Bensby-05
24,-0.28,-0.088,-30.0,Bensby-05
24,-0.11,-0.048,-30.0,Bensby-05
24,-0.34,0.092,-30.0,Bensby-05
24,0.17,-0.008,-30.0,Bensby-05
24,-0.17,-0.038,-30.0,Bensby-05
24,-0.53,-0.018,-30.0,Bensby-05
24,-0.52,0.002,-30.0,Bensby-05
24,-0.41,0.092,-30.0,Bensby-05
24,-0.32,-0.018,-30.0,Bensby-05
24,-0.71,-0.008,-30.0,Bensby-05
24,-0.52,-0.098,-30.0,Bensby-05
24,-0.26,0.002,-30.0,Bensby-05
24,-0.61,-0.018,-30.0,Bensby-05
24,-0.37,-0.078,-30.0,Bensby-05
24,-0.07,-0.018,-30.0,Bensby-05
24,-0.67,-0.008,-30.0,Bensby-05
24,-0.63,-0.008,-30.0,Bensby-05
24,-0.91,0.012,-30.0,Bensby-05
24,-0.28,-0.058,-30.0,Bensby-05
24,-0.45,0.012,-30.0,Bensby-05
24,-0.05,0.012,-30.0,Bensby-05
24,-0.06,-0.048,-30.0,Bensby-05
24,-0.28,-0.028,-30.0,Bensby-05
24,0.37,0.032,-30.0,Bensby-05
24,-0.02,-0.018,-30.0,Bensby-05
24,-0.32,0.012,-30.0,Bensby-05
24,-0.53,-0.088,-30.0,Bensby-05
24,-0.42,0.002,-30.0,Bensby-05
24,-0.11,-0.098,-30.0,Bensby-05
24,-0.45,0.022,-30.0,Bensby-05
24,0.05,0.012,-30.0,Bensby-05
24,-0.07,-0.028,-30.0,Bensby-05
28,-0.2,-0.048,-30.0,Bensby-05
28,-0.36,-0.038,-30.0,Bensby-05
28,-0.28,-0.048,-30.0,Bensby-05
28,-0.11,-0.078,-30.0,Bensby-05
28,-0.34,-0.028,-30.0,Bensby-05
28,0.17,-0.008,-30.0,Bensby-05
28,-0.17,-0.038,-30.0,Bensby-05
28,-0.53,0.002,-30.0,Bensby-05
28,-0.52,0.002,-30.0,Bensby-05
28,-0.41,0.052,-30.0,Bensby-05
28,-0.32,-0.028,-30.0,Bensby-05
28,-0.71,0.032,-30.0,Bensby-05
28,-0.52,0.022,-30.0,Bensby-05
28,-0.26,-0.038,-30.0,Bensby-05
28,-0.61,0.012,-30.0,Bensby-05
28,-0.37,0.022,-30.0,Bensby-05
28,-0.07,-0.008,-30.0,Bensby-05
28,-0.67,-0.028,-30.0,Bensby-05
28,-0.63,0.012,-30.0,Bensby-05
28,-0.91,0.002,-30.0,Bensby-05
28,-0.28,0.002,-30.0,Bensby-05
28,-0.45,0.022,-30.0,Bensby-05
28,-0.05,-0.118,-30.0,Bensby-05
28,-0.06,-0.018,-30.0,Bensby-05
28,-0.28,-0.048,-30.0,Bensby-05
28,0.37,0.102,-30.0,Bensby-05
28,-0.02,-0.068,-30.0,Bensby-05
28,-0.32,-0.038,-30.0,Bensby-05
28,-0.53,-0.038,-30.0,Bensby-05
28,-0.42,0.092,-30.0,Bensby-05
28,-0.11,-0.048,-30.0,Bensby-05
28,-0.45,0.052,-30.0,Bensby-05
28,0.05,-0.068,-30.0,Bensby-05
28,-0.07,-0.038,-30.0,Bensby-05
30,-0.2,-0.036,-30.0,Bensby-05
30,-0.36,-0.046,-30.0,Bensby-05
30,-0.28,-0.056,-30.0,Bensby-05
30,-0.11,-0.136,-30.0,Bensby-05
30,-0.34,0.064,-30.0,Bensby-05
30,0.17,-0.066,-30.0,Bensby-05
30,-0.17,-0.076,-30.0,Bensby-05
30,-0.53,0.074,-30.0,Bensby-05
30,-0.52,0.064,-30.0,Bensby-05
30,-0.41,0.194,-30.0,Bensby-05
30,-0.32,0.124,-30.0,Bensby-05
30,-0.71,0.194,-30.0,Bensby-05
30,-0.52,-0.046,-30.0,Bensby-05
30,-0.26,0.034,-30.0,Bensby-05
30,-0.61,0.144,-30.0,Bensby-05
30,-0.37,0.124,-30.0,Bensby-05
30,-0.07,0.074,-30.0,Bensby-05
30,-0.67,0.064,-30.0,Bensby-05
30,-0.63,0.164,-30.0,Bensby-05
30,-0.91,0.134,-30.0,Bensby-05
30,-0.28,-0.076,-30.0,Bensby-05
30,-0.45,0.204,-30.0,Bensby-05
30,-0.05,-0.126,-30.0,Bensby-05
30,-0.06,-0.126,-30.0,Bensby-05
30,-0.28,-0.056,-30.0,Bensby-05
30,0.37,0.094,-30.0,Bensby-05
30,-0.02,-0.156,-30.0,Bensby-05
30,-0.32,0.064,-30.0,Bensby-05
30,-0.53,-0.036,-30.0,Bensby-05
30,-0.42,0.124,-30.0,Bensby-05
30,-0.11,-0.086,-30.0,Bensby-05
30,-0.45,0.074,-30.0,Bensby-05
30,0.05,0.104,-30.0,Bensby-05
30,-0.07,0.024,-30.0,Bensby-05
8,-0.2,-29.793,-30.0,Bensby-05
8,-0.36,0.162,-30.0,Bensby-05
8,-0.28,-29.713,-30.0,Bensby-05
8,-0.11,-29.883,-30.0,Bensby-05
8,-0.34,-29.653,-30.0,Bensby-05
8,0.17,-0.103,-30.0,Bensby-05
8,-0.17,-29.823,-30.0,Bensby-05
8,-0.53,-29.463,-30.0,Bensby-05
8,-0.52,0.267,-30.0,Bensby-05
8,-0.41,0.407,-30.0,Bensby-05
8,-0.32,0.062,-30.0,Bensby-05
8,-0.71,0.477,-30.0,Bensby-05
8,-0.52,0.267,-30.0,Bensby-05
8,-0.26,0.262,-30.0,Bensby-05
8,-0.61,-29.383,-30.0,Bensby-05
8,-0.37,-29.623,-30.0,Bensby-05
8,-0.07,0.177,-30.0,Bensby-05
8,-0.67,0.502,-30.0,Bensby-05
8,-0.63,-29.363,-30.0,Bensby-05
8,-0.91,0.597,-30.0,Bensby-05
8,-0.28,0.202,-30.0,Bensby-05
8,-0.45,0.452,-30.0,Bensby-05
8,-0.05,0.017,-30.0,Bensby-05
8,-0.06,0.077,-30.0,Bensby-05
8,-0.28,0.147,-30.0,Bensby-05
8,0.37,-0.163,-30.0,Bensby-05
8,-0.02,0.042,-30.0,Bensby-05
8,-0.32,0.147,-30.0,Bensby-05
8,-0.53,0.282,-30.0,Bensby-05
8,-0.42,0.417,-30.0,Bensby-05
8,-0.11,-29.883,-30.0,Bensby-05
8,-0.45,0.412,-30.0,Bensby-05
8,0.05,-30.043,-30.0,Bensby-05
8,-0.07,0.117,-30.0,Bensby-05
39,-0.2,-0.044,-30.0,Bensby-05
39,-0.36,-0.074,-30.0,Bensby-05
39,-0.28,0.596,-30.0,Bensby-05
39,-0.11,-0.024,-30.0,Bensby-05
39,-0.34,-0.224,-30.0,Bensby-05
39,0.17,0.276,-30.0,Bensby-05
39,-0.17,0.026,-30.0,Bensby-05
39,-0.53,-0.204,-30.0,Bensby-05
39,-0.52,0.166,-30.0,Bensby-05
39,-0.41,0.506,-30.0,Bensby-05
39,-0.32,0.776,-30.0,Bensby-05
39,-0.71,0.116,-30.0,Bensby-05
39,-0.52,-0.074,-30.0,Bensby-05
39,-0.26,-0.164,-30.0,Bensby-05
39,-0.61,-0.174,-30.0,Bensby-05
39,-0.37,-0.134,-30.0,Bensby-05
39,-0.07,-0.114,-30.0,Bensby-05
39,-0.67,-0.154,-30.0,Bensby-05
39,-0.63,-0.044,-30.0,Bensby-05
39,-0.91,0.026,-30.0,Bensby-05
39,-0.28,-0.034,-30.0,Bensby-05
39,-0.45,-0.064,-30.0,Bensby-05
39,-0.05,0.076,-30.0,Bensby-05
39,-0.06,-0.004,-30.0,Bensby-05
39,-0.28,0.006,-30.0,Bensby-05
39,0.37,-0.094,-30.0,Bensby-05
39,-0.02,0.036,-30.0,Bensby-05
39,-0.32,-0.154,-30.0,Bensby-05
39,-0.53,-0.084,-30.0,Bensby-05
39,-0.42,0.006,-30.0,Bensby-05
39,-0.11,0.026,-30.0,Bensby-05
39,-0.45,-0.024,-30.0,Bensby-05
39,0.05,-0.134,-30.0,Bensby-05
39,-0.07,-0.104,-30.0,Bensby-05
56,-0.2,0.19,-30.0,Bensby-05
56,-0.36,0.18,-30.0,Bensby-05
56,-0.28,0.81,-30.0,Bensby-05
56,-0.11,0.45,-30.0,Bensby-05
56,-0.34,-0.01,-30.0,Bensby-05
56,0.17,0.08,-30.0,Bensby-05
56,-0.17,0.39,-30.0,Bensby-05
56,-0.53,-0.1,-30.0,Bensby-05
56,-0.52,0.11,-30.0,Bensby-05
56,-0.41,-0.16,-30.0,Bensby-05
56,-0.32,0.94,-30.0,Bensby-05
56,-0.71,-0.01,-30.0,Bensby-05
56,-0.52,0.22,-30.0,Bensby-05
56,-0.26,0.02,-30.0,Bensby-05
56,-0.61,-0.04,-30.0,Bensby-05
56,-0.37,0.12,-30.0,Bensby-05
56,-0.07,0.02,-30.0,Bensby-05
56,-0.67,-0.0,-30.0,Bensby-05
56,-0.63,-0.09,-30.0,Bensby-05
56,-0.91,0.09,-30.0,Bensby-05
56,-0.28,0.21,-30.0,Bensby-05
56,-0.45,-0.07,-30.0,Bensby-05
56,-0.05,0.25,-30.0,Bensby-05
56,-0.06,0.16,-30.0,Bensby-05
56,-0.28,0.16,-30.0,Bensby-05
56,0.37,-0.09,-30.0,Bensby-05
56,-0.02,0.25,-30.0,Bensby-05
56,-0.32,0.09,-30.0,Bensby-05
56,-0.53,0.29,-30.0,Bensby-05
56,-0.42,-0.11,-30.0,Bensby-05
56,-0.11,0.59,-30.0,Bensby-05
56,-0.45,-0.01,-30.0,Bensby-05
56,0.05,0.13,-30.0,Bensby-05
56,-0.07,0.01,-30.0,Bensby-05
63,-0.2,0.272,-30.0,Bensby-05
63,-0.36,0.162,-30.0,Bensby-05
63,-0.28,0.242,-30.0,Bensby-05
63,-0.11,0.082,-30.0,Bensby-05
63,-0.34,0.172,-30.0,Bensby-05
63,0.17,-30.178,-30.0,Bensby-05
63,-0.17,0.102,-30.0,Bensby-05
63,-0.53,0.172,-30.0,Bensby-05
63,-0.52,-29.488,-30.0,Bensby-05
63,-0.41,-29.598,-30.0,Bensby-05
63,-0.32,0.252,-30.0,Bensby-05
63,-0.71,0.382,-30.0,Bensby-05
63,-0.52,0.292,-30.0,Bensby-05
63,-0.26,0.182,-30.0,Bensby-05
63,-0.61,-29.398,-30.0,Bensby-05
63,-0.37,-29.638,-30.0,Bensby-05
63,-0.07,0.082,-30.0,Bensby-05
63,-0.67,0.332,-30.0,Bensby-05
63,-0.63,-29.378,-30.0,Bensby-05
63,-0.91,0.422,-30.0,Bensby-05
63,-0.28,0.372,-30.0,Bensby-05
63,-0.45,0.372,-30.0,Bensby-05
63,-0.05,0.022,-30.0,Bensby-05
63,-0.06,0.082,-30.0,Bensby-05
63,-0.28,-0.018,-30.0,Bensby-05
63,0.37,-0.128,-30.0,Bensby-05
63,-0.02,0.122,-30.0,Bensby-05
63,-0.32,0.102,-30.0,Bensby-05
63,-0.53,0.272,-30.0,Bensby-05
63,-0.42,0.362,-30.0,Bensby-05
63,-0.11,-29.898,-30.0,Bensby-05
63,-0.45,0.492,-30.0,Bensby-05
63,0.05,-0.078,-30.0,Bensby-05
63,-0.07,0.182,-30.0,Bensby-05
22,-0.2,-30.0,0.046,Bensby-05
22,-0.36,-30.0,0.106,Bensby-05
22,-0.28,-30.0,0.056,Bensby-05
22,-0.11,-30.0,0.026,Bensby-05
22,-0.34,-30.0,0.136,Bensby-05
22,0.17,-30.0,-0.054,Bensby-05
22,-0.17,-30.0,0.066,Bensby-05
22,-0.53,-30.0,0.116,Bensby-05
22,-0.52,-30.0,0.636,Bensby-05
22,-0.41,-30.0,0.526,Bensby-05
22,-0.32,-30.0,0.056,Bensby-05
22,-0.71,-30.0,0.286,Bensby-05
22,-0.52,-30.0,0.136,Bensby-05
22,-0.26,-30.0,0.046,Bensby-05
22,-0.61,-30.0,0.186,Bensby-05
22,-0.37,-30.0,0.246,Bensby-05
22,-0.07,-30.0,0.016,Bensby-05
22,-0.67,-30.0,0.186,Bensby-05
22,-0.63,-30.0,0.326,Bensby-05
22,-0.91,-30.0,0.326,Bensby-05
22,-0.28,-30.0,0.086,Bensby-05
22,-0.45,-30.0,0.266,Bensby-05
22,-0.05,-30.0,-0.044,Bensby-05
22,-0.06,-30.0,0.026,Bensby-05
22,-0.28,-30.0,0.026,Bensby-05
22,0.37,-30.0,0.056,Bensby-05
22,-0.02,-30.0,0.056,Bensby-05
22,-0.32,-30.0,0.106,Bensby-05
22,-0.53,-30.0,0.146,Bensby-05
22,-0.42,-30.0,0.266,Bensby-05
22,-0.11,-30.0,0.096,Bensby-05
22,-0.45,-30.0,0.266,Bensby-05
22,0.05,-30.0,-0.054,Bensby-05
22,-0.07,-30.0,0.066,Bensby-05
24,-0.2,-30.0,-0.008,Bensby-05
24,-0.36,-30.0,0.002,Bensby-05
24,-0.28,-30.0,-0.018,Bensby-05
24,-0.11,-30.0,-0.018,Bensby-05
24,-0.34,-30.0,0.022,Bensby-05
24,0.17,-30.0,-0.168,Bensby-05
24,-0.17,-30.0,0.012,Bensby-05
24,-0.53,-30.0,-0.028,Bensby-05
24,-0.52,-30.0,0.522,Bensby-05
24,-0.41,-30.0,0.412,Bensby-05
24,-0.32,-30.0,-0.018,Bensby-05
24,-0.71,-30.0,0.032,Bensby-05
24,-0.52,-30.0,0.042,Bensby-05
24,-0.26,-30.0,0.012,Bensby-05
24,-0.61,-30.0,0.022,Bensby-05
24,-0.37,-30.0,0.012,Bensby-05
24,-0.07,-30.0,0.042,Bensby-05
24,-0.67,-30.0,0.012,Bensby-05
24,-0.63,-30.0,0.022,Bensby-05
24,-0.91,-30.0,0.012,Bensby-05
24,-0.28,-30.0,0.012,Bensby-05
24,-0.45,-30.0,0.022,Bensby-05
24,-0.05,-30.0,0.082,Bensby-05
24,-0.06,-30.0,0.012,Bensby-05
24,-0.28,-30.0,0.012,Bensby-05
24,0.37,-30.0,0.012,Bensby-05
24,-0.02,-30.0,-0.008,Bensby-05
24,-0.32,-30.0,-0.008,Bensby-05
24,-0.53,-30.0,0.012,Bensby-05
24,-0.42,-30.0,0.012,Bensby-05
24,-0.11,-30.0,0.052,Bensby-05
24,-0.45,-30.0,0.042,Bensby-05
24,0.05,-30.0,0.002,Bensby-05
24,-0.07,-30.0,-0.048,Bensby-05