elemZ,[Fe/H]sun by mass (Asplund09),[X/Fe]sun by mass(Neutral),[X/Fe]sun by mass(Ionized),paperName
38,-2.603,-29.997,-30.0,Hansen-12
38,-2.563,0.213,-30.0,Hansen-12
38,-1.923,0.153,-30.0,Hansen-12
38,-1.553,0.223,-30.0,Hansen-12
38,-0.993,-0.147,-30.0,Hansen-12
38,-1.013,0.003,-30.0,Hansen-12
38,-1.333,-0.097,-30.0,Hansen-12
38,-2.133,0.133,-30.0,Hansen-12
38,-0.953,0.333,-30.0,Hansen-12
38,-1.123,0.303,-30.0,Hansen-12
38,-1.053,0.363,-30.0,Hansen-12
38,-0.993,0.413,-30.0,Hansen-12
38,-0.973,-29.997,-30.0,Hansen-12
38,-0.853,0.043,-30.0,Hansen-12
38,-0.843,0.103,-30.0,Hansen-12
38,-0.633,-29.997,-30.0,Hansen-12
38,-1.323,0.453,-30.0,Hansen-12
38,-2.173,-29.997,-30.0,Hansen-12
38,-1.313,0.223,-30.0,Hansen-12
38,-0.733,0.403,-30.0,Hansen-12
38,-1.813,0.033,-30.0,Hansen-12
38,-1.283,0.203,-30.0,Hansen-12
38,-1.523,0.343,-30.0,Hansen-12
38,-2.583,-0.267,-30.0,Hansen-12
38,-1.833,0.043,-30.0,Hansen-12
38,-0.723,-29.997,-30.0,Hansen-12
38,-1.583,-0.037,-30.0,Hansen-12
38,-1.183,-0.697,-30.0,Hansen-12
38,-0.713,-29.997,-30.0,Hansen-12
38,-1.193,-0.017,-30.0,Hansen-12
38,-2.013,0.043,-30.0,Hansen-12
38,-1.483,-0.027,-30.0,Hansen-12
38,-2.273,0.163,-30.0,Hansen-12
38,-0.933,-29.997,-30.0,Hansen-12
38,-1.903,0.223,-30.0,Hansen-12
38,-3.103,-0.047,-30.0,Hansen-12
38,-3.163,-0.057,-30.0,Hansen-12
38,-2.533,-29.997,-30.0,Hansen-12
38,-0.893,0.043,-30.0,Hansen-12
38,-2.123,-29.997,-30.0,Hansen-12
38,-1.993,0.113,-30.0,Hansen-12
38,-2.483,-0.177,-30.0,Hansen-12
38,-2.093,-0.007,-30.0,Hansen-12
38,-1.203,-0.087,-30.0,Hansen-12
38,-1.643,0.053,-30.0,Hansen-12
38,-2.773,-0.057,-30.0,Hansen-12
38,-2.673,0.283,-30.0,Hansen-12
38,-3.063,0.093,-30.0,Hansen-12
38,-2.623,-0.337,-30.0,Hansen-12
38,-2.813,0.663,-30.0,Hansen-12
38,-1.483,0.063,-30.0,Hansen-12
38,-1.253,-0.037,-30.0,Hansen-12
38,-2.873,0.043,-30.0,Hansen-12
38,-2.113,-0.047,-30.0,Hansen-12
38,-2.403,-0.047,-30.0,Hansen-12
38,-3.003,-0.077,-30.0,Hansen-12
38,-2.813,0.043,-30.0,Hansen-12
38,-1.453,-0.037,-30.0,Hansen-12
38,-1.923,-0.087,-30.0,Hansen-12
38,-3.163,-0.007,-30.0,Hansen-12
38,-2.343,-0.357,-30.0,Hansen-12
38,-1.383,0.013,-30.0,Hansen-12
38,-2.423,0.083,-30.0,Hansen-12
38,-1.843,-0.067,-30.0,Hansen-12
38,-2.593,0.133,-30.0,Hansen-12
38,-2.323,-0.177,-30.0,Hansen-12
39,-2.603,-0.277,-30.0,Hansen-12
39,-2.563,-0.017,-30.0,Hansen-12
39,-1.923,0.103,-30.0,Hansen-12
39,-1.553,0.013,-30.0,Hansen-12
39,-0.993,0.033,-30.0,Hansen-12
39,-1.013,-0.227,-30.0,Hansen-12
39,-1.333,-0.177,-30.0,Hansen-12
39,-2.133,-0.097,-30.0,Hansen-12
39,-0.953,-0.057,-30.0,Hansen-12
39,-1.123,-0.047,-30.0,Hansen-12
39,-1.053,0.063,-30.0,Hansen-12
39,-0.993,0.093,-30.0,Hansen-12
39,-0.973,-0.067,-30.0,Hansen-12
39,-0.853,-0.267,-30.0,Hansen-12
39,-0.843,-0.187,-30.0,Hansen-12
39,-0.633,0.083,-30.0,Hansen-12
39,-1.323,0.233,-30.0,Hansen-12
39,-2.173,0.003,-30.0,Hansen-12
39,-1.313,0.253,-30.0,Hansen-12
39,-0.733,0.163,-30.0,Hansen-12
39,-1.813,-0.147,-30.0,Hansen-12
39,-1.283,0.343,-30.0,Hansen-12
39,-1.523,0.173,-30.0,Hansen-12
39,-2.583,-0.477,-30.0,Hansen-12
39,-1.833,-0.027,-30.0,Hansen-12
39,-0.723,-29.997,-30.0,Hansen-12
39,-1.583,-0.157,-30.0,Hansen-12
39,-1.183,0.153,-30.0,Hansen-12
39,-0.713,-29.997,-30.0,Hansen-12
39,-1.193,0.053,-30.0,Hansen-12
39,-2.013,-0.047,-30.0,Hansen-12
39,-1.483,-0.087,-30.0,Hansen-12
39,-2.273,-0.067,-30.0,Hansen-12
39,-0.933,-29.997,-30.0,Hansen-12
39,-1.903,0.173,-30.0,Hansen-12
39,-3.103,0.023,-30.0,Hansen-12
39,-3.163,0.033,-30.0,Hansen-12
39,-2.533,-0.137,-30.0,Hansen-12
39,-0.893,-0.267,-30.0,Hansen-12
39,-2.123,-0.237,-30.0,Hansen-12
39,-1.993,0.033,-30.0,Hansen-12
39,-2.483,-0.317,-30.0,Hansen-12
39,-2.093,0.043,-30.0,Hansen-12
39,-1.203,-0.347,-30.0,Hansen-12
39,-1.643,-0.077,-30.0,Hansen-12
39,-2.773,-0.247,-30.0,Hansen-12
39,-2.673,0.093,-30.0,Hansen-12
39,-3.063,-0.317,-30.0,Hansen-12
39,-2.623,-0.787,-30.0,Hansen-12
39,-2.813,0.823,-30.0,Hansen-12
39,-1.483,0.383,-30.0,Hansen-12
39,-1.253,0.213,-30.0,Hansen-12
39,-2.873,-0.087,-30.0,Hansen-12
39,-2.113,-0.217,-30.0,Hansen-12
39,-2.403,0.153,-30.0,Hansen-12
39,-3.003,-0.117,-30.0,Hansen-12
39,-2.813,-0.097,-30.0,Hansen-12
39,-1.453,0.003,-30.0,Hansen-12
39,-1.923,-0.267,-30.0,Hansen-12
39,-3.163,-0.197,-30.0,Hansen-12
39,-2.343,-0.777,-30.0,Hansen-12
39,-1.383,0.123,-30.0,Hansen-12
39,-2.423,0.013,-30.0,Hansen-12
39,-1.843,-0.137,-30.0,Hansen-12
39,-2.593,0.083,-30.0,Hansen-12
39,-2.323,-0.237,-30.0,Hansen-12
40,-2.603,-0.017,-30.0,Hansen-12
40,-2.563,0.443,-30.0,Hansen-12
40,-1.923,0.473,-30.0,Hansen-12
40,-1.553,0.273,-30.0,Hansen-12
40,-0.993,0.143,-30.0,Hansen-12
40,-1.013,-29.997,-30.0,Hansen-12
40,-1.333,0.273,-30.0,Hansen-12
40,-2.133,0.293,-30.0,Hansen-12
40,-0.953,0.193,-30.0,Hansen-12
40,-1.123,-0.017,-30.0,Hansen-12
40,-1.053,0.063,-30.0,Hansen-12
40,-0.993,0.203,-30.0,Hansen-12
40,-0.973,0.193,-30.0,Hansen-12
40,-0.853,0.053,-30.0,Hansen-12
40,-0.843,0.023,-30.0,Hansen-12
40,-0.633,0.223,-30.0,Hansen-12
40,-1.323,0.443,-30.0,Hansen-12
40,-2.173,0.333,-30.0,Hansen-12
40,-1.313,0.343,-30.0,Hansen-12
40,-0.733,0.513,-30.0,Hansen-12
40,-1.813,0.203,-30.0,Hansen-12
40,-1.283,0.563,-30.0,Hansen-12
40,-1.523,0.463,-30.0,Hansen-12
40,-2.583,-0.197,-30.0,Hansen-12
40,-1.833,0.193,-30.0,Hansen-12
40,-0.723,0.173,-30.0,Hansen-12
40,-1.583,0.183,-30.0,Hansen-12
40,-1.183,0.443,-30.0,Hansen-12
40,-0.713,-0.137,-30.0,Hansen-12
40,-1.193,0.193,-30.0,Hansen-12
40,-2.013,0.373,-30.0,Hansen-12
40,-1.483,0.233,-30.0,Hansen-12
40,-2.273,0.293,-30.0,Hansen-12
40,-0.933,0.373,-30.0,Hansen-12
40,-1.903,0.563,-30.0,Hansen-12
40,-3.103,-29.997,-30.0,Hansen-12
40,-3.163,0.523,-30.0,Hansen-12
40,-2.533,0.253,-30.0,Hansen-12
40,-0.893,0.023,-30.0,Hansen-12
40,-2.123,0.183,-30.0,Hansen-12
40,-1.993,0.263,-30.0,Hansen-12
40,-2.483,0.123,-30.0,Hansen-12
40,-2.093,0.053,-30.0,Hansen-12
40,-1.203,0.283,-30.0,Hansen-12
40,-1.643,0.013,-30.0,Hansen-12
40,-2.773,0.643,-30.0,Hansen-12
40,-2.673,-0.067,-30.0,Hansen-12
40,-3.063,0.433,-30.0,Hansen-12
40,-2.623,-0.167,-30.0,Hansen-12
40,-2.813,0.773,-30.0,Hansen-12
40,-1.483,0.543,-30.0,Hansen-12
40,-1.253,0.273,-30.0,Hansen-12
40,-2.873,0.193,-30.0,Hansen-12
40,-2.113,0.073,-30.0,Hansen-12
40,-2.403,0.473,-30.0,Hansen-12
40,-3.003,0.203,-30.0,Hansen-12
40,-2.813,0.073,-30.0,Hansen-12
40,-1.453,-0.007,-30.0,Hansen-12
40,-1.923,0.063,-30.0,Hansen-12
40,-3.163,0.193,-30.0,Hansen-12
40,-2.343,-0.347,-30.0,Hansen-12
40,-1.383,0.293,-30.0,Hansen-12
40,-2.423,0.313,-30.0,Hansen-12
40,-1.843,0.073,-30.0,Hansen-12
40,-2.593,0.303,-30.0,Hansen-12
40,-2.323,-0.057,-30.0,Hansen-12
46,-2.603,0.723,-30.0,Hansen-12
46,-2.563,-29.997,-30.0,Hansen-12
46,-1.923,-29.997,-30.0,Hansen-12
46,-1.553,0.193,-30.0,Hansen-12
46,-0.993,0.523,-30.0,Hansen-12
46,-1.013,0.173,-30.0,Hansen-12
46,-1.333,0.293,-30.0,Hansen-12
46,-2.133,0.003,-30.0,Hansen-12
46,-0.953,0.173,-30.0,Hansen-12
46,-1.123,0.073,-30.0,Hansen-12
46,-1.053,0.003,-30.0,Hansen-12
46,-0.993,0.093,-30.0,Hansen-12
46,-0.973,0.203,-30.0,Hansen-12
46,-0.853,0.293,-30.0,Hansen-12
46,-0.843,0.123,-30.0,Hansen-12
46,-0.633,0.143,-30.0,Hansen-12
46,-1.323,0.173,-30.0,Hansen-12
46,-2.173,0.373,-30.0,Hansen-12
46,-1.313,0.443,-30.0,Hansen-12
46,-0.733,0.323,-30.0,Hansen-12
46,-1.813,0.023,-30.0,Hansen-12
46,-1.283,0.513,-30.0,Hansen-12
46,-1.523,0.343,-30.0,Hansen-12
46,-2.583,-29.997,-30.0,Hansen-12
46,-1.833,0.423,-30.0,Hansen-12
46,-0.723,0.123,-30.0,Hansen-12
46,-1.583,0.323,-30.0,Hansen-12
46,-1.183,0.303,-30.0,Hansen-12
46,-0.713,-0.127,-30.0,Hansen-12
46,-1.193,0.223,-30.0,Hansen-12
46,-2.013,0.223,-30.0,Hansen-12
46,-1.483,0.323,-30.0,Hansen-12
46,-2.273,-29.997,-30.0,Hansen-12
46,-0.933,0.163,-30.0,Hansen-12
46,-1.903,0.773,-30.0,Hansen-12
46,-3.103,-29.997,-30.0,Hansen-12
46,-3.163,-29.997,-30.0,Hansen-12
46,-2.533,-29.997,-30.0,Hansen-12
46,-0.893,0.123,-30.0,Hansen-12
46,-2.123,-29.997,-30.0,Hansen-12
46,-1.993,0.393,-30.0,Hansen-12
46,-2.483,-29.997,-30.0,Hansen-12
46,-2.093,0.123,-30.0,Hansen-12
46,-1.203,-0.007,-30.0,Hansen-12
46,-1.643,-0.327,-30.0,Hansen-12
46,-2.773,-29.997,-30.0,Hansen-12
46,-2.673,-29.997,-30.0,Hansen-12
46,-3.063,-29.997,-30.0,Hansen-12
46,-2.623,-29.997,-30.0,Hansen-12
46,-2.813,1.293,-30.0,Hansen-12
46,-1.483,0.133,-30.0,Hansen-12
46,-1.253,-0.197,-30.0,Hansen-12
46,-2.873,-29.997,-30.0,Hansen-12
46,-2.113,-0.077,-30.0,Hansen-12
46,-2.403,0.223,-30.0,Hansen-12
46,-3.003,0.473,-30.0,Hansen-12
46,-2.813,0.123,-30.0,Hansen-12
46,-1.453,0.323,-30.0,Hansen-12
46,-1.923,0.243,-30.0,Hansen-12
46,-3.163,0.423,-30.0,Hansen-12
46,-2.343,-0.157,-30.0,Hansen-12
46,-1.383,0.043,-30.0,Hansen-12
46,-2.423,0.263,-30.0,Hansen-12
46,-1.843,0.043,-30.0,Hansen-12
46,-2.593,-29.997,-30.0,Hansen-12
46,-2.323,0.123,-30.0,Hansen-12
47,-2.603,-29.997,-30.0,Hansen-12
47,-2.563,-29.997,-30.0,Hansen-12
47,-1.923,-29.997,-30.0,Hansen-12
47,-1.553,0.273,-30.0,Hansen-12
47,-0.993,0.383,-30.0,Hansen-12
47,-1.013,0.203,-30.0,Hansen-12
47,-1.333,0.533,-30.0,Hansen-12
47,-2.133,-29.997,-30.0,Hansen-12
47,-0.953,0.003,-30.0,Hansen-12
47,-1.123,0.093,-30.0,Hansen-12
47,-1.053,0.073,-30.0,Hansen-12
47,-0.993,-0.067,-30.0,Hansen-12
47,-0.973,0.253,-30.0,Hansen-12
47,-0.853,0.213,-30.0,Hansen-12
47,-0.843,0.013,-30.0,Hansen-12
47,-0.633,0.083,-30.0,Hansen-12
47,-1.323,0.103,-30.0,Hansen-12
47,-2.173,-29.997,-30.0,Hansen-12
47,-1.313,0.483,-30.0,Hansen-12
47,-0.733,0.163,-30.0,Hansen-12
47,-1.813,-29.997,-30.0,Hansen-12
47,-1.283,0.283,-30.0,Hansen-12
47,-1.523,0.203,-30.0,Hansen-12
47,-2.583,-29.997,-30.0,Hansen-12
47,-1.833,-29.997,-30.0,Hansen-12
47,-0.723,0.093,-30.0,Hansen-12
47,-1.583,0.193,-30.0,Hansen-12
47,-1.183,0.163,-30.0,Hansen-12
47,-0.713,-0.027,-30.0,Hansen-12
47,-1.193,0.143,-30.0,Hansen-12
47,-2.013,-29.997,-30.0,Hansen-12
47,-1.483,0.433,-30.0,Hansen-12
47,-2.273,-29.997,-30.0,Hansen-12
47,-0.933,0.173,-30.0,Hansen-12
47,-1.903,-29.997,-30.0,Hansen-12
47,-3.103,-29.997,-30.0,Hansen-12
47,-3.163,-29.997,-30.0,Hansen-12
47,-2.533,-29.997,-30.0,Hansen-12
47,-0.893,0.033,-30.0,Hansen-12
47,-2.123,-29.997,-30.0,Hansen-12
47,-1.993,0.163,-30.0,Hansen-12
47,-2.483,-0.397,-30.0,Hansen-12
47,-2.093,-29.997,-30.0,Hansen-12
47,-1.203,-0.497,-30.0,Hansen-12
47,-1.643,-29.997,-30.0,Hansen-12
47,-2.773,-29.997,-30.0,Hansen-12
47,-2.673,-29.997,-30.0,Hansen-12
47,-3.063,-29.997,-30.0,Hansen-12
47,-2.623,-29.997,-30.0,Hansen-12
47,-2.813,1.193,-30.0,Hansen-12
47,-1.483,-0.327,-30.0,Hansen-12
47,-1.253,-0.527,-30.0,Hansen-12
47,-2.873,-29.997,-30.0,Hansen-12
47,-2.113,0.153,-30.0,Hansen-12
47,-2.403,0.153,-30.0,Hansen-12
47,-3.003,-29.997,-30.0,Hansen-12
47,-2.813,0.103,-30.0,Hansen-12
47,-1.453,-0.277,-30.0,Hansen-12
47,-1.923,-0.007,-30.0,Hansen-12
47,-3.163,0.403,-30.0,Hansen-12
47,-2.343,-0.237,-30.0,Hansen-12
47,-1.383,0.043,-30.0,Hansen-12
47,-2.423,0.233,-30.0,Hansen-12
47,-1.843,0.043,-30.0,Hansen-12
47,-2.593,-29.997,-30.0,Hansen-12
47,-2.323,-29.997,-30.0,Hansen-12
56,-2.603,-29.997,-30.0,Hansen-12
56,-2.563,-29.997,-30.0,Hansen-12
56,-1.923,-0.097,-30.0,Hansen-12
56,-1.553,0.183,-30.0,Hansen-12
56,-0.993,0.323,-30.0,Hansen-12
56,-1.013,0.133,-30.0,Hansen-12
56,-1.333,0.263,-30.0,Hansen-12
56,-2.133,-0.017,-30.0,Hansen-12
56,-0.953,-0.177,-30.0,Hansen-12
56,-1.123,0.213,-30.0,Hansen-12
56,-1.053,0.223,-30.0,Hansen-12
56,-0.993,0.193,-30.0,Hansen-12
56,-0.973,0.303,-30.0,Hansen-12
56,-0.853,0.173,-30.0,Hansen-12
56,-0.843,0.173,-30.0,Hansen-12
56,-0.633,0.253,-30.0,Hansen-12
56,-1.323,0.483,-30.0,Hansen-12
56,-2.173,-0.357,-30.0,Hansen-12
56,-1.313,0.223,-30.0,Hansen-12
56,-0.733,0.363,-30.0,Hansen-12
56,-1.813,0.023,-30.0,Hansen-12
56,-1.283,0.553,-30.0,Hansen-12
56,-1.523,0.403,-30.0,Hansen-12
56,-2.583,-29.997,-30.0,Hansen-12
56,-1.833,0.413,-30.0,Hansen-12
56,-0.723,0.453,-30.0,Hansen-12
56,-1.583,0.133,-30.0,Hansen-12
56,-1.183,0.323,-30.0,Hansen-12
56,-0.713,0.103,-30.0,Hansen-12
56,-1.193,0.203,-30.0,Hansen-12
56,-2.013,-0.027,-30.0,Hansen-12
56,-1.483,0.143,-30.0,Hansen-12
56,-2.273,-29.997,-30.0,Hansen-12
56,-0.933,0.353,-30.0,Hansen-12
56,-1.903,0.323,-30.0,Hansen-12
56,-3.103,-0.347,-30.0,Hansen-12
56,-3.163,-29.997,-30.0,Hansen-12
56,-2.533,-29.997,-30.0,Hansen-12
56,-0.893,0.053,-30.0,Hansen-12
56,-2.123,-29.997,-30.0,Hansen-12
56,-1.993,0.363,-30.0,Hansen-12
56,-2.483,-0.547,-30.0,Hansen-12
56,-2.093,0.263,-30.0,Hansen-12
56,-1.203,0.283,-30.0,Hansen-12
56,-1.643,0.353,-30.0,Hansen-12
56,-2.773,-0.297,-30.0,Hansen-12
56,-2.673,-29.997,-30.0,Hansen-12
56,-3.063,0.073,-30.0,Hansen-12
56,-2.623,-29.997,-30.0,Hansen-12
56,-2.813,1.433,-30.0,Hansen-12
56,-1.483,0.373,-30.0,Hansen-12
56,-1.253,0.323,-30.0,Hansen-12
56,-2.873,-0.927,-30.0,Hansen-12
56,-2.113,0.343,-30.0,Hansen-12
56,-2.403,-0.057,-30.0,Hansen-12
56,-3.003,0.353,-30.0,Hansen-12
56,-2.813,-0.847,-30.0,Hansen-12
56,-1.453,0.343,-30.0,Hansen-12
56,-1.923,0.163,-30.0,Hansen-12
56,-3.163,0.083,-30.0,Hansen-12
56,-2.343,-0.427,-30.0,Hansen-12
56,-1.383,0.353,-30.0,Hansen-12
56,-2.423,0.253,-30.0,Hansen-12
56,-1.843,0.233,-30.0,Hansen-12
56,-2.593,-29.997,-30.0,Hansen-12
56,-2.323,-29.997,-30.0,Hansen-12
63,-2.603,-29.997,-30.0,Hansen-12
63,-2.563,-29.997,-30.0,Hansen-12
63,-1.923,-29.997,-30.0,Hansen-12
63,-1.553,-29.997,-30.0,Hansen-12
63,-0.993,0.783,-30.0,Hansen-12
63,-1.013,0.553,-30.0,Hansen-12
63,-1.333,0.703,-30.0,Hansen-12
63,-2.133,0.373,-30.0,Hansen-12
63,-0.953,0.453,-30.0,Hansen-12
63,-1.123,0.483,-30.0,Hansen-12
63,-1.053,0.433,-30.0,Hansen-12
63,-0.993,0.653,-30.0,Hansen-12
63,-0.973,0.413,-30.0,Hansen-12
63,-0.853,0.433,-30.0,Hansen-12
63,-0.843,0.263,-30.0,Hansen-12
63,-0.633,0.083,-30.0,Hansen-12
63,-1.323,-29.997,-30.0,Hansen-12
63,-2.173,-29.997,-30.0,Hansen-12
63,-1.313,0.713,-30.0,Hansen-12
63,-0.733,0.503,-30.0,Hansen-12
63,-1.813,0.223,-30.0,Hansen-12
63,-1.283,0.473,-30.0,Hansen-12
63,-1.523,0.433,-30.0,Hansen-12
63,-2.583,-29.997,-30.0,Hansen-12
63,-1.833,-29.997,-30.0,Hansen-12
63,-0.723,0.203,-30.0,Hansen-12
63,-1.583,0.403,-30.0,Hansen-12
63,-1.183,0.393,-30.0,Hansen-12
63,-0.713,-29.997,-30.0,Hansen-12
63,-1.193,0.453,-30.0,Hansen-12
63,-2.013,-29.997,-30.0,Hansen-12
63,-1.483,0.543,-30.0,Hansen-12
63,-2.273,-29.997,-30.0,Hansen-12
63,-0.933,-29.997,-30.0,Hansen-12
63,-1.903,-29.997,-30.0,Hansen-12
63,-3.103,-29.997,-30.0,Hansen-12
63,-3.163,-29.997,-30.0,Hansen-12
63,-2.533,-29.997,-30.0,Hansen-12
63,-0.893,0.323,-30.0,Hansen-12
63,-2.123,-29.997,-30.0,Hansen-12
63,-1.993,0.603,-30.0,Hansen-12
63,-2.483,0.543,-30.0,Hansen-12
63,-2.093,0.413,-30.0,Hansen-12
63,-1.203,0.523,-30.0,Hansen-12
63,-1.643,0.183,-30.0,Hansen-12
63,-2.773,-29.997,-30.0,Hansen-12
63,-2.673,0.083,-30.0,Hansen-12
63,-3.063,-29.997,-30.0,Hansen-12
63,-2.623,0.123,-30.0,Hansen-12
63,-2.813,1.533,-30.0,Hansen-12
63,-1.483,0.523,-30.0,Hansen-12
63,-1.253,0.273,-30.0,Hansen-12
63,-2.873,-0.497,-30.0,Hansen-12
63,-2.113,0.343,-30.0,Hansen-12
63,-2.403,0.223,-30.0,Hansen-12
63,-3.003,0.793,-30.0,Hansen-12
63,-2.813,-0.507,-30.0,Hansen-12
63,-1.453,0.243,-30.0,Hansen-12
63,-1.923,0.193,-30.0,Hansen-12
63,-3.163,0.313,-30.0,Hansen-12
63,-2.343,-0.277,-30.0,Hansen-12
63,-1.383,0.563,-30.0,Hansen-12
63,-2.423,0.503,-30.0,Hansen-12
63,-1.843,0.103,-30.0,Hansen-12
63,-2.593,0.703,-30.0,Hansen-12
63,-2.323,0.283,-30.0,Hansen-12