elemZ,[Fe/H]sun by mass (Asplund09),[X/Fe]sun by mass(Neutral),[X/Fe]sun by mass(Ionized),paperName
12,-1.95,0.47,-30.0,Ishigaki-12&13-LTE
12,-2.37,0.3,-30.0,Ishigaki-12&13-LTE
12,-1.08,0.3,-30.0,Ishigaki-12&13-LTE
12,-1.65,0.38,-30.0,Ishigaki-12&13-LTE
12,-1.49,0.26,-30.0,Ishigaki-12&13-LTE
12,-1.97,0.11,-30.0,Ishigaki-12&13-LTE
12,-1.31,-0.06,-30.0,Ishigaki-12&13-LTE
12,-1.36,0.17,-30.0,Ishigaki-12&13-LTE
12,-1.1,0.19,-30.0,Ishigaki-12&13-LTE
12,-2.17,0.09,-30.0,Ishigaki-12&13-LTE
12,-1.11,0.38,-30.0,Ishigaki-12&13-LTE
12,-1.23,0.12,-30.0,Ishigaki-12&13-LTE
12,-1.27,0.08,-30.0,Ishigaki-12&13-LTE
12,-1.27,0.28,-30.0,Ishigaki-12&13-LTE
12,-1.35,0.0,-30.0,Ishigaki-12&13-LTE
12,-1.74,0.04,-30.0,Ishigaki-12&13-LTE
12,-1.4,0.09,-30.0,Ishigaki-12&13-LTE
12,-2.14,0.24,-30.0,Ishigaki-12&13-LTE
12,-1.14,0.16,-30.0,Ishigaki-12&13-LTE
12,-1.99,0.28,-30.0,Ishigaki-12&13-LTE
12,-1.03,0.12,-30.0,Ishigaki-12&13-LTE
12,-3.06,0.15,-30.0,Ishigaki-12&13-LTE
12,-0.58,0.02,-30.0,Ishigaki-12&13-LTE
12,-2.77,0.24,-30.0,Ishigaki-12&13-LTE
12,-2.23,0.37,-30.0,Ishigaki-12&13-LTE
12,-1.34,0.37,-30.0,Ishigaki-12&13-LTE
12,-1.21,-30.0,-30.0,Ishigaki-12&13-LTE
12,-1.9,0.25,-30.0,Ishigaki-12&13-LTE
12,-1.76,0.14,-30.0,Ishigaki-12&13-LTE
12,-1.72,0.3,-30.0,Ishigaki-12&13-LTE
12,-1.37,0.1,-30.0,Ishigaki-12&13-LTE
12,-0.93,-0.01,-30.0,Ishigaki-12&13-LTE
12,-1.25,0.35,-30.0,Ishigaki-12&13-LTE
12,-1.44,0.26,-30.0,Ishigaki-12&13-LTE
12,-1.4,0.27,-30.0,Ishigaki-12&13-LTE
12,-1.94,0.21,-30.0,Ishigaki-12&13-LTE
12,-2.19,0.33,-30.0,Ishigaki-12&13-LTE
12,-2.43,0.36,-30.0,Ishigaki-12&13-LTE
12,-2.26,0.25,-30.0,Ishigaki-12&13-LTE
12,-1.36,0.19,-30.0,Ishigaki-12&13-LTE
12,-1.45,0.07,-30.0,Ishigaki-12&13-LTE
12,90.0,1111.0,-30.0,Ishigaki-12&13-LTE
12,-0.64,0.1,-30.0,Ishigaki-12&13-LTE
12,-1.38,0.19,-30.0,Ishigaki-12&13-LTE
12,-2.37,0.43,-30.0,Ishigaki-12&13-LTE
12,-2.02,0.29,-30.0,Ishigaki-12&13-LTE
12,-1.91,0.29,-30.0,Ishigaki-12&13-LTE
12,-1.53,0.18,-30.0,Ishigaki-12&13-LTE
12,-1.62,0.29,-30.0,Ishigaki-12&13-LTE
12,-2.16,0.37,-30.0,Ishigaki-12&13-LTE
12,-1.47,0.16,-30.0,Ishigaki-12&13-LTE
12,-2.58,0.48,-30.0,Ishigaki-12&13-LTE
12,-3.2,0.29,-30.0,Ishigaki-12&13-LTE
12,-1.32,0.17,-30.0,Ishigaki-12&13-LTE
12,-1.87,0.31,-30.0,Ishigaki-12&13-LTE
12,-1.47,0.09,-30.0,Ishigaki-12&13-LTE
12,-1.97,0.21,-30.0,Ishigaki-12&13-LTE
12,-1.19,0.17,-30.0,Ishigaki-12&13-LTE
12,-1.23,0.12,-30.0,Ishigaki-12&13-LTE
12,-1.63,0.06,-30.0,Ishigaki-12&13-LTE
12,-1.6,0.21,-30.0,Ishigaki-12&13-LTE
12,-1.78,0.19,-30.0,Ishigaki-12&13-LTE
12,-1.06,-0.1,-30.0,Ishigaki-12&13-LTE
12,-2.92,0.28,-30.0,Ishigaki-12&13-LTE
12,-1.6,-0.06,-30.0,Ishigaki-12&13-LTE
12,-2.63,0.13,-30.0,Ishigaki-12&13-LTE
12,-2.43,0.1,-30.0,Ishigaki-12&13-LTE
12,-3.21,0.32,-30.0,Ishigaki-12&13-LTE
12,-1.13,0.32,-30.0,Ishigaki-12&13-LTE
12,-1.88,0.18,-30.0,Ishigaki-12&13-LTE
12,-1.69,0.13,-30.0,Ishigaki-12&13-LTE
12,-2.16,0.27,-30.0,Ishigaki-12&13-LTE
12,-1.23,0.01,-30.0,Ishigaki-12&13-LTE
12,-1.35,0.2,-30.0,Ishigaki-12&13-LTE
12,-1.72,0.34,-30.0,Ishigaki-12&13-LTE
12,-1.96,0.11,-30.0,Ishigaki-12&13-LTE
12,-1.92,0.46,-30.0,Ishigaki-12&13-LTE
12,-2.81,0.27,-30.0,Ishigaki-12&13-LTE
12,-2.04,0.29,-30.0,Ishigaki-12&13-LTE
12,-1.33,0.03,-30.0,Ishigaki-12&13-LTE
12,-1.5,0.0,-30.0,Ishigaki-12&13-LTE
12,-1.56,0.33,-30.0,Ishigaki-12&13-LTE
12,-0.91,0.27,-30.0,Ishigaki-12&13-LTE
12,-0.66,0.29,-30.0,Ishigaki-12&13-LTE
12,-1.47,0.29,-30.0,Ishigaki-12&13-LTE
12,-0.72,0.21,-30.0,Ishigaki-12&13-LTE
12,-0.63,0.21,-30.0,Ishigaki-12&13-LTE
12,-0.8,0.31,-30.0,Ishigaki-12&13-LTE
12,-1.01,0.39,-30.0,Ishigaki-12&13-LTE
12,-1.45,0.37,-30.0,Ishigaki-12&13-LTE
12,-2.52,0.48,-30.0,Ishigaki-12&13-LTE
12,-2.27,0.34,-30.0,Ishigaki-12&13-LTE
12,-0.81,0.34,-30.0,Ishigaki-12&13-LTE
12,-1.0,0.32,-30.0,Ishigaki-12&13-LTE
12,-0.83,0.27,-30.0,Ishigaki-12&13-LTE
12,-1.34,0.4,-30.0,Ishigaki-12&13-LTE
12,-1.44,0.64,-30.0,Ishigaki-12&13-LTE
14,-1.95,0.44,-30.0,Ishigaki-12&13-LTE
14,-2.37,-30.0,-30.0,Ishigaki-12&13-LTE
14,-1.08,0.27,-30.0,Ishigaki-12&13-LTE
14,-1.65,0.43,-30.0,Ishigaki-12&13-LTE
14,-1.49,0.47,-30.0,Ishigaki-12&13-LTE
14,-1.97,-30.0,-30.0,Ishigaki-12&13-LTE
14,-1.31,0.02,-30.0,Ishigaki-12&13-LTE
14,-1.36,0.13,-30.0,Ishigaki-12&13-LTE
14,-1.1,0.22,-30.0,Ishigaki-12&13-LTE
14,-2.17,-30.0,-30.0,Ishigaki-12&13-LTE
14,-1.11,0.43,-30.0,Ishigaki-12&13-LTE
14,-1.23,0.14,-30.0,Ishigaki-12&13-LTE
14,-1.27,0.13,-30.0,Ishigaki-12&13-LTE
14,-1.27,0.29,-30.0,Ishigaki-12&13-LTE
14,-1.35,-0.13,-30.0,Ishigaki-12&13-LTE
14,-1.74,-30.0,-30.0,Ishigaki-12&13-LTE
14,-1.4,0.11,-30.0,Ishigaki-12&13-LTE
14,-2.14,-30.0,-30.0,Ishigaki-12&13-LTE
14,-1.14,0.13,-30.0,Ishigaki-12&13-LTE
14,-1.99,-30.0,-30.0,Ishigaki-12&13-LTE
14,-1.03,0.11,-30.0,Ishigaki-12&13-LTE
14,-3.06,-30.0,-30.0,Ishigaki-12&13-LTE
14,-0.58,0.04,-30.0,Ishigaki-12&13-LTE
14,-2.77,-30.0,-30.0,Ishigaki-12&13-LTE
14,-2.23,0.52,-30.0,Ishigaki-12&13-LTE
14,-1.34,0.37,-30.0,Ishigaki-12&13-LTE
14,-1.21,0.32,-30.0,Ishigaki-12&13-LTE
14,-1.9,0.25,-30.0,Ishigaki-12&13-LTE
14,-1.76,-30.0,-30.0,Ishigaki-12&13-LTE
14,-1.72,0.26,-30.0,Ishigaki-12&13-LTE
14,-1.37,0.14,-30.0,Ishigaki-12&13-LTE
14,-0.93,0.05,-30.0,Ishigaki-12&13-LTE
14,-1.25,0.29,-30.0,Ishigaki-12&13-LTE
14,-1.44,0.25,-30.0,Ishigaki-12&13-LTE
14,-1.4,0.33,-30.0,Ishigaki-12&13-LTE
14,-1.94,0.3,-30.0,Ishigaki-12&13-LTE
14,-2.19,-30.0,-30.0,Ishigaki-12&13-LTE
14,-2.43,-30.0,-30.0,Ishigaki-12&13-LTE
14,-2.26,-30.0,-30.0,Ishigaki-12&13-LTE
14,-1.36,0.21,-30.0,Ishigaki-12&13-LTE
14,-1.45,0.0,-30.0,Ishigaki-12&13-LTE
14,90.0,2222.0,-30.0,Ishigaki-12&13-LTE
14,-0.64,0.03,-30.0,Ishigaki-12&13-LTE
14,-1.38,0.14,-30.0,Ishigaki-12&13-LTE
14,-2.37,0.33,-30.0,Ishigaki-12&13-LTE
14,-2.02,0.29,-30.0,Ishigaki-12&13-LTE
14,-1.91,0.31,-30.0,Ishigaki-12&13-LTE
14,-1.53,0.33,-30.0,Ishigaki-12&13-LTE
14,-1.62,0.31,-30.0,Ishigaki-12&13-LTE
14,-2.16,0.35,-30.0,Ishigaki-12&13-LTE
14,-1.47,0.29,-30.0,Ishigaki-12&13-LTE
14,-2.58,0.43,-30.0,Ishigaki-12&13-LTE
14,-3.2,-30.0,-30.0,Ishigaki-12&13-LTE
14,-1.32,0.21,-30.0,Ishigaki-12&13-LTE
14,-1.87,-30.0,-30.0,Ishigaki-12&13-LTE
14,-1.47,-30.0,-30.0,Ishigaki-12&13-LTE
14,-1.97,-30.0,-30.0,Ishigaki-12&13-LTE
14,-1.19,0.13,-30.0,Ishigaki-12&13-LTE
14,-1.23,0.14,-30.0,Ishigaki-12&13-LTE
14,-1.63,-30.0,-30.0,Ishigaki-12&13-LTE
14,-1.6,0.19,-30.0,Ishigaki-12&13-LTE
14,-1.78,-30.0,-30.0,Ishigaki-12&13-LTE
14,-1.06,-0.06,-30.0,Ishigaki-12&13-LTE
14,-2.92,-30.0,-30.0,Ishigaki-12&13-LTE
14,-1.6,-30.0,-30.0,Ishigaki-12&13-LTE
14,-2.63,-30.0,-30.0,Ishigaki-12&13-LTE
14,-2.43,-30.0,-30.0,Ishigaki-12&13-LTE
14,-3.21,-30.0,-30.0,Ishigaki-12&13-LTE
14,-1.13,0.39,-30.0,Ishigaki-12&13-LTE
14,-1.88,-30.0,-30.0,Ishigaki-12&13-LTE
14,-1.69,0.23,-30.0,Ishigaki-12&13-LTE
14,-2.16,-30.0,-30.0,Ishigaki-12&13-LTE
14,-1.23,0.11,-30.0,Ishigaki-12&13-LTE
14,-1.35,0.17,-30.0,Ishigaki-12&13-LTE
14,-1.72,0.5,-30.0,Ishigaki-12&13-LTE
14,-1.96,0.26,-30.0,Ishigaki-12&13-LTE
14,-1.92,0.35,-30.0,Ishigaki-12&13-LTE
14,-2.81,-30.0,-30.0,Ishigaki-12&13-LTE
14,-2.04,0.31,-30.0,Ishigaki-12&13-LTE
14,-1.33,0.15,-30.0,Ishigaki-12&13-LTE
14,-1.5,-30.0,-30.0,Ishigaki-12&13-LTE
14,-1.56,0.34,-30.0,Ishigaki-12&13-LTE
14,-0.91,0.24,-30.0,Ishigaki-12&13-LTE
14,-0.66,0.3,-30.0,Ishigaki-12&13-LTE
14,-1.47,0.27,-30.0,Ishigaki-12&13-LTE
14,-0.72,0.12,-30.0,Ishigaki-12&13-LTE
14,-0.63,0.24,-30.0,Ishigaki-12&13-LTE
14,-0.8,0.24,-30.0,Ishigaki-12&13-LTE
14,-1.01,0.34,-30.0,Ishigaki-12&13-LTE
14,-1.45,0.37,-30.0,Ishigaki-12&13-LTE
14,-2.52,-30.0,-30.0,Ishigaki-12&13-LTE
14,-2.27,0.41,-30.0,Ishigaki-12&13-LTE
14,-0.81,0.27,-30.0,Ishigaki-12&13-LTE
14,-1.0,0.29,-30.0,Ishigaki-12&13-LTE
14,-0.83,0.31,-30.0,Ishigaki-12&13-LTE
14,-1.34,0.41,-30.0,Ishigaki-12&13-LTE
14,-1.44,0.66,-30.0,Ishigaki-12&13-LTE
20,-1.95,0.43,-30.0,Ishigaki-12&13-LTE
20,-2.37,0.32,-30.0,Ishigaki-12&13-LTE
20,-1.08,0.15,-30.0,Ishigaki-12&13-LTE
20,-1.65,0.36,-30.0,Ishigaki-12&13-LTE
20,-1.49,0.34,-30.0,Ishigaki-12&13-LTE
20,-1.97,0.2,-30.0,Ishigaki-12&13-LTE
20,-1.31,0.2,-30.0,Ishigaki-12&13-LTE
20,-1.36,0.21,-30.0,Ishigaki-12&13-LTE
20,-1.1,0.1,-30.0,Ishigaki-12&13-LTE
20,-2.17,0.09,-30.0,Ishigaki-12&13-LTE
20,-1.11,0.21,-30.0,Ishigaki-12&13-LTE
20,-1.23,0.1,-30.0,Ishigaki-12&13-LTE
20,-1.27,0.11,-30.0,Ishigaki-12&13-LTE
20,-1.27,0.26,-30.0,Ishigaki-12&13-LTE
20,-1.35,0.02,-30.0,Ishigaki-12&13-LTE
20,-1.74,0.15,-30.0,Ishigaki-12&13-LTE
20,-1.4,0.2,-30.0,Ishigaki-12&13-LTE
20,-2.14,0.39,-30.0,Ishigaki-12&13-LTE
20,-1.14,0.21,-30.0,Ishigaki-12&13-LTE
20,-1.99,0.38,-30.0,Ishigaki-12&13-LTE
20,-1.03,0.09,-30.0,Ishigaki-12&13-LTE
20,-3.06,0.43,-30.0,Ishigaki-12&13-LTE
20,-0.58,-0.07,-30.0,Ishigaki-12&13-LTE
20,-2.77,0.3,-30.0,Ishigaki-12&13-LTE
20,-2.23,0.38,-30.0,Ishigaki-12&13-LTE
20,-1.34,0.32,-30.0,Ishigaki-12&13-LTE
20,-1.21,0.1,-30.0,Ishigaki-12&13-LTE
20,-1.9,0.38,-30.0,Ishigaki-12&13-LTE
20,-1.76,0.29,-30.0,Ishigaki-12&13-LTE
20,-1.72,0.23,-30.0,Ishigaki-12&13-LTE
20,-1.37,0.1,-30.0,Ishigaki-12&13-LTE
20,-0.93,0.03,-30.0,Ishigaki-12&13-LTE
20,-1.25,0.33,-30.0,Ishigaki-12&13-LTE
20,-1.44,0.31,-30.0,Ishigaki-12&13-LTE
20,-1.4,0.18,-30.0,Ishigaki-12&13-LTE
20,-1.94,0.23,-30.0,Ishigaki-12&13-LTE
20,-2.19,0.28,-30.0,Ishigaki-12&13-LTE
20,-2.43,0.18,-30.0,Ishigaki-12&13-LTE
20,-2.26,0.34,-30.0,Ishigaki-12&13-LTE
20,-1.36,0.14,-30.0,Ishigaki-12&13-LTE
20,-1.45,0.08,-30.0,Ishigaki-12&13-LTE
20,90.0,3333.0,-30.0,Ishigaki-12&13-LTE
20,-0.64,0.02,-30.0,Ishigaki-12&13-LTE
20,-1.38,0.21,-30.0,Ishigaki-12&13-LTE
20,-2.37,0.3,-30.0,Ishigaki-12&13-LTE
20,-2.02,0.29,-30.0,Ishigaki-12&13-LTE
20,-1.91,0.25,-30.0,Ishigaki-12&13-LTE
20,-1.53,0.12,-30.0,Ishigaki-12&13-LTE
20,-1.62,0.28,-30.0,Ishigaki-12&13-LTE
20,-2.16,0.29,-30.0,Ishigaki-12&13-LTE
20,-1.47,0.31,-30.0,Ishigaki-12&13-LTE
20,-2.58,0.28,-30.0,Ishigaki-12&13-LTE
20,-3.2,-30.0,-30.0,Ishigaki-12&13-LTE
20,-1.32,0.28,-30.0,Ishigaki-12&13-LTE
20,-1.87,0.34,-30.0,Ishigaki-12&13-LTE
20,-1.47,0.17,-30.0,Ishigaki-12&13-LTE
20,-1.97,0.44,-30.0,Ishigaki-12&13-LTE
20,-1.19,0.15,-30.0,Ishigaki-12&13-LTE
20,-1.23,0.1,-30.0,Ishigaki-12&13-LTE
20,-1.63,0.1,-30.0,Ishigaki-12&13-LTE
20,-1.6,0.28,-30.0,Ishigaki-12&13-LTE
20,-1.78,0.25,-30.0,Ishigaki-12&13-LTE
20,-1.06,0.1,-30.0,Ishigaki-12&13-LTE
20,-2.92,0.46,-30.0,Ishigaki-12&13-LTE
20,-1.6,0.07,-30.0,Ishigaki-12&13-LTE
20,-2.63,-30.0,-30.0,Ishigaki-12&13-LTE
20,-2.43,0.31,-30.0,Ishigaki-12&13-LTE
20,-3.21,0.56,-30.0,Ishigaki-12&13-LTE
20,-1.13,0.31,-30.0,Ishigaki-12&13-LTE
20,-1.88,0.3,-30.0,Ishigaki-12&13-LTE
20,-1.69,0.15,-30.0,Ishigaki-12&13-LTE
20,-2.16,0.3,-30.0,Ishigaki-12&13-LTE
20,-1.23,0.08,-30.0,Ishigaki-12&13-LTE
20,-1.35,0.23,-30.0,Ishigaki-12&13-LTE
20,-1.72,0.38,-30.0,Ishigaki-12&13-LTE
20,-1.96,0.12,-30.0,Ishigaki-12&13-LTE
20,-1.92,0.44,-30.0,Ishigaki-12&13-LTE
20,-2.81,0.28,-30.0,Ishigaki-12&13-LTE
20,-2.04,0.3,-30.0,Ishigaki-12&13-LTE
20,-1.33,0.22,-30.0,Ishigaki-12&13-LTE
20,-1.5,0.1,-30.0,Ishigaki-12&13-LTE
20,-1.56,0.3,-30.0,Ishigaki-12&13-LTE
20,-0.91,0.13,-30.0,Ishigaki-12&13-LTE
20,-0.66,0.16,-30.0,Ishigaki-12&13-LTE
20,-1.47,0.3,-30.0,Ishigaki-12&13-LTE
20,-0.72,0.14,-30.0,Ishigaki-12&13-LTE
20,-0.63,0.13,-30.0,Ishigaki-12&13-LTE
20,-0.8,0.13,-30.0,Ishigaki-12&13-LTE
20,-1.01,0.3,-30.0,Ishigaki-12&13-LTE
20,-1.45,0.36,-30.0,Ishigaki-12&13-LTE
20,-2.52,0.41,-30.0,Ishigaki-12&13-LTE
20,-2.27,0.34,-30.0,Ishigaki-12&13-LTE
20,-0.81,0.2,-30.0,Ishigaki-12&13-LTE
20,-1.0,0.23,-30.0,Ishigaki-12&13-LTE
20,-0.83,0.17,-30.0,Ishigaki-12&13-LTE
20,-1.34,0.19,-30.0,Ishigaki-12&13-LTE
20,-1.44,0.59,-30.0,Ishigaki-12&13-LTE
22,-1.95,0.3,-30.0,Ishigaki-12&13-LTE
22,-2.37,0.2,-30.0,Ishigaki-12&13-LTE
22,-1.08,0.36,-30.0,Ishigaki-12&13-LTE
22,-1.65,0.18,-30.0,Ishigaki-12&13-LTE
22,-1.49,0.23,-30.0,Ishigaki-12&13-LTE
22,-1.97,0.35,-30.0,Ishigaki-12&13-LTE
22,-1.31,0.24,-30.0,Ishigaki-12&13-LTE
22,-1.36,0.3,-30.0,Ishigaki-12&13-LTE
22,-1.1,0.4,-30.0,Ishigaki-12&13-LTE
22,-2.17,0.27,-30.0,Ishigaki-12&13-LTE
22,-1.11,0.32,-30.0,Ishigaki-12&13-LTE
22,-1.23,0.27,-30.0,Ishigaki-12&13-LTE
22,-1.27,0.29,-30.0,Ishigaki-12&13-LTE
22,-1.27,0.35,-30.0,Ishigaki-12&13-LTE
22,-1.35,0.26,-30.0,Ishigaki-12&13-LTE
22,-1.74,0.39,-30.0,Ishigaki-12&13-LTE
22,-1.4,0.28,-30.0,Ishigaki-12&13-LTE
22,-2.14,0.51,-30.0,Ishigaki-12&13-LTE
22,-1.14,0.27,-30.0,Ishigaki-12&13-LTE
22,-1.99,0.43,-30.0,Ishigaki-12&13-LTE
22,-1.03,0.25,-30.0,Ishigaki-12&13-LTE
22,-3.06,0.83,-30.0,Ishigaki-12&13-LTE
22,-0.58,0.19,-30.0,Ishigaki-12&13-LTE
22,-2.77,0.14,-30.0,Ishigaki-12&13-LTE
22,-2.23,0.26,-30.0,Ishigaki-12&13-LTE
22,-1.34,0.26,-30.0,Ishigaki-12&13-LTE
22,-1.21,0.39,-30.0,Ishigaki-12&13-LTE
22,-1.9,0.36,-30.0,Ishigaki-12&13-LTE
22,-1.76,0.29,-30.0,Ishigaki-12&13-LTE
22,-1.72,0.17,-30.0,Ishigaki-12&13-LTE
22,-1.37,0.27,-30.0,Ishigaki-12&13-LTE
22,-0.93,0.22,-30.0,Ishigaki-12&13-LTE
22,-1.25,0.22,-30.0,Ishigaki-12&13-LTE
22,-1.44,0.19,-30.0,Ishigaki-12&13-LTE
22,-1.4,0.09,-30.0,Ishigaki-12&13-LTE
22,-1.94,0.22,-30.0,Ishigaki-12&13-LTE
22,-2.19,0.26,-30.0,Ishigaki-12&13-LTE
22,-2.43,0.12,-30.0,Ishigaki-12&13-LTE
22,-2.26,0.58,-30.0,Ishigaki-12&13-LTE
22,-1.36,0.29,-30.0,Ishigaki-12&13-LTE
22,-1.45,0.28,-30.0,Ishigaki-12&13-LTE
22,90.0,4444.0,-30.0,Ishigaki-12&13-LTE
22,-0.64,0.34,-30.0,Ishigaki-12&13-LTE
22,-1.38,0.28,-30.0,Ishigaki-12&13-LTE
22,-2.37,0.16,-30.0,Ishigaki-12&13-LTE
22,-2.02,0.2,-30.0,Ishigaki-12&13-LTE
22,-1.91,0.18,-30.0,Ishigaki-12&13-LTE
22,-1.53,0.14,-30.0,Ishigaki-12&13-LTE
22,-1.62,0.2,-30.0,Ishigaki-12&13-LTE
22,-2.16,0.18,-30.0,Ishigaki-12&13-LTE
22,-1.47,0.37,-30.0,Ishigaki-12&13-LTE
22,-2.58,0.19,-30.0,Ishigaki-12&13-LTE
22,-3.2,-30.0,-30.0,Ishigaki-12&13-LTE
22,-1.32,0.39,-30.0,Ishigaki-12&13-LTE
22,-1.87,0.35,-30.0,Ishigaki-12&13-LTE
22,-1.47,0.28,-30.0,Ishigaki-12&13-LTE
22,-1.97,0.51,-30.0,Ishigaki-12&13-LTE
22,-1.19,0.25,-30.0,Ishigaki-12&13-LTE
22,-1.23,0.27,-30.0,Ishigaki-12&13-LTE
22,-1.63,0.27,-30.0,Ishigaki-12&13-LTE
22,-1.6,0.29,-30.0,Ishigaki-12&13-LTE
22,-1.78,0.37,-30.0,Ishigaki-12&13-LTE
22,-1.06,0.33,-30.0,Ishigaki-12&13-LTE
22,-2.92,-30.0,-30.0,Ishigaki-12&13-LTE
22,-1.6,0.19,-30.0,Ishigaki-12&13-LTE
22,-2.63,-30.0,-30.0,Ishigaki-12&13-LTE
22,-2.43,-30.0,-30.0,Ishigaki-12&13-LTE
22,-3.21,-30.0,-30.0,Ishigaki-12&13-LTE
22,-1.13,0.29,-30.0,Ishigaki-12&13-LTE
22,-1.88,0.19,-30.0,Ishigaki-12&13-LTE
22,-1.69,0.07,-30.0,Ishigaki-12&13-LTE
22,-2.16,0.3,-30.0,Ishigaki-12&13-LTE
22,-1.23,0.2,-30.0,Ishigaki-12&13-LTE
22,-1.35,0.2,-30.0,Ishigaki-12&13-LTE
22,-1.72,0.3,-30.0,Ishigaki-12&13-LTE
22,-1.96,0.0,-30.0,Ishigaki-12&13-LTE
22,-1.92,0.39,-30.0,Ishigaki-12&13-LTE
22,-2.81,0.2,-30.0,Ishigaki-12&13-LTE
22,-2.04,0.2,-30.0,Ishigaki-12&13-LTE
22,-1.33,0.36,-30.0,Ishigaki-12&13-LTE
22,-1.5,0.13,-30.0,Ishigaki-12&13-LTE
22,-1.56,0.32,-30.0,Ishigaki-12&13-LTE
22,-0.91,0.32,-30.0,Ishigaki-12&13-LTE
22,-0.66,0.19,-30.0,Ishigaki-12&13-LTE
22,-1.47,0.19,-30.0,Ishigaki-12&13-LTE
22,-0.72,0.39,-30.0,Ishigaki-12&13-LTE
22,-0.63,0.32,-30.0,Ishigaki-12&13-LTE
22,-0.8,0.37,-30.0,Ishigaki-12&13-LTE
22,-1.01,0.25,-30.0,Ishigaki-12&13-LTE
22,-1.45,0.27,-30.0,Ishigaki-12&13-LTE
22,-2.52,0.63,-30.0,Ishigaki-12&13-LTE
22,-2.27,0.29,-30.0,Ishigaki-12&13-LTE
22,-0.81,-0.1,-30.0,Ishigaki-12&13-LTE
22,-1.0,0.35,-30.0,Ishigaki-12&13-LTE
22,-0.83,0.18,-30.0,Ishigaki-12&13-LTE
22,-1.34,0.19,-30.0,Ishigaki-12&13-LTE
22,-1.44,0.21,-30.0,Ishigaki-12&13-LTE
11,-1.95,-30.0,-30.0,Ishigaki-12&13-LTE
11,-2.37,-30.0,-30.0,Ishigaki-12&13-LTE
11,-1.08,-30.0,-30.0,Ishigaki-12&13-LTE
11,-1.65,-30.0,-30.0,Ishigaki-12&13-LTE
11,-1.49,-30.0,-30.0,Ishigaki-12&13-LTE
11,-1.97,-30.0,-30.0,Ishigaki-12&13-LTE
11,-1.31,-30.0,-30.0,Ishigaki-12&13-LTE
11,-1.36,-0.2,-30.0,Ishigaki-12&13-LTE
11,-1.1,-0.14,-30.0,Ishigaki-12&13-LTE
11,-2.17,-30.0,-30.0,Ishigaki-12&13-LTE
11,-1.11,-0.06,-30.0,Ishigaki-12&13-LTE
11,-1.23,-0.3,-30.0,Ishigaki-12&13-LTE
11,-1.27,-0.35,-30.0,Ishigaki-12&13-LTE
11,-1.27,0.02,-30.0,Ishigaki-12&13-LTE
11,-1.35,-30.0,-30.0,Ishigaki-12&13-LTE
11,-1.74,0.1,-30.0,Ishigaki-12&13-LTE
11,-1.4,0.21,-30.0,Ishigaki-12&13-LTE
11,-2.14,-0.19,-30.0,Ishigaki-12&13-LTE
11,-1.14,0.1,-30.0,Ishigaki-12&13-LTE
11,-1.99,-30.0,-30.0,Ishigaki-12&13-LTE
11,-1.03,-0.23,-30.0,Ishigaki-12&13-LTE
11,-3.06,-30.0,-30.0,Ishigaki-12&13-LTE
11,-0.58,-0.09,-30.0,Ishigaki-12&13-LTE
11,-2.77,-30.0,-30.0,Ishigaki-12&13-LTE
11,-2.23,-30.0,-30.0,Ishigaki-12&13-LTE
11,-1.34,0.02,-30.0,Ishigaki-12&13-LTE
11,-1.21,-0.38,-30.0,Ishigaki-12&13-LTE
11,-1.9,-0.27,-30.0,Ishigaki-12&13-LTE
11,-1.76,-0.19,-30.0,Ishigaki-12&13-LTE
11,-1.72,-0.16,-30.0,Ishigaki-12&13-LTE
11,-1.37,-0.43,-30.0,Ishigaki-12&13-LTE
11,-0.93,-0.28,-30.0,Ishigaki-12&13-LTE
11,-1.25,-0.04,-30.0,Ishigaki-12&13-LTE
11,-1.44,-0.11,-30.0,Ishigaki-12&13-LTE
11,-1.4,-30.0,-30.0,Ishigaki-12&13-LTE
11,-1.94,-0.15,-30.0,Ishigaki-12&13-LTE
11,-2.19,-30.0,-30.0,Ishigaki-12&13-LTE
11,-2.43,-30.0,-30.0,Ishigaki-12&13-LTE
11,-2.26,-30.0,-30.0,Ishigaki-12&13-LTE
11,-1.36,-0.1,-30.0,Ishigaki-12&13-LTE
11,-1.45,-0.39,-30.0,Ishigaki-12&13-LTE
11,90.0,-0.18,-30.0,Ishigaki-12&13-LTE
11,-0.64,0.04,-30.0,Ishigaki-12&13-LTE
11,-1.38,-30.0,-30.0,Ishigaki-12&13-LTE
11,-2.37,-30.0,-30.0,Ishigaki-12&13-LTE
11,-2.02,-30.0,-30.0,Ishigaki-12&13-LTE
11,-1.91,-30.0,-30.0,Ishigaki-12&13-LTE
11,-1.53,-30.0,-30.0,Ishigaki-12&13-LTE
11,-1.62,-0.25,-30.0,Ishigaki-12&13-LTE
11,-2.16,-0.35,-30.0,Ishigaki-12&13-LTE
11,-1.47,-0.29,-30.0,Ishigaki-12&13-LTE
11,-2.58,-0.06,-30.0,Ishigaki-12&13-LTE
11,-3.2,-30.0,-30.0,Ishigaki-12&13-LTE
11,-1.32,-0.11,-30.0,Ishigaki-12&13-LTE
11,-1.87,-30.0,-30.0,Ishigaki-12&13-LTE
11,-1.47,-30.0,-30.0,Ishigaki-12&13-LTE
11,-1.97,-0.01,-30.0,Ishigaki-12&13-LTE
11,-1.19,-0.39,-30.0,Ishigaki-12&13-LTE
11,-1.23,-0.3,-30.0,Ishigaki-12&13-LTE
11,-1.63,-30.0,-30.0,Ishigaki-12&13-LTE
11,-1.6,-30.0,-30.0,Ishigaki-12&13-LTE
11,-1.78,-30.0,-30.0,Ishigaki-12&13-LTE
11,-1.06,-0.35,-30.0,Ishigaki-12&13-LTE
11,-2.92,-30.0,-30.0,Ishigaki-12&13-LTE
11,-1.6,-30.0,-30.0,Ishigaki-12&13-LTE
11,-2.63,-30.0,-30.0,Ishigaki-12&13-LTE
11,-2.43,-30.0,-30.0,Ishigaki-12&13-LTE
11,-3.21,-30.0,-30.0,Ishigaki-12&13-LTE
11,-1.13,0.12,-30.0,Ishigaki-12&13-LTE
11,-1.88,-30.0,-30.0,Ishigaki-12&13-LTE
11,-1.69,-0.48,-30.0,Ishigaki-12&13-LTE
11,-2.16,-30.0,-30.0,Ishigaki-12&13-LTE
11,-1.23,-0.58,-30.0,Ishigaki-12&13-LTE
11,-1.35,-0.07,-30.0,Ishigaki-12&13-LTE
11,-1.72,-30.0,-30.0,Ishigaki-12&13-LTE
11,-1.96,-30.0,-30.0,Ishigaki-12&13-LTE
11,-1.92,-30.0,-30.0,Ishigaki-12&13-LTE
11,-2.81,-30.0,-30.0,Ishigaki-12&13-LTE
11,-2.04,-30.0,-30.0,Ishigaki-12&13-LTE
11,-1.33,-0.44,-30.0,Ishigaki-12&13-LTE
11,-1.5,-30.0,-30.0,Ishigaki-12&13-LTE
11,-1.56,-0.03,-30.0,Ishigaki-12&13-LTE
11,-0.91,0.09,-30.0,Ishigaki-12&13-LTE
11,-0.66,0.22,-30.0,Ishigaki-12&13-LTE
11,-1.47,-0.11,-30.0,Ishigaki-12&13-LTE
11,-0.72,0.21,-30.0,Ishigaki-12&13-LTE
11,-0.63,0.1,-30.0,Ishigaki-12&13-LTE
11,-0.8,0.08,-30.0,Ishigaki-12&13-LTE
11,-1.01,0.22,-30.0,Ishigaki-12&13-LTE
11,-1.45,0.06,-30.0,Ishigaki-12&13-LTE
11,-2.52,-30.0,-30.0,Ishigaki-12&13-LTE
11,-2.27,-0.14,-30.0,Ishigaki-12&13-LTE
11,-0.81,0.03,-30.0,Ishigaki-12&13-LTE
11,-1.0,0.12,-30.0,Ishigaki-12&13-LTE
11,-0.83,0.15,-30.0,Ishigaki-12&13-LTE
11,-1.34,0.14,-30.0,Ishigaki-12&13-LTE
11,-1.44,0.38,-30.0,Ishigaki-12&13-LTE
21,-1.95,-30.0,-30.0,Ishigaki-12&13-LTE
21,-2.37,-30.0,-30.0,Ishigaki-12&13-LTE
21,-1.08,-30.0,-30.0,Ishigaki-12&13-LTE
21,-1.65,-30.0,-30.0,Ishigaki-12&13-LTE
21,-1.49,0.01,-30.0,Ishigaki-12&13-LTE
21,-1.97,0.26,-30.0,Ishigaki-12&13-LTE
21,-1.31,0.07,-30.0,Ishigaki-12&13-LTE
21,-1.36,0.1,-30.0,Ishigaki-12&13-LTE
21,-1.1,0.23,-30.0,Ishigaki-12&13-LTE
21,-2.17,0.33,-30.0,Ishigaki-12&13-LTE
21,-1.11,0.2,-30.0,Ishigaki-12&13-LTE
21,-1.23,0.17,-30.0,Ishigaki-12&13-LTE
21,-1.27,0.17,-30.0,Ishigaki-12&13-LTE
21,-1.27,0.23,-30.0,Ishigaki-12&13-LTE
21,-1.35,0.23,-30.0,Ishigaki-12&13-LTE
21,-1.74,0.24,-30.0,Ishigaki-12&13-LTE
21,-1.4,0.05,-30.0,Ishigaki-12&13-LTE
21,-2.14,0.22,-30.0,Ishigaki-12&13-LTE
21,-1.14,0.1,-30.0,Ishigaki-12&13-LTE
21,-1.99,0.13,-30.0,Ishigaki-12&13-LTE
21,-1.03,0.22,-30.0,Ishigaki-12&13-LTE
21,-3.06,0.24,-30.0,Ishigaki-12&13-LTE
21,-0.58,0.19,-30.0,Ishigaki-12&13-LTE
21,-2.77,-0.16,-30.0,Ishigaki-12&13-LTE
21,-2.23,0.03,-30.0,Ishigaki-12&13-LTE
21,-1.34,0.22,-30.0,Ishigaki-12&13-LTE
21,-1.21,0.04,-30.0,Ishigaki-12&13-LTE
21,-1.9,0.01,-30.0,Ishigaki-12&13-LTE
21,-1.76,0.05,-30.0,Ishigaki-12&13-LTE
21,-1.72,0.11,-30.0,Ishigaki-12&13-LTE
21,-1.37,0.16,-30.0,Ishigaki-12&13-LTE
21,-0.93,0.09,-30.0,Ishigaki-12&13-LTE
21,-1.25,0.2,-30.0,Ishigaki-12&13-LTE
21,-1.44,0.14,-30.0,Ishigaki-12&13-LTE
21,-1.4,0.05,-30.0,Ishigaki-12&13-LTE
21,-1.94,0.03,-30.0,Ishigaki-12&13-LTE
21,-2.19,0.17,-30.0,Ishigaki-12&13-LTE
21,-2.43,0.0,-30.0,Ishigaki-12&13-LTE
21,-2.26,0.33,-30.0,Ishigaki-12&13-LTE
21,-1.36,0.1,-30.0,Ishigaki-12&13-LTE
21,-1.45,0.23,-30.0,Ishigaki-12&13-LTE
21,90.0,0.2,-30.0,Ishigaki-12&13-LTE
21,-0.64,0.41,-30.0,Ishigaki-12&13-LTE
21,-1.38,-30.0,-30.0,Ishigaki-12&13-LTE
21,-2.37,-30.0,-30.0,Ishigaki-12&13-LTE
21,-2.02,-30.0,-30.0,Ishigaki-12&13-LTE
21,-1.91,-30.0,-30.0,Ishigaki-12&13-LTE
21,-1.53,-30.0,-30.0,Ishigaki-12&13-LTE
21,-1.62,0.13,-30.0,Ishigaki-12&13-LTE
21,-2.16,-0.02,-30.0,Ishigaki-12&13-LTE
21,-1.47,0.18,-30.0,Ishigaki-12&13-LTE
21,-2.58,0.04,-30.0,Ishigaki-12&13-LTE
21,-3.2,0.48,-30.0,Ishigaki-12&13-LTE
21,-1.32,0.17,-30.0,Ishigaki-12&13-LTE
21,-1.87,0.23,-30.0,Ishigaki-12&13-LTE
21,-1.47,0.16,-30.0,Ishigaki-12&13-LTE
21,-1.97,0.21,-30.0,Ishigaki-12&13-LTE
21,-1.19,0.15,-30.0,Ishigaki-12&13-LTE
21,-1.23,0.17,-30.0,Ishigaki-12&13-LTE
21,-1.63,0.1,-30.0,Ishigaki-12&13-LTE
21,-1.6,0.08,-30.0,Ishigaki-12&13-LTE
21,-1.78,0.14,-30.0,Ishigaki-12&13-LTE
21,-1.06,0.14,-30.0,Ishigaki-12&13-LTE
21,-2.92,0.04,-30.0,Ishigaki-12&13-LTE
21,-1.6,-0.01,-30.0,Ishigaki-12&13-LTE
21,-2.63,0.45,-30.0,Ishigaki-12&13-LTE
21,-2.43,0.58,-30.0,Ishigaki-12&13-LTE
21,-3.21,0.37,-30.0,Ishigaki-12&13-LTE
21,-1.13,0.16,-30.0,Ishigaki-12&13-LTE
21,-1.88,-0.16,-30.0,Ishigaki-12&13-LTE
21,-1.69,-0.03,-30.0,Ishigaki-12&13-LTE
21,-2.16,0.14,-30.0,Ishigaki-12&13-LTE
21,-1.23,0.11,-30.0,Ishigaki-12&13-LTE
21,-1.35,0.16,-30.0,Ishigaki-12&13-LTE
21,-1.72,-0.03,-30.0,Ishigaki-12&13-LTE
21,-1.96,-0.09,-30.0,Ishigaki-12&13-LTE
21,-1.92,0.06,-30.0,Ishigaki-12&13-LTE
21,-2.81,-0.06,-30.0,Ishigaki-12&13-LTE
21,-2.04,0.07,-30.0,Ishigaki-12&13-LTE
21,-1.33,0.15,-30.0,Ishigaki-12&13-LTE
21,-1.5,-0.04,-30.0,Ishigaki-12&13-LTE
21,-1.56,0.19,-30.0,Ishigaki-12&13-LTE
21,-0.91,0.36,-30.0,Ishigaki-12&13-LTE
21,-0.66,0.23,-30.0,Ishigaki-12&13-LTE
21,-1.47,0.06,-30.0,Ishigaki-12&13-LTE
21,-0.72,0.27,-30.0,Ishigaki-12&13-LTE
21,-0.63,0.36,-30.0,Ishigaki-12&13-LTE
21,-0.8,0.35,-30.0,Ishigaki-12&13-LTE
21,-1.01,0.28,-30.0,Ishigaki-12&13-LTE
21,-1.45,0.18,-30.0,Ishigaki-12&13-LTE
21,-2.52,0.17,-30.0,Ishigaki-12&13-LTE
21,-2.27,0.12,-30.0,Ishigaki-12&13-LTE
21,-0.81,0.22,-30.0,Ishigaki-12&13-LTE
21,-1.0,0.29,-30.0,Ishigaki-12&13-LTE
21,-0.83,0.2,-30.0,Ishigaki-12&13-LTE
21,-1.34,0.19,-30.0,Ishigaki-12&13-LTE
21,-1.44,0.12,-30.0,Ishigaki-12&13-LTE
23,-1.95,-30.0,-30.0,Ishigaki-12&13-LTE
23,-2.37,-30.0,-30.0,Ishigaki-12&13-LTE
23,-1.08,-30.0,-30.0,Ishigaki-12&13-LTE
23,-1.65,-30.0,-30.0,Ishigaki-12&13-LTE
23,-1.49,-0.09,-30.0,Ishigaki-12&13-LTE
23,-1.97,0.08,-30.0,Ishigaki-12&13-LTE
23,-1.31,-30.0,-30.0,Ishigaki-12&13-LTE
23,-1.36,0.09,-30.0,Ishigaki-12&13-LTE
23,-1.1,0.36,-30.0,Ishigaki-12&13-LTE
23,-2.17,0.17,-30.0,Ishigaki-12&13-LTE
23,-1.11,0.09,-30.0,Ishigaki-12&13-LTE
23,-1.23,0.23,-30.0,Ishigaki-12&13-LTE
23,-1.27,0.18,-30.0,Ishigaki-12&13-LTE
23,-1.27,0.1,-30.0,Ishigaki-12&13-LTE
23,-1.35,0.18,-30.0,Ishigaki-12&13-LTE
23,-1.74,0.27,-30.0,Ishigaki-12&13-LTE
23,-1.4,0.01,-30.0,Ishigaki-12&13-LTE
23,-2.14,0.21,-30.0,Ishigaki-12&13-LTE
23,-1.14,0.02,-30.0,Ishigaki-12&13-LTE
23,-1.99,-30.0,-30.0,Ishigaki-12&13-LTE
23,-1.03,-0.02,-30.0,Ishigaki-12&13-LTE
23,-3.06,-30.0,-30.0,Ishigaki-12&13-LTE
23,-0.58,0.11,-30.0,Ishigaki-12&13-LTE
23,-2.77,-30.0,-30.0,Ishigaki-12&13-LTE
23,-2.23,-0.02,-30.0,Ishigaki-12&13-LTE
23,-1.34,-0.06,-30.0,Ishigaki-12&13-LTE
23,-1.21,-0.17,-30.0,Ishigaki-12&13-LTE
23,-1.9,0.59,-30.0,Ishigaki-12&13-LTE
23,-1.76,0.04,-30.0,Ishigaki-12&13-LTE
23,-1.72,-0.05,-30.0,Ishigaki-12&13-LTE
23,-1.37,0.16,-30.0,Ishigaki-12&13-LTE
23,-0.93,0.13,-30.0,Ishigaki-12&13-LTE
23,-1.25,-0.11,-30.0,Ishigaki-12&13-LTE
23,-1.44,0.12,-30.0,Ishigaki-12&13-LTE
23,-1.4,-0.17,-30.0,Ishigaki-12&13-LTE
23,-1.94,-30.0,-30.0,Ishigaki-12&13-LTE
23,-2.19,-30.0,-30.0,Ishigaki-12&13-LTE
23,-2.43,-0.19,-30.0,Ishigaki-12&13-LTE
23,-2.26,-30.0,-30.0,Ishigaki-12&13-LTE
23,-1.36,0.05,-30.0,Ishigaki-12&13-LTE
23,-1.45,0.26,-30.0,Ishigaki-12&13-LTE
23,90.0,-30.0,-30.0,Ishigaki-12&13-LTE
23,-0.64,0.24,-30.0,Ishigaki-12&13-LTE
23,-1.38,-30.0,-30.0,Ishigaki-12&13-LTE
23,-2.37,-30.0,-30.0,Ishigaki-12&13-LTE
23,-2.02,-30.0,-30.0,Ishigaki-12&13-LTE
23,-1.91,-30.0,-30.0,Ishigaki-12&13-LTE
23,-1.53,-30.0,-30.0,Ishigaki-12&13-LTE
23,-1.62,-0.12,-30.0,Ishigaki-12&13-LTE
23,-2.16,-30.0,-30.0,Ishigaki-12&13-LTE
23,-1.47,0.12,-30.0,Ishigaki-12&13-LTE
23,-2.58,-0.27,-30.0,Ishigaki-12&13-LTE
23,-3.2,-30.0,-30.0,Ishigaki-12&13-LTE
23,-1.32,0.12,-30.0,Ishigaki-12&13-LTE
23,-1.87,0.26,-30.0,Ishigaki-12&13-LTE
23,-1.47,-30.0,-30.0,Ishigaki-12&13-LTE
23,-1.97,-30.0,-30.0,Ishigaki-12&13-LTE
23,-1.19,0.14,-30.0,Ishigaki-12&13-LTE
23,-1.23,0.23,-30.0,Ishigaki-12&13-LTE
23,-1.63,-30.0,-30.0,Ishigaki-12&13-LTE
23,-1.6,-30.0,-30.0,Ishigaki-12&13-LTE
23,-1.78,-30.0,-30.0,Ishigaki-12&13-LTE
23,-1.06,0.14,-30.0,Ishigaki-12&13-LTE
23,-2.92,-30.0,-30.0,Ishigaki-12&13-LTE
23,-1.6,-30.0,-30.0,Ishigaki-12&13-LTE
23,-2.63,-30.0,-30.0,Ishigaki-12&13-LTE
23,-2.43,-30.0,-30.0,Ishigaki-12&13-LTE
23,-3.21,-30.0,-30.0,Ishigaki-12&13-LTE
23,-1.13,0.17,-30.0,Ishigaki-12&13-LTE
23,-1.88,-0.17,-30.0,Ishigaki-12&13-LTE
23,-1.69,-0.07,-30.0,Ishigaki-12&13-LTE
23,-2.16,0.09,-30.0,Ishigaki-12&13-LTE
23,-1.23,0.0,-30.0,Ishigaki-12&13-LTE
23,-1.35,-30.0,-30.0,Ishigaki-12&13-LTE
23,-1.72,-0.04,-30.0,Ishigaki-12&13-LTE
23,-1.96,-30.0,-30.0,Ishigaki-12&13-LTE
23,-1.92,-30.0,-30.0,Ishigaki-12&13-LTE
23,-2.81,-30.0,-30.0,Ishigaki-12&13-LTE
23,-2.04,-0.06,-30.0,Ishigaki-12&13-LTE
23,-1.33,0.1,-30.0,Ishigaki-12&13-LTE
23,-1.5,-0.19,-30.0,Ishigaki-12&13-LTE
23,-1.56,0.05,-30.0,Ishigaki-12&13-LTE
23,-0.91,0.2,-30.0,Ishigaki-12&13-LTE
23,-0.66,0.11,-30.0,Ishigaki-12&13-LTE
23,-1.47,0.11,-30.0,Ishigaki-12&13-LTE
23,-0.72,0.32,-30.0,Ishigaki-12&13-LTE
23,-0.63,0.33,-30.0,Ishigaki-12&13-LTE
23,-0.8,0.27,-30.0,Ishigaki-12&13-LTE
23,-1.01,0.01,-30.0,Ishigaki-12&13-LTE
23,-1.45,0.01,-30.0,Ishigaki-12&13-LTE
23,-2.52,-30.0,-30.0,Ishigaki-12&13-LTE
23,-2.27,0.02,-30.0,Ishigaki-12&13-LTE
23,-0.81,-0.34,-30.0,Ishigaki-12&13-LTE
23,-1.0,0.2,-30.0,Ishigaki-12&13-LTE
23,-0.83,-0.02,-30.0,Ishigaki-12&13-LTE
23,-1.34,-0.04,-30.0,Ishigaki-12&13-LTE
23,-1.44,0.01,-30.0,Ishigaki-12&13-LTE
24,-1.95,-30.0,-30.0,Ishigaki-12&13-LTE
24,-2.37,-30.0,-30.0,Ishigaki-12&13-LTE
24,-1.08,-30.0,-30.0,Ishigaki-12&13-LTE
24,-1.65,-30.0,-30.0,Ishigaki-12&13-LTE
24,-1.49,-0.24,-30.0,Ishigaki-12&13-LTE
24,-1.97,-0.13,-30.0,Ishigaki-12&13-LTE
24,-1.31,-0.12,-30.0,Ishigaki-12&13-LTE
24,-1.36,-0.14,-30.0,Ishigaki-12&13-LTE
24,-1.1,-0.02,-30.0,Ishigaki-12&13-LTE
24,-2.17,0.01,-30.0,Ishigaki-12&13-LTE
24,-1.11,-0.03,-30.0,Ishigaki-12&13-LTE
24,-1.23,-0.06,-30.0,Ishigaki-12&13-LTE
24,-1.27,-0.12,-30.0,Ishigaki-12&13-LTE
24,-1.27,-0.09,-30.0,Ishigaki-12&13-LTE
24,-1.35,-0.08,-30.0,Ishigaki-12&13-LTE
24,-1.74,-0.06,-30.0,Ishigaki-12&13-LTE
24,-1.4,-0.19,-30.0,Ishigaki-12&13-LTE
24,-2.14,-0.04,-30.0,Ishigaki-12&13-LTE
24,-1.14,-0.09,-30.0,Ishigaki-12&13-LTE
24,-1.99,-0.1,-30.0,Ishigaki-12&13-LTE
24,-1.03,-0.07,-30.0,Ishigaki-12&13-LTE
24,-3.06,-0.01,-30.0,Ishigaki-12&13-LTE
24,-0.58,-0.08,-30.0,Ishigaki-12&13-LTE
24,-2.77,-0.17,-30.0,Ishigaki-12&13-LTE
24,-2.23,-0.16,-30.0,Ishigaki-12&13-LTE
24,-1.34,-0.16,-30.0,Ishigaki-12&13-LTE
24,-1.21,-0.51,-30.0,Ishigaki-12&13-LTE
24,-1.9,-0.08,-30.0,Ishigaki-12&13-LTE
24,-1.76,-0.13,-30.0,Ishigaki-12&13-LTE
24,-1.72,-0.24,-30.0,Ishigaki-12&13-LTE
24,-1.37,-0.03,-30.0,Ishigaki-12&13-LTE
24,-0.93,-0.05,-30.0,Ishigaki-12&13-LTE
24,-1.25,-0.19,-30.0,Ishigaki-12&13-LTE
24,-1.44,-0.22,-30.0,Ishigaki-12&13-LTE
24,-1.4,-0.51,-30.0,Ishigaki-12&13-LTE
24,-1.94,-0.16,-30.0,Ishigaki-12&13-LTE
24,-2.19,-0.22,-30.0,Ishigaki-12&13-LTE
24,-2.43,-0.2,-30.0,Ishigaki-12&13-LTE
24,-2.26,-0.08,-30.0,Ishigaki-12&13-LTE
24,-1.36,-0.13,-30.0,Ishigaki-12&13-LTE
24,-1.45,-0.04,-30.0,Ishigaki-12&13-LTE
24,90.0,-0.12,-30.0,Ishigaki-12&13-LTE
24,-0.64,-0.07,-30.0,Ishigaki-12&13-LTE
24,-1.38,-30.0,-30.0,Ishigaki-12&13-LTE
24,-2.37,-30.0,-30.0,Ishigaki-12&13-LTE
24,-2.02,-30.0,-30.0,Ishigaki-12&13-LTE
24,-1.91,-30.0,-30.0,Ishigaki-12&13-LTE
24,-1.53,-30.0,-30.0,Ishigaki-12&13-LTE
24,-1.62,-0.22,-30.0,Ishigaki-12&13-LTE
24,-2.16,-0.28,-30.0,Ishigaki-12&13-LTE
24,-1.47,-0.08,-30.0,Ishigaki-12&13-LTE
24,-2.58,-0.31,-30.0,Ishigaki-12&13-LTE
24,-3.2,-0.04,-30.0,Ishigaki-12&13-LTE
24,-1.32,-0.04,-30.0,Ishigaki-12&13-LTE
24,-1.87,-0.05,-30.0,Ishigaki-12&13-LTE
24,-1.47,-0.02,-30.0,Ishigaki-12&13-LTE
24,-1.97,-0.04,-30.0,Ishigaki-12&13-LTE
24,-1.19,-0.08,-30.0,Ishigaki-12&13-LTE
24,-1.23,-0.06,-30.0,Ishigaki-12&13-LTE
24,-1.63,-0.03,-30.0,Ishigaki-12&13-LTE
24,-1.6,-0.17,-30.0,Ishigaki-12&13-LTE
24,-1.78,-0.04,-30.0,Ishigaki-12&13-LTE
24,-1.06,-0.07,-30.0,Ishigaki-12&13-LTE
24,-2.92,-0.34,-30.0,Ishigaki-12&13-LTE
24,-1.6,-0.16,-30.0,Ishigaki-12&13-LTE
24,-2.63,-0.08,-30.0,Ishigaki-12&13-LTE
24,-2.43,-30.0,-30.0,Ishigaki-12&13-LTE
24,-3.21,-0.1,-30.0,Ishigaki-12&13-LTE
24,-1.13,-0.14,-30.0,Ishigaki-12&13-LTE
24,-1.88,-0.2,-30.0,Ishigaki-12&13-LTE
24,-1.69,-0.24,-30.0,Ishigaki-12&13-LTE
24,-2.16,-0.2,-30.0,Ishigaki-12&13-LTE
24,-1.23,-0.01,-30.0,Ishigaki-12&13-LTE
24,-1.35,-0.17,-30.0,Ishigaki-12&13-LTE
24,-1.72,-0.12,-30.0,Ishigaki-12&13-LTE
24,-1.96,-0.33,-30.0,Ishigaki-12&13-LTE
24,-1.92,-0.15,-30.0,Ishigaki-12&13-LTE
24,-2.81,-0.3,-30.0,Ishigaki-12&13-LTE
24,-2.04,-0.24,-30.0,Ishigaki-12&13-LTE
24,-1.33,-0.08,-30.0,Ishigaki-12&13-LTE
24,-1.5,-0.2,-30.0,Ishigaki-12&13-LTE
24,-1.56,-0.18,-30.0,Ishigaki-12&13-LTE
24,-0.91,-0.07,-30.0,Ishigaki-12&13-LTE
24,-0.66,-0.07,-30.0,Ishigaki-12&13-LTE
24,-1.47,-0.13,-30.0,Ishigaki-12&13-LTE
24,-0.72,-0.03,-30.0,Ishigaki-12&13-LTE
24,-0.63,-0.06,-30.0,Ishigaki-12&13-LTE
24,-0.8,-0.09,-30.0,Ishigaki-12&13-LTE
24,-1.01,-0.14,-30.0,Ishigaki-12&13-LTE
24,-1.45,-0.22,-30.0,Ishigaki-12&13-LTE
24,-2.52,-0.06,-30.0,Ishigaki-12&13-LTE
24,-2.27,-0.28,-30.0,Ishigaki-12&13-LTE
24,-0.81,0.07,-30.0,Ishigaki-12&13-LTE
24,-1.0,-0.06,-30.0,Ishigaki-12&13-LTE
24,-0.83,-0.2,-30.0,Ishigaki-12&13-LTE
24,-1.34,-0.27,-30.0,Ishigaki-12&13-LTE
24,-1.44,-0.24,-30.0,Ishigaki-12&13-LTE
25,-1.95,-30.0,-30.0,Ishigaki-12&13-LTE
25,-2.37,-30.0,-30.0,Ishigaki-12&13-LTE
25,-1.08,-30.0,-30.0,Ishigaki-12&13-LTE
25,-1.65,-30.0,-30.0,Ishigaki-12&13-LTE
25,-1.49,-0.34,-30.0,Ishigaki-12&13-LTE
25,-1.97,-0.35,-30.0,Ishigaki-12&13-LTE
25,-1.31,-0.34,-30.0,Ishigaki-12&13-LTE
25,-1.36,-0.32,-30.0,Ishigaki-12&13-LTE
25,-1.1,-0.25,-30.0,Ishigaki-12&13-LTE
25,-2.17,-0.35,-30.0,Ishigaki-12&13-LTE
25,-1.11,-0.04,-30.0,Ishigaki-12&13-LTE
25,-1.23,-0.31,-30.0,Ishigaki-12&13-LTE
25,-1.27,-0.33,-30.0,Ishigaki-12&13-LTE
25,-1.27,-0.27,-30.0,Ishigaki-12&13-LTE
25,-1.35,-0.4,-30.0,Ishigaki-12&13-LTE
25,-1.74,-0.42,-30.0,Ishigaki-12&13-LTE
25,-1.4,-0.31,-30.0,Ishigaki-12&13-LTE
25,-2.14,-0.33,-30.0,Ishigaki-12&13-LTE
25,-1.14,-0.32,-30.0,Ishigaki-12&13-LTE
25,-1.99,-0.38,-30.0,Ishigaki-12&13-LTE
25,-1.03,-0.24,-30.0,Ishigaki-12&13-LTE
25,-3.06,-30.0,-30.0,Ishigaki-12&13-LTE
25,-0.58,-0.12,-30.0,Ishigaki-12&13-LTE
25,-2.77,-0.53,-30.0,Ishigaki-12&13-LTE
25,-2.23,-0.33,-30.0,Ishigaki-12&13-LTE
25,-1.34,-0.2,-30.0,Ishigaki-12&13-LTE
25,-1.21,-0.22,-30.0,Ishigaki-12&13-LTE
25,-1.9,-0.34,-30.0,Ishigaki-12&13-LTE
25,-1.76,-0.35,-30.0,Ishigaki-12&13-LTE
25,-1.72,-0.26,-30.0,Ishigaki-12&13-LTE
25,-1.37,-0.29,-30.0,Ishigaki-12&13-LTE
25,-0.93,-0.18,-30.0,Ishigaki-12&13-LTE
25,-1.25,-0.25,-30.0,Ishigaki-12&13-LTE
25,-1.44,-0.3,-30.0,Ishigaki-12&13-LTE
25,-1.4,-0.48,-30.0,Ishigaki-12&13-LTE
25,-1.94,-0.35,-30.0,Ishigaki-12&13-LTE
25,-2.19,-0.54,-30.0,Ishigaki-12&13-LTE
25,-2.43,-0.17,-30.0,Ishigaki-12&13-LTE
25,-2.26,-0.46,-30.0,Ishigaki-12&13-LTE
25,-1.36,-0.24,-30.0,Ishigaki-12&13-LTE
25,-1.45,-0.29,-30.0,Ishigaki-12&13-LTE
25,90.0,-0.23,-30.0,Ishigaki-12&13-LTE
25,-0.64,-0.05,-30.0,Ishigaki-12&13-LTE
25,-1.38,-30.0,-30.0,Ishigaki-12&13-LTE
25,-2.37,-30.0,-30.0,Ishigaki-12&13-LTE
25,-2.02,-30.0,-30.0,Ishigaki-12&13-LTE
25,-1.91,-30.0,-30.0,Ishigaki-12&13-LTE
25,-1.53,-30.0,-30.0,Ishigaki-12&13-LTE
25,-1.62,-0.36,-30.0,Ishigaki-12&13-LTE
25,-2.16,-0.49,-30.0,Ishigaki-12&13-LTE
25,-1.47,-0.26,-30.0,Ishigaki-12&13-LTE
25,-2.58,-0.34,-30.0,Ishigaki-12&13-LTE
25,-3.2,-0.3,-30.0,Ishigaki-12&13-LTE
25,-1.32,-0.2,-30.0,Ishigaki-12&13-LTE
25,-1.87,-0.14,-30.0,Ishigaki-12&13-LTE
25,-1.47,-0.38,-30.0,Ishigaki-12&13-LTE
25,-1.97,-0.38,-30.0,Ishigaki-12&13-LTE
25,-1.19,-0.29,-30.0,Ishigaki-12&13-LTE
25,-1.23,-0.31,-30.0,Ishigaki-12&13-LTE
25,-1.63,-0.28,-30.0,Ishigaki-12&13-LTE
25,-1.6,-0.26,-30.0,Ishigaki-12&13-LTE
25,-1.78,-0.28,-30.0,Ishigaki-12&13-LTE
25,-1.06,-0.32,-30.0,Ishigaki-12&13-LTE
25,-2.92,-30.0,-30.0,Ishigaki-12&13-LTE
25,-1.6,-0.43,-30.0,Ishigaki-12&13-LTE
25,-2.63,-30.0,-30.0,Ishigaki-12&13-LTE
25,-2.43,-30.0,-30.0,Ishigaki-12&13-LTE
25,-3.21,-30.0,-30.0,Ishigaki-12&13-LTE
25,-1.13,-0.3,-30.0,Ishigaki-12&13-LTE
25,-1.88,-0.43,-30.0,Ishigaki-12&13-LTE
25,-1.69,-0.39,-30.0,Ishigaki-12&13-LTE
25,-2.16,-0.46,-30.0,Ishigaki-12&13-LTE
25,-1.23,-0.13,-30.0,Ishigaki-12&13-LTE
25,-1.35,-0.26,-30.0,Ishigaki-12&13-LTE
25,-1.72,-0.25,-30.0,Ishigaki-12&13-LTE
25,-1.96,-0.5,-30.0,Ishigaki-12&13-LTE
25,-1.92,-0.44,-30.0,Ishigaki-12&13-LTE
25,-2.81,-30.0,-30.0,Ishigaki-12&13-LTE
25,-2.04,-0.36,-30.0,Ishigaki-12&13-LTE
25,-1.33,-0.3,-30.0,Ishigaki-12&13-LTE
25,-1.5,-0.34,-30.0,Ishigaki-12&13-LTE
25,-1.56,-0.27,-30.0,Ishigaki-12&13-LTE
25,-0.91,-0.05,-30.0,Ishigaki-12&13-LTE
25,-0.66,0.07,-30.0,Ishigaki-12&13-LTE
25,-1.47,-0.27,-30.0,Ishigaki-12&13-LTE
25,-0.72,0.0,-30.0,Ishigaki-12&13-LTE
25,-0.63,-0.12,-30.0,Ishigaki-12&13-LTE
25,-0.8,-0.08,-30.0,Ishigaki-12&13-LTE
25,-1.01,0.05,-30.0,Ishigaki-12&13-LTE
25,-1.45,-0.36,-30.0,Ishigaki-12&13-LTE
25,-2.52,-0.68,-30.0,Ishigaki-12&13-LTE
25,-2.27,-0.39,-30.0,Ishigaki-12&13-LTE
25,-0.81,0.14,-30.0,Ishigaki-12&13-LTE
25,-1.0,-0.13,-30.0,Ishigaki-12&13-LTE
25,-0.83,0.06,-30.0,Ishigaki-12&13-LTE
25,-1.34,-0.19,-30.0,Ishigaki-12&13-LTE
25,-1.44,-0.09,-30.0,Ishigaki-12&13-LTE
27,-1.95,-30.0,-30.0,Ishigaki-12&13-LTE
27,-2.37,-30.0,-30.0,Ishigaki-12&13-LTE
27,-1.08,-30.0,-30.0,Ishigaki-12&13-LTE
27,-1.65,-30.0,-30.0,Ishigaki-12&13-LTE
27,-1.49,-30.0,-30.0,Ishigaki-12&13-LTE
27,-1.97,0.21,-30.0,Ishigaki-12&13-LTE
27,-1.31,-30.0,-30.0,Ishigaki-12&13-LTE
27,-1.36,0.17,-30.0,Ishigaki-12&13-LTE
27,-1.1,-30.0,-30.0,Ishigaki-12&13-LTE
27,-2.17,0.15,-30.0,Ishigaki-12&13-LTE
27,-1.11,-30.0,-30.0,Ishigaki-12&13-LTE
27,-1.23,-30.0,-30.0,Ishigaki-12&13-LTE
27,-1.27,-30.0,-30.0,Ishigaki-12&13-LTE
27,-1.27,-30.0,-30.0,Ishigaki-12&13-LTE
27,-1.35,-30.0,-30.0,Ishigaki-12&13-LTE
27,-1.74,0.15,-30.0,Ishigaki-12&13-LTE
27,-1.4,0.23,-30.0,Ishigaki-12&13-LTE
27,-2.14,0.14,-30.0,Ishigaki-12&13-LTE
27,-1.14,-30.0,-30.0,Ishigaki-12&13-LTE
27,-1.99,0.09,-30.0,Ishigaki-12&13-LTE
27,-1.03,-30.0,-30.0,Ishigaki-12&13-LTE
27,-3.06,-30.0,-30.0,Ishigaki-12&13-LTE
27,-0.58,-30.0,-30.0,Ishigaki-12&13-LTE
27,-2.77,0.19,-30.0,Ishigaki-12&13-LTE
27,-2.23,-30.0,-30.0,Ishigaki-12&13-LTE
27,-1.34,-30.0,-30.0,Ishigaki-12&13-LTE
27,-1.21,0.16,-30.0,Ishigaki-12&13-LTE
27,-1.9,0.04,-30.0,Ishigaki-12&13-LTE
27,-1.76,0.01,-30.0,Ishigaki-12&13-LTE
27,-1.72,-0.14,-30.0,Ishigaki-12&13-LTE
27,-1.37,-30.0,-30.0,Ishigaki-12&13-LTE
27,-0.93,-30.0,-30.0,Ishigaki-12&13-LTE
27,-1.25,-0.07,-30.0,Ishigaki-12&13-LTE
27,-1.44,-0.09,-30.0,Ishigaki-12&13-LTE
27,-1.4,-0.09,-30.0,Ishigaki-12&13-LTE
27,-1.94,-30.0,-30.0,Ishigaki-12&13-LTE
27,-2.19,-30.0,-30.0,Ishigaki-12&13-LTE
27,-2.43,-30.0,-30.0,Ishigaki-12&13-LTE
27,-2.26,0.3,-30.0,Ishigaki-12&13-LTE
27,-1.36,-30.0,-30.0,Ishigaki-12&13-LTE
27,-1.45,-30.0,-30.0,Ishigaki-12&13-LTE
27,90.0,-30.0,-30.0,Ishigaki-12&13-LTE
27,-0.64,-30.0,-30.0,Ishigaki-12&13-LTE
27,-1.38,-30.0,-30.0,Ishigaki-12&13-LTE
27,-2.37,-30.0,-30.0,Ishigaki-12&13-LTE
27,-2.02,-30.0,-30.0,Ishigaki-12&13-LTE
27,-1.91,-30.0,-30.0,Ishigaki-12&13-LTE
27,-1.53,-30.0,-30.0,Ishigaki-12&13-LTE
27,-1.62,-30.0,-30.0,Ishigaki-12&13-LTE
27,-2.16,-30.0,-30.0,Ishigaki-12&13-LTE
27,-1.47,0.09,-30.0,Ishigaki-12&13-LTE
27,-2.58,-30.0,-30.0,Ishigaki-12&13-LTE
27,-3.2,-30.0,-30.0,Ishigaki-12&13-LTE
27,-1.32,0.18,-30.0,Ishigaki-12&13-LTE
27,-1.87,0.1,-30.0,Ishigaki-12&13-LTE
27,-1.47,-30.0,-30.0,Ishigaki-12&13-LTE
27,-1.97,0.09,-30.0,Ishigaki-12&13-LTE
27,-1.19,-30.0,-30.0,Ishigaki-12&13-LTE
27,-1.23,-30.0,-30.0,Ishigaki-12&13-LTE
27,-1.63,-30.0,-30.0,Ishigaki-12&13-LTE
27,-1.6,0.11,-30.0,Ishigaki-12&13-LTE
27,-1.78,0.13,-30.0,Ishigaki-12&13-LTE
27,-1.06,0.18,-30.0,Ishigaki-12&13-LTE
27,-2.92,-30.0,-30.0,Ishigaki-12&13-LTE
27,-1.6,0.06,-30.0,Ishigaki-12&13-LTE
27,-2.63,-30.0,-30.0,Ishigaki-12&13-LTE
27,-2.43,-30.0,-30.0,Ishigaki-12&13-LTE
27,-3.21,-30.0,-30.0,Ishigaki-12&13-LTE
27,-1.13,-30.0,-30.0,Ishigaki-12&13-LTE
27,-1.88,-0.11,-30.0,Ishigaki-12&13-LTE
27,-1.69,-30.0,-30.0,Ishigaki-12&13-LTE
27,-2.16,-30.0,-30.0,Ishigaki-12&13-LTE
27,-1.23,-30.0,-30.0,Ishigaki-12&13-LTE
27,-1.35,-30.0,-30.0,Ishigaki-12&13-LTE
27,-1.72,-0.1,-30.0,Ishigaki-12&13-LTE
27,-1.96,-30.0,-30.0,Ishigaki-12&13-LTE
27,-1.92,-0.01,-30.0,Ishigaki-12&13-LTE
27,-2.81,-30.0,-30.0,Ishigaki-12&13-LTE
27,-2.04,-30.0,-30.0,Ishigaki-12&13-LTE
27,-1.33,0.12,-30.0,Ishigaki-12&13-LTE
27,-1.5,-30.0,-30.0,Ishigaki-12&13-LTE
27,-1.56,-0.02,-30.0,Ishigaki-12&13-LTE
27,-0.91,-0.1,-30.0,Ishigaki-12&13-LTE
27,-0.66,-30.0,-30.0,Ishigaki-12&13-LTE
27,-1.47,-30.0,-30.0,Ishigaki-12&13-LTE
27,-0.72,0.08,-30.0,Ishigaki-12&13-LTE
27,-0.63,-0.07,-30.0,Ishigaki-12&13-LTE
27,-0.8,0.04,-30.0,Ishigaki-12&13-LTE
27,-1.01,-0.01,-30.0,Ishigaki-12&13-LTE
27,-1.45,-30.0,-30.0,Ishigaki-12&13-LTE
27,-2.52,0.05,-30.0,Ishigaki-12&13-LTE
27,-2.27,0.25,-30.0,Ishigaki-12&13-LTE
27,-0.81,-0.25,-30.0,Ishigaki-12&13-LTE
27,-1.0,0.24,-30.0,Ishigaki-12&13-LTE
27,-0.83,0.06,-30.0,Ishigaki-12&13-LTE
27,-1.34,0.03,-30.0,Ishigaki-12&13-LTE
27,-1.44,-0.2,-30.0,Ishigaki-12&13-LTE
28,-1.95,-30.0,-30.0,Ishigaki-12&13-LTE
28,-2.37,-30.0,-30.0,Ishigaki-12&13-LTE
28,-1.08,-30.0,-30.0,Ishigaki-12&13-LTE
28,-1.65,-30.0,-30.0,Ishigaki-12&13-LTE
28,-1.49,-0.04,-30.0,Ishigaki-12&13-LTE
28,-1.97,0.06,-30.0,Ishigaki-12&13-LTE
28,-1.31,-0.19,-30.0,Ishigaki-12&13-LTE
28,-1.36,-0.07,-30.0,Ishigaki-12&13-LTE
28,-1.1,-0.04,-30.0,Ishigaki-12&13-LTE
28,-2.17,-0.09,-30.0,Ishigaki-12&13-LTE
28,-1.11,0.04,-30.0,Ishigaki-12&13-LTE
28,-1.23,-0.08,-30.0,Ishigaki-12&13-LTE
28,-1.27,-0.06,-30.0,Ishigaki-12&13-LTE
28,-1.27,-0.02,-30.0,Ishigaki-12&13-LTE
28,-1.35,-0.22,-30.0,Ishigaki-12&13-LTE
28,-1.74,-0.12,-30.0,Ishigaki-12&13-LTE
28,-1.4,-0.13,-30.0,Ishigaki-12&13-LTE
28,-2.14,-0.06,-30.0,Ishigaki-12&13-LTE
28,-1.14,-0.14,-30.0,Ishigaki-12&13-LTE
28,-1.99,-30.0,-30.0,Ishigaki-12&13-LTE
28,-1.03,-0.09,-30.0,Ishigaki-12&13-LTE
28,-3.06,-30.0,-30.0,Ishigaki-12&13-LTE
28,-0.58,-0.12,-30.0,Ishigaki-12&13-LTE
28,-2.77,-0.04,-30.0,Ishigaki-12&13-LTE
28,-2.23,0.06,-30.0,Ishigaki-12&13-LTE
28,-1.34,-0.05,-30.0,Ishigaki-12&13-LTE
28,-1.21,-0.09,-30.0,Ishigaki-12&13-LTE
28,-1.9,-0.14,-30.0,Ishigaki-12&13-LTE
28,-1.76,-0.13,-30.0,Ishigaki-12&13-LTE
28,-1.72,-0.14,-30.0,Ishigaki-12&13-LTE
28,-1.37,-0.11,-30.0,Ishigaki-12&13-LTE
28,-0.93,-0.13,-30.0,Ishigaki-12&13-LTE
28,-1.25,-0.09,-30.0,Ishigaki-12&13-LTE
28,-1.44,-0.12,-30.0,Ishigaki-12&13-LTE
28,-1.4,-0.12,-30.0,Ishigaki-12&13-LTE
28,-1.94,-0.06,-30.0,Ishigaki-12&13-LTE
28,-2.19,-0.14,-30.0,Ishigaki-12&13-LTE
28,-2.43,-0.02,-30.0,Ishigaki-12&13-LTE
28,-2.26,0.14,-30.0,Ishigaki-12&13-LTE
28,-1.36,-0.11,-30.0,Ishigaki-12&13-LTE
28,-1.45,-0.13,-30.0,Ishigaki-12&13-LTE
28,90.0,-0.1,-30.0,Ishigaki-12&13-LTE
28,-0.64,-0.05,-30.0,Ishigaki-12&13-LTE
28,-1.38,-30.0,-30.0,Ishigaki-12&13-LTE
28,-2.37,-30.0,-30.0,Ishigaki-12&13-LTE
28,-2.02,-30.0,-30.0,Ishigaki-12&13-LTE
28,-1.91,-30.0,-30.0,Ishigaki-12&13-LTE
28,-1.53,-30.0,-30.0,Ishigaki-12&13-LTE
28,-1.62,-0.14,-30.0,Ishigaki-12&13-LTE
28,-2.16,-0.1,-30.0,Ishigaki-12&13-LTE
28,-1.47,-0.12,-30.0,Ishigaki-12&13-LTE
28,-2.58,-0.06,-30.0,Ishigaki-12&13-LTE
28,-3.2,-30.0,-30.0,Ishigaki-12&13-LTE
28,-1.32,0.0,-30.0,Ishigaki-12&13-LTE
28,-1.87,0.03,-30.0,Ishigaki-12&13-LTE
28,-1.47,-0.16,-30.0,Ishigaki-12&13-LTE
28,-1.97,-0.09,-30.0,Ishigaki-12&13-LTE
28,-1.19,-0.22,-30.0,Ishigaki-12&13-LTE
28,-1.23,-0.08,-30.0,Ishigaki-12&13-LTE
28,-1.63,-0.07,-30.0,Ishigaki-12&13-LTE
28,-1.6,-0.01,-30.0,Ishigaki-12&13-LTE
28,-1.78,-0.16,-30.0,Ishigaki-12&13-LTE
28,-1.06,-0.12,-30.0,Ishigaki-12&13-LTE
28,-2.92,-30.0,-30.0,Ishigaki-12&13-LTE
28,-1.6,-0.22,-30.0,Ishigaki-12&13-LTE
28,-2.63,-30.0,-30.0,Ishigaki-12&13-LTE
28,-2.43,-30.0,-30.0,Ishigaki-12&13-LTE
28,-3.21,0.12,-30.0,Ishigaki-12&13-LTE
28,-1.13,0.0,-30.0,Ishigaki-12&13-LTE
28,-1.88,-30.0,-30.0,Ishigaki-12&13-LTE
28,-1.69,-0.18,-30.0,Ishigaki-12&13-LTE
28,-2.16,-0.02,-30.0,Ishigaki-12&13-LTE
28,-1.23,-0.12,-30.0,Ishigaki-12&13-LTE
28,-1.35,-0.13,-30.0,Ishigaki-12&13-LTE
28,-1.72,0.1,-30.0,Ishigaki-12&13-LTE
28,-1.96,-0.21,-30.0,Ishigaki-12&13-LTE
28,-1.92,-0.05,-30.0,Ishigaki-12&13-LTE
28,-2.81,-30.0,-30.0,Ishigaki-12&13-LTE
28,-2.04,-0.1,-30.0,Ishigaki-12&13-LTE
28,-1.33,-0.17,-30.0,Ishigaki-12&13-LTE
28,-1.5,-0.23,-30.0,Ishigaki-12&13-LTE
28,-1.56,-0.1,-30.0,Ishigaki-12&13-LTE
28,-0.91,0.01,-30.0,Ishigaki-12&13-LTE
28,-0.66,0.05,-30.0,Ishigaki-12&13-LTE
28,-1.47,-0.08,-30.0,Ishigaki-12&13-LTE
28,-0.72,0.01,-30.0,Ishigaki-12&13-LTE
28,-0.63,0.0,-30.0,Ishigaki-12&13-LTE
28,-0.8,0.02,-30.0,Ishigaki-12&13-LTE
28,-1.01,0.03,-30.0,Ishigaki-12&13-LTE
28,-1.45,-0.08,-30.0,Ishigaki-12&13-LTE
28,-2.52,-30.0,-30.0,Ishigaki-12&13-LTE
28,-2.27,-0.03,-30.0,Ishigaki-12&13-LTE
28,-0.81,-0.02,-30.0,Ishigaki-12&13-LTE
28,-1.0,-0.01,-30.0,Ishigaki-12&13-LTE
28,-0.83,0.02,-30.0,Ishigaki-12&13-LTE
28,-1.34,-0.03,-30.0,Ishigaki-12&13-LTE
28,-1.44,0.13,-30.0,Ishigaki-12&13-LTE
29,-1.95,-30.0,-30.0,Ishigaki-12&13-LTE
29,-2.37,-30.0,-30.0,Ishigaki-12&13-LTE
29,-1.08,-30.0,-30.0,Ishigaki-12&13-LTE
29,-1.65,-30.0,-30.0,Ishigaki-12&13-LTE
29,-1.49,-0.86,-30.0,Ishigaki-12&13-LTE
29,-1.97,-30.0,-30.0,Ishigaki-12&13-LTE
29,-1.31,-0.86,-30.0,Ishigaki-12&13-LTE
29,-1.36,-0.8,-30.0,Ishigaki-12&13-LTE
29,-1.1,-0.12,-30.0,Ishigaki-12&13-LTE
29,-2.17,-3.39,-30.0,Ishigaki-12&13-LTE
29,-1.11,-0.15,-30.0,Ishigaki-12&13-LTE
29,-1.23,-30.0,-30.0,Ishigaki-12&13-LTE
29,-1.27,-0.6,-30.0,Ishigaki-12&13-LTE
29,-1.27,-30.0,-30.0,Ishigaki-12&13-LTE
29,-1.35,-30.0,-30.0,Ishigaki-12&13-LTE
29,-1.74,-0.38,-30.0,Ishigaki-12&13-LTE
29,-1.4,-0.33,-30.0,Ishigaki-12&13-LTE
29,-2.14,-0.04,-30.0,Ishigaki-12&13-LTE
29,-1.14,-0.75,-30.0,Ishigaki-12&13-LTE
29,-1.99,-2.19,-30.0,Ishigaki-12&13-LTE
29,-1.03,-30.0,-30.0,Ishigaki-12&13-LTE
29,-3.06,-2.72,-30.0,Ishigaki-12&13-LTE
29,-0.58,-30.0,-30.0,Ishigaki-12&13-LTE
29,-2.77,-3.21,-30.0,Ishigaki-12&13-LTE
29,-2.23,-0.94,-30.0,Ishigaki-12&13-LTE
29,-1.34,-30.0,-30.0,Ishigaki-12&13-LTE
29,-1.21,0.07,-30.0,Ishigaki-12&13-LTE
29,-1.9,-30.0,-30.0,Ishigaki-12&13-LTE
29,-1.76,-0.45,-30.0,Ishigaki-12&13-LTE
29,-1.72,-30.0,-30.0,Ishigaki-12&13-LTE
29,-1.37,-0.53,-30.0,Ishigaki-12&13-LTE
29,-0.93,-0.55,-30.0,Ishigaki-12&13-LTE
29,-1.25,-0.48,-30.0,Ishigaki-12&13-LTE
29,-1.44,-0.72,-30.0,Ishigaki-12&13-LTE
29,-1.4,-0.56,-30.0,Ishigaki-12&13-LTE
29,-1.94,-1.0,-30.0,Ishigaki-12&13-LTE
29,-2.19,-4.7,-30.0,Ishigaki-12&13-LTE
29,-2.43,-0.75,-30.0,Ishigaki-12&13-LTE
29,-2.26,-30.0,-30.0,Ishigaki-12&13-LTE
29,-1.36,-30.0,-30.0,Ishigaki-12&13-LTE
29,-1.45,-0.45,-30.0,Ishigaki-12&13-LTE
29,90.0,-1.3,-30.0,Ishigaki-12&13-LTE
29,-0.64,0.12,-30.0,Ishigaki-12&13-LTE
29,-1.38,-30.0,-30.0,Ishigaki-12&13-LTE
29,-2.37,-30.0,-30.0,Ishigaki-12&13-LTE
29,-2.02,-30.0,-30.0,Ishigaki-12&13-LTE
29,-1.91,-30.0,-30.0,Ishigaki-12&13-LTE
29,-1.53,-30.0,-30.0,Ishigaki-12&13-LTE
29,-1.62,-30.0,-30.0,Ishigaki-12&13-LTE
29,-2.16,-30.0,-30.0,Ishigaki-12&13-LTE
29,-1.47,-30.0,-30.0,Ishigaki-12&13-LTE
29,-2.58,-0.68,-30.0,Ishigaki-12&13-LTE
29,-3.2,-30.0,-30.0,Ishigaki-12&13-LTE
29,-1.32,-0.49,-30.0,Ishigaki-12&13-LTE
29,-1.87,-30.0,-30.0,Ishigaki-12&13-LTE
29,-1.47,-0.27,-30.0,Ishigaki-12&13-LTE
29,-1.97,-4.91,-30.0,Ishigaki-12&13-LTE
29,-1.19,-0.37,-30.0,Ishigaki-12&13-LTE
29,-1.23,-30.0,-30.0,Ishigaki-12&13-LTE
29,-1.63,-0.47,-30.0,Ishigaki-12&13-LTE
29,-1.6,-30.0,-30.0,Ishigaki-12&13-LTE
29,-1.78,-0.42,-30.0,Ishigaki-12&13-LTE
29,-1.06,-0.97,-30.0,Ishigaki-12&13-LTE
29,-2.92,-2.58,-30.0,Ishigaki-12&13-LTE
29,-1.6,-30.0,-30.0,Ishigaki-12&13-LTE
29,-2.63,0.36,-30.0,Ishigaki-12&13-LTE
29,-2.43,0.58,-30.0,Ishigaki-12&13-LTE
29,-3.21,-30.0,-30.0,Ishigaki-12&13-LTE
29,-1.13,-30.0,-30.0,Ishigaki-12&13-LTE
29,-1.88,-0.83,-30.0,Ishigaki-12&13-LTE
29,-1.69,-0.96,-30.0,Ishigaki-12&13-LTE
29,-2.16,-0.87,-30.0,Ishigaki-12&13-LTE
29,-1.23,-0.38,-30.0,Ishigaki-12&13-LTE
29,-1.35,-0.51,-30.0,Ishigaki-12&13-LTE
29,-1.72,-0.95,-30.0,Ishigaki-12&13-LTE
29,-1.96,-1.1,-30.0,Ishigaki-12&13-LTE
29,-1.92,-0.81,-30.0,Ishigaki-12&13-LTE
29,-2.81,-1.66,-30.0,Ishigaki-12&13-LTE
29,-2.04,-0.69,-30.0,Ishigaki-12&13-LTE
29,-1.33,-4.83,-30.0,Ishigaki-12&13-LTE
29,-1.5,-0.77,-30.0,Ishigaki-12&13-LTE
29,-1.56,-0.57,-30.0,Ishigaki-12&13-LTE
29,-0.91,0.06,-30.0,Ishigaki-12&13-LTE
29,-0.66,-0.08,-30.0,Ishigaki-12&13-LTE
29,-1.47,-0.72,-30.0,Ishigaki-12&13-LTE
29,-0.72,-0.03,-30.0,Ishigaki-12&13-LTE
29,-0.63,-0.06,-30.0,Ishigaki-12&13-LTE
29,-0.8,0.18,-30.0,Ishigaki-12&13-LTE
29,-1.01,-0.11,-30.0,Ishigaki-12&13-LTE
29,-1.45,-30.0,-30.0,Ishigaki-12&13-LTE
29,-2.52,-30.0,-30.0,Ishigaki-12&13-LTE
29,-2.27,-30.0,-30.0,Ishigaki-12&13-LTE
29,-0.81,-0.33,-30.0,Ishigaki-12&13-LTE
29,-1.0,-0.31,-30.0,Ishigaki-12&13-LTE
29,-0.83,-0.29,-30.0,Ishigaki-12&13-LTE
29,-1.34,-0.25,-30.0,Ishigaki-12&13-LTE
29,-1.44,-0.33,-30.0,Ishigaki-12&13-LTE
30,-1.95,-30.0,-30.0,Ishigaki-12&13-LTE
30,-2.37,-30.0,-30.0,Ishigaki-12&13-LTE
30,-1.08,-30.0,-30.0,Ishigaki-12&13-LTE
30,-1.65,-30.0,-30.0,Ishigaki-12&13-LTE
30,-1.49,0.01,-30.0,Ishigaki-12&13-LTE
30,-1.97,0.09,-30.0,Ishigaki-12&13-LTE
30,-1.31,-0.09,-30.0,Ishigaki-12&13-LTE
30,-1.36,0.03,-30.0,Ishigaki-12&13-LTE
30,-1.1,0.03,-30.0,Ishigaki-12&13-LTE
30,-2.17,-0.2,-30.0,Ishigaki-12&13-LTE
30,-1.11,0.28,-30.0,Ishigaki-12&13-LTE
30,-1.23,0.04,-30.0,Ishigaki-12&13-LTE
30,-1.27,0.02,-30.0,Ishigaki-12&13-LTE
30,-1.27,0.11,-30.0,Ishigaki-12&13-LTE
30,-1.35,-0.14,-30.0,Ishigaki-12&13-LTE
30,-1.74,-0.03,-30.0,Ishigaki-12&13-LTE
30,-1.4,0.04,-30.0,Ishigaki-12&13-LTE
30,-2.14,0.17,-30.0,Ishigaki-12&13-LTE
30,-1.14,0.04,-30.0,Ishigaki-12&13-LTE
30,-1.99,-30.0,-30.0,Ishigaki-12&13-LTE
30,-1.03,0.05,-30.0,Ishigaki-12&13-LTE
30,-3.06,-30.0,-30.0,Ishigaki-12&13-LTE
30,-0.58,0.01,-30.0,Ishigaki-12&13-LTE
30,-2.77,0.18,-30.0,Ishigaki-12&13-LTE
30,-2.23,0.22,-30.0,Ishigaki-12&13-LTE
30,-1.34,0.21,-30.0,Ishigaki-12&13-LTE
30,-1.21,0.01,-30.0,Ishigaki-12&13-LTE
30,-1.9,0.0,-30.0,Ishigaki-12&13-LTE
30,-1.76,-0.01,-30.0,Ishigaki-12&13-LTE
30,-1.72,0.06,-30.0,Ishigaki-12&13-LTE
30,-1.37,-0.03,-30.0,Ishigaki-12&13-LTE
30,-0.93,-0.04,-30.0,Ishigaki-12&13-LTE
30,-1.25,0.19,-30.0,Ishigaki-12&13-LTE
30,-1.44,0.05,-30.0,Ishigaki-12&13-LTE
30,-1.4,-0.03,-30.0,Ishigaki-12&13-LTE
30,-1.94,0.13,-30.0,Ishigaki-12&13-LTE
30,-2.19,0.08,-30.0,Ishigaki-12&13-LTE
30,-2.43,0.51,-30.0,Ishigaki-12&13-LTE
30,-2.26,-30.0,-30.0,Ishigaki-12&13-LTE
30,-1.36,0.1,-30.0,Ishigaki-12&13-LTE
30,-1.45,-0.01,-30.0,Ishigaki-12&13-LTE
30,90.0,-0.01,-30.0,Ishigaki-12&13-LTE
30,-0.64,0.05,-30.0,Ishigaki-12&13-LTE
30,-1.38,-30.0,-30.0,Ishigaki-12&13-LTE
30,-2.37,-30.0,-30.0,Ishigaki-12&13-LTE
30,-2.02,-30.0,-30.0,Ishigaki-12&13-LTE
30,-1.91,-30.0,-30.0,Ishigaki-12&13-LTE
30,-1.53,-30.0,-30.0,Ishigaki-12&13-LTE
30,-1.62,0.04,-30.0,Ishigaki-12&13-LTE
30,-2.16,0.09,-30.0,Ishigaki-12&13-LTE
30,-1.47,0.05,-30.0,Ishigaki-12&13-LTE
30,-2.58,0.04,-30.0,Ishigaki-12&13-LTE
30,-3.2,-30.0,-30.0,Ishigaki-12&13-LTE
30,-1.32,0.3,-30.0,Ishigaki-12&13-LTE
30,-1.87,-30.0,-30.0,Ishigaki-12&13-LTE
30,-1.47,-0.07,-30.0,Ishigaki-12&13-LTE
30,-1.97,0.1,-30.0,Ishigaki-12&13-LTE
30,-1.19,-0.1,-30.0,Ishigaki-12&13-LTE
30,-1.23,0.04,-30.0,Ishigaki-12&13-LTE
30,-1.63,-0.07,-30.0,Ishigaki-12&13-LTE
30,-1.6,0.11,-30.0,Ishigaki-12&13-LTE
30,-1.78,0.08,-30.0,Ishigaki-12&13-LTE
30,-1.06,-0.08,-30.0,Ishigaki-12&13-LTE
30,-2.92,-30.0,-30.0,Ishigaki-12&13-LTE
30,-1.6,-0.07,-30.0,Ishigaki-12&13-LTE
30,-2.63,-30.0,-30.0,Ishigaki-12&13-LTE
30,-2.43,-30.0,-30.0,Ishigaki-12&13-LTE
30,-3.21,-30.0,-30.0,Ishigaki-12&13-LTE
30,-1.13,0.15,-30.0,Ishigaki-12&13-LTE
30,-1.88,0.0,-30.0,Ishigaki-12&13-LTE
30,-1.69,-0.15,-30.0,Ishigaki-12&13-LTE
30,-2.16,0.04,-30.0,Ishigaki-12&13-LTE
30,-1.23,-0.07,-30.0,Ishigaki-12&13-LTE
30,-1.35,0.05,-30.0,Ishigaki-12&13-LTE
30,-1.72,0.15,-30.0,Ishigaki-12&13-LTE
30,-1.96,-0.16,-30.0,Ishigaki-12&13-LTE
30,-1.92,0.13,-30.0,Ishigaki-12&13-LTE
30,-2.81,0.18,-30.0,Ishigaki-12&13-LTE
30,-2.04,0.09,-30.0,Ishigaki-12&13-LTE
30,-1.33,-0.02,-30.0,Ishigaki-12&13-LTE
30,-1.5,-0.19,-30.0,Ishigaki-12&13-LTE
30,-1.56,0.14,-30.0,Ishigaki-12&13-LTE
30,-0.91,0.18,-30.0,Ishigaki-12&13-LTE
30,-0.66,0.27,-30.0,Ishigaki-12&13-LTE
30,-1.47,0.1,-30.0,Ishigaki-12&13-LTE
30,-0.72,0.15,-30.0,Ishigaki-12&13-LTE
30,-0.63,0.18,-30.0,Ishigaki-12&13-LTE
30,-0.8,0.17,-30.0,Ishigaki-12&13-LTE
30,-1.01,0.29,-30.0,Ishigaki-12&13-LTE
30,-1.45,0.11,-30.0,Ishigaki-12&13-LTE
30,-2.52,-30.0,-30.0,Ishigaki-12&13-LTE
30,-2.27,0.15,-30.0,Ishigaki-12&13-LTE
30,-0.81,0.28,-30.0,Ishigaki-12&13-LTE
30,-1.0,0.12,-30.0,Ishigaki-12&13-LTE
30,-0.83,0.14,-30.0,Ishigaki-12&13-LTE
30,-1.34,0.18,-30.0,Ishigaki-12&13-LTE
30,-1.44,0.3,-30.0,Ishigaki-12&13-LTE
38,-1.95,-30.0,-30.0,Ishigaki-12&13-LTE
38,-2.37,-30.0,-30.0,Ishigaki-12&13-LTE
38,-1.08,-30.0,-30.0,Ishigaki-12&13-LTE
38,-1.65,-30.0,-30.0,Ishigaki-12&13-LTE
38,-1.49,-30.0,-30.0,Ishigaki-12&13-LTE
38,-1.97,0.0,-30.0,Ishigaki-12&13-LTE
38,-1.31,0.04,-30.0,Ishigaki-12&13-LTE
38,-1.36,-0.09,-30.0,Ishigaki-12&13-LTE
38,-1.1,-30.0,-30.0,Ishigaki-12&13-LTE
38,-2.17,0.28,-30.0,Ishigaki-12&13-LTE
38,-1.11,-30.0,-30.0,Ishigaki-12&13-LTE
38,-1.23,-30.0,-30.0,Ishigaki-12&13-LTE
38,-1.27,-0.24,-30.0,Ishigaki-12&13-LTE
38,-1.27,-30.0,-30.0,Ishigaki-12&13-LTE
38,-1.35,-0.09,-30.0,Ishigaki-12&13-LTE
38,-1.74,0.14,-30.0,Ishigaki-12&13-LTE
38,-1.4,-0.05,-30.0,Ishigaki-12&13-LTE
38,-2.14,0.37,-30.0,Ishigaki-12&13-LTE
38,-1.14,-30.0,-30.0,Ishigaki-12&13-LTE
38,-1.99,0.13,-30.0,Ishigaki-12&13-LTE
38,-1.03,-30.0,-30.0,Ishigaki-12&13-LTE
38,-3.06,0.04,-30.0,Ishigaki-12&13-LTE
38,-0.58,-30.0,-30.0,Ishigaki-12&13-LTE
38,-2.77,-0.04,-30.0,Ishigaki-12&13-LTE
38,-2.23,-30.0,-30.0,Ishigaki-12&13-LTE
38,-1.34,-30.0,-30.0,Ishigaki-12&13-LTE
38,-1.21,-30.0,-30.0,Ishigaki-12&13-LTE
38,-1.9,0.02,-30.0,Ishigaki-12&13-LTE
38,-1.76,0.05,-30.0,Ishigaki-12&13-LTE
38,-1.72,-30.0,-30.0,Ishigaki-12&13-LTE
38,-1.37,-0.03,-30.0,Ishigaki-12&13-LTE
38,-0.93,-30.0,-30.0,Ishigaki-12&13-LTE
38,-1.25,-30.0,-30.0,Ishigaki-12&13-LTE
38,-1.44,-30.0,-30.0,Ishigaki-12&13-LTE
38,-1.4,-30.0,-30.0,Ishigaki-12&13-LTE
38,-1.94,-30.0,-30.0,Ishigaki-12&13-LTE
38,-2.19,-30.0,-30.0,Ishigaki-12&13-LTE
38,-2.43,-30.0,-30.0,Ishigaki-12&13-LTE
38,-2.26,0.23,-30.0,Ishigaki-12&13-LTE
38,-1.36,-0.05,-30.0,Ishigaki-12&13-LTE
38,-1.45,-30.0,-30.0,Ishigaki-12&13-LTE
38,90.0,0.06,-30.0,Ishigaki-12&13-LTE
38,-0.64,-30.0,-30.0,Ishigaki-12&13-LTE
38,-1.38,-30.0,-30.0,Ishigaki-12&13-LTE
38,-2.37,-30.0,-30.0,Ishigaki-12&13-LTE
38,-2.02,-30.0,-30.0,Ishigaki-12&13-LTE
38,-1.91,-30.0,-30.0,Ishigaki-12&13-LTE
38,-1.53,-30.0,-30.0,Ishigaki-12&13-LTE
38,-1.62,-30.0,-30.0,Ishigaki-12&13-LTE
38,-2.16,-30.0,-30.0,Ishigaki-12&13-LTE
38,-1.47,0.01,-30.0,Ishigaki-12&13-LTE
38,-2.58,-30.0,-30.0,Ishigaki-12&13-LTE
38,-3.2,-1.25,-30.0,Ishigaki-12&13-LTE
38,-1.32,0.09,-30.0,Ishigaki-12&13-LTE
38,-1.87,-30.0,-30.0,Ishigaki-12&13-LTE
38,-1.47,-30.0,-30.0,Ishigaki-12&13-LTE
38,-1.97,0.31,-30.0,Ishigaki-12&13-LTE
38,-1.19,-30.0,-30.0,Ishigaki-12&13-LTE
38,-1.23,-30.0,-30.0,Ishigaki-12&13-LTE
38,-1.63,-30.0,-30.0,Ishigaki-12&13-LTE
38,-1.6,-0.24,-30.0,Ishigaki-12&13-LTE
38,-1.78,0.1,-30.0,Ishigaki-12&13-LTE
38,-1.06,-0.07,-30.0,Ishigaki-12&13-LTE
38,-2.92,-30.0,-30.0,Ishigaki-12&13-LTE
38,-1.6,-0.15,-30.0,Ishigaki-12&13-LTE
38,-2.63,-0.07,-30.0,Ishigaki-12&13-LTE
38,-2.43,0.14,-30.0,Ishigaki-12&13-LTE
38,-3.21,0.18,-30.0,Ishigaki-12&13-LTE
38,-1.13,-30.0,-30.0,Ishigaki-12&13-LTE
38,-1.88,-30.0,-30.0,Ishigaki-12&13-LTE
38,-1.69,-30.0,-30.0,Ishigaki-12&13-LTE
38,-2.16,-0.35,-30.0,Ishigaki-12&13-LTE
38,-1.23,-30.0,-30.0,Ishigaki-12&13-LTE
38,-1.35,-30.0,-30.0,Ishigaki-12&13-LTE
38,-1.72,-30.0,-30.0,Ishigaki-12&13-LTE
38,-1.96,-30.0,-30.0,Ishigaki-12&13-LTE
38,-1.92,-30.0,-30.0,Ishigaki-12&13-LTE
38,-2.81,-0.02,-30.0,Ishigaki-12&13-LTE
38,-2.04,-30.0,-30.0,Ishigaki-12&13-LTE
38,-1.33,0.04,-30.0,Ishigaki-12&13-LTE
38,-1.5,-0.2,-30.0,Ishigaki-12&13-LTE
38,-1.56,-30.0,-30.0,Ishigaki-12&13-LTE
38,-0.91,-30.0,-30.0,Ishigaki-12&13-LTE
38,-0.66,-30.0,-30.0,Ishigaki-12&13-LTE
38,-1.47,-30.0,-30.0,Ishigaki-12&13-LTE
38,-0.72,-30.0,-30.0,Ishigaki-12&13-LTE
38,-0.63,-30.0,-30.0,Ishigaki-12&13-LTE
38,-0.8,-30.0,-30.0,Ishigaki-12&13-LTE
38,-1.01,-30.0,-30.0,Ishigaki-12&13-LTE
38,-1.45,-30.0,-30.0,Ishigaki-12&13-LTE
38,-2.52,-30.0,-30.0,Ishigaki-12&13-LTE
38,-2.27,-0.03,-30.0,Ishigaki-12&13-LTE
38,-0.81,-30.0,-30.0,Ishigaki-12&13-LTE
38,-1.0,-30.0,-30.0,Ishigaki-12&13-LTE
38,-0.83,-30.0,-30.0,Ishigaki-12&13-LTE
38,-1.34,-30.0,-30.0,Ishigaki-12&13-LTE
38,-1.44,-30.0,-30.0,Ishigaki-12&13-LTE
39,-1.95,-30.0,-30.0,Ishigaki-12&13-LTE
39,-2.37,-30.0,-30.0,Ishigaki-12&13-LTE
39,-1.08,-30.0,-30.0,Ishigaki-12&13-LTE
39,-1.65,-30.0,-30.0,Ishigaki-12&13-LTE
39,-1.49,-0.22,-30.0,Ishigaki-12&13-LTE
39,-1.97,-30.0,-30.0,Ishigaki-12&13-LTE
39,-1.31,-0.21,-30.0,Ishigaki-12&13-LTE
39,-1.36,-0.1,-30.0,Ishigaki-12&13-LTE
39,-1.1,0.27,-30.0,Ishigaki-12&13-LTE
39,-2.17,0.12,-30.0,Ishigaki-12&13-LTE
39,-1.11,-30.0,-30.0,Ishigaki-12&13-LTE
39,-1.23,-0.05,-30.0,Ishigaki-12&13-LTE
39,-1.27,-0.03,-30.0,Ishigaki-12&13-LTE
39,-1.27,0.26,-30.0,Ishigaki-12&13-LTE
39,-1.35,0.02,-30.0,Ishigaki-12&13-LTE
39,-1.74,0.28,-30.0,Ishigaki-12&13-LTE
39,-1.4,-0.08,-30.0,Ishigaki-12&13-LTE
39,-2.14,-0.04,-30.0,Ishigaki-12&13-LTE
39,-1.14,0.1,-30.0,Ishigaki-12&13-LTE
39,-1.99,-30.0,-30.0,Ishigaki-12&13-LTE
39,-1.03,0.0,-30.0,Ishigaki-12&13-LTE
39,-3.06,-30.0,-30.0,Ishigaki-12&13-LTE
39,-0.58,0.02,-30.0,Ishigaki-12&13-LTE
39,-2.77,-0.26,-30.0,Ishigaki-12&13-LTE
39,-2.23,-0.32,-30.0,Ishigaki-12&13-LTE
39,-1.34,0.13,-30.0,Ishigaki-12&13-LTE
39,-1.21,0.03,-30.0,Ishigaki-12&13-LTE
39,-1.9,-0.21,-30.0,Ishigaki-12&13-LTE
39,-1.76,-0.25,-30.0,Ishigaki-12&13-LTE
39,-1.72,-0.21,-30.0,Ishigaki-12&13-LTE
39,-1.37,-0.02,-30.0,Ishigaki-12&13-LTE
39,-0.93,-0.04,-30.0,Ishigaki-12&13-LTE
39,-1.25,0.03,-30.0,Ishigaki-12&13-LTE
39,-1.44,-0.07,-30.0,Ishigaki-12&13-LTE
39,-1.4,-0.21,-30.0,Ishigaki-12&13-LTE
39,-1.94,-0.38,-30.0,Ishigaki-12&13-LTE
39,-2.19,-0.1,-30.0,Ishigaki-12&13-LTE
39,-2.43,-0.57,-30.0,Ishigaki-12&13-LTE
39,-2.26,-30.0,-30.0,Ishigaki-12&13-LTE
39,-1.36,0.04,-30.0,Ishigaki-12&13-LTE
39,-1.45,0.06,-30.0,Ishigaki-12&13-LTE
39,90.0,-0.04,-30.0,Ishigaki-12&13-LTE
39,-0.64,0.07,-30.0,Ishigaki-12&13-LTE
39,-1.38,-30.0,-30.0,Ishigaki-12&13-LTE
39,-2.37,-30.0,-30.0,Ishigaki-12&13-LTE
39,-2.02,-30.0,-30.0,Ishigaki-12&13-LTE
39,-1.91,-30.0,-30.0,Ishigaki-12&13-LTE
39,-1.53,-30.0,-30.0,Ishigaki-12&13-LTE
39,-1.62,-0.09,-30.0,Ishigaki-12&13-LTE
39,-2.16,-0.31,-30.0,Ishigaki-12&13-LTE
39,-1.47,-0.07,-30.0,Ishigaki-12&13-LTE
39,-2.58,-0.49,-30.0,Ishigaki-12&13-LTE
39,-3.2,-30.0,-30.0,Ishigaki-12&13-LTE
39,-1.32,-0.16,-30.0,Ishigaki-12&13-LTE
39,-1.87,-30.0,-30.0,Ishigaki-12&13-LTE
39,-1.47,-30.0,-30.0,Ishigaki-12&13-LTE
39,-1.97,0.06,-30.0,Ishigaki-12&13-LTE
39,-1.19,0.02,-30.0,Ishigaki-12&13-LTE
39,-1.23,-0.05,-30.0,Ishigaki-12&13-LTE
39,-1.63,0.03,-30.0,Ishigaki-12&13-LTE
39,-1.6,-0.16,-30.0,Ishigaki-12&13-LTE
39,-1.78,0.0,-30.0,Ishigaki-12&13-LTE
39,-1.06,0.04,-30.0,Ishigaki-12&13-LTE
39,-2.92,-30.0,-30.0,Ishigaki-12&13-LTE
39,-1.6,-30.0,-30.0,Ishigaki-12&13-LTE
39,-2.63,-30.0,-30.0,Ishigaki-12&13-LTE
39,-2.43,-30.0,-30.0,Ishigaki-12&13-LTE
39,-3.21,-30.0,-30.0,Ishigaki-12&13-LTE
39,-1.13,0.23,-30.0,Ishigaki-12&13-LTE
39,-1.88,-0.27,-30.0,Ishigaki-12&13-LTE
39,-1.69,-0.64,-30.0,Ishigaki-12&13-LTE
39,-2.16,-30.0,-30.0,Ishigaki-12&13-LTE
39,-1.23,-30.0,-30.0,Ishigaki-12&13-LTE
39,-1.35,-0.1,-30.0,Ishigaki-12&13-LTE
39,-1.72,-0.32,-30.0,Ishigaki-12&13-LTE
39,-1.96,-0.49,-30.0,Ishigaki-12&13-LTE
39,-1.92,-0.09,-30.0,Ishigaki-12&13-LTE
39,-2.81,-0.42,-30.0,Ishigaki-12&13-LTE
39,-2.04,-0.16,-30.0,Ishigaki-12&13-LTE
39,-1.33,0.0,-30.0,Ishigaki-12&13-LTE
39,-1.5,-0.46,-30.0,Ishigaki-12&13-LTE
39,-1.56,-0.04,-30.0,Ishigaki-12&13-LTE
39,-0.91,0.18,-30.0,Ishigaki-12&13-LTE
39,-0.66,-0.21,-30.0,Ishigaki-12&13-LTE
39,-1.47,-0.13,-30.0,Ishigaki-12&13-LTE
39,-0.72,-0.07,-30.0,Ishigaki-12&13-LTE
39,-0.63,0.11,-30.0,Ishigaki-12&13-LTE
39,-0.8,0.11,-30.0,Ishigaki-12&13-LTE
39,-1.01,-0.02,-30.0,Ishigaki-12&13-LTE
39,-1.45,-0.01,-30.0,Ishigaki-12&13-LTE
39,-2.52,-0.04,-30.0,Ishigaki-12&13-LTE
39,-2.27,-0.17,-30.0,Ishigaki-12&13-LTE
39,-0.81,-0.35,-30.0,Ishigaki-12&13-LTE
39,-1.0,0.13,-30.0,Ishigaki-12&13-LTE
39,-0.83,-0.2,-30.0,Ishigaki-12&13-LTE
39,-1.34,-0.08,-30.0,Ishigaki-12&13-LTE
39,-1.44,-0.07,-30.0,Ishigaki-12&13-LTE
40,-1.95,-30.0,-30.0,Ishigaki-12&13-LTE
40,-2.37,-30.0,-30.0,Ishigaki-12&13-LTE
40,-1.08,-30.0,-30.0,Ishigaki-12&13-LTE
40,-1.65,-30.0,-30.0,Ishigaki-12&13-LTE
40,-1.49,0.14,-30.0,Ishigaki-12&13-LTE
40,-1.97,-30.0,-30.0,Ishigaki-12&13-LTE
40,-1.31,-30.0,-30.0,Ishigaki-12&13-LTE
40,-1.36,-30.0,-30.0,Ishigaki-12&13-LTE
40,-1.1,0.55,-30.0,Ishigaki-12&13-LTE
40,-2.17,-30.0,-30.0,Ishigaki-12&13-LTE
40,-1.11,-30.0,-30.0,Ishigaki-12&13-LTE
40,-1.23,-30.0,-30.0,Ishigaki-12&13-LTE
40,-1.27,-30.0,-30.0,Ishigaki-12&13-LTE
40,-1.27,-30.0,-30.0,Ishigaki-12&13-LTE
40,-1.35,-30.0,-30.0,Ishigaki-12&13-LTE
40,-1.74,0.85,-30.0,Ishigaki-12&13-LTE
40,-1.4,0.24,-30.0,Ishigaki-12&13-LTE
40,-2.14,0.28,-30.0,Ishigaki-12&13-LTE
40,-1.14,-30.0,-30.0,Ishigaki-12&13-LTE
40,-1.99,-30.0,-30.0,Ishigaki-12&13-LTE
40,-1.03,-30.0,-30.0,Ishigaki-12&13-LTE
40,-3.06,-30.0,-30.0,Ishigaki-12&13-LTE
40,-0.58,-30.0,-30.0,Ishigaki-12&13-LTE
40,-2.77,0.2,-30.0,Ishigaki-12&13-LTE
40,-2.23,-0.01,-30.0,Ishigaki-12&13-LTE
40,-1.34,-30.0,-30.0,Ishigaki-12&13-LTE
40,-1.21,-30.0,-30.0,Ishigaki-12&13-LTE
40,-1.9,0.06,-30.0,Ishigaki-12&13-LTE
40,-1.76,-30.0,-30.0,Ishigaki-12&13-LTE
40,-1.72,0.28,-30.0,Ishigaki-12&13-LTE
40,-1.37,-30.0,-30.0,Ishigaki-12&13-LTE
40,-0.93,-30.0,-30.0,Ishigaki-12&13-LTE
40,-1.25,-30.0,-30.0,Ishigaki-12&13-LTE
40,-1.44,0.23,-30.0,Ishigaki-12&13-LTE
40,-1.4,-30.0,-30.0,Ishigaki-12&13-LTE
40,-1.94,-30.0,-30.0,Ishigaki-12&13-LTE
40,-2.19,-30.0,-30.0,Ishigaki-12&13-LTE
40,-2.43,-0.22,-30.0,Ishigaki-12&13-LTE
40,-2.26,-30.0,-30.0,Ishigaki-12&13-LTE
40,-1.36,-30.0,-30.0,Ishigaki-12&13-LTE
40,-1.45,-30.0,-30.0,Ishigaki-12&13-LTE
40,90.0,-30.0,-30.0,Ishigaki-12&13-LTE
40,-0.64,-30.0,-30.0,Ishigaki-12&13-LTE
40,-1.38,-30.0,-30.0,Ishigaki-12&13-LTE
40,-2.37,-30.0,-30.0,Ishigaki-12&13-LTE
40,-2.02,-30.0,-30.0,Ishigaki-12&13-LTE
40,-1.91,-30.0,-30.0,Ishigaki-12&13-LTE
40,-1.53,-30.0,-30.0,Ishigaki-12&13-LTE
40,-1.62,0.07,-30.0,Ishigaki-12&13-LTE
40,-2.16,0.06,-30.0,Ishigaki-12&13-LTE
40,-1.47,0.31,-30.0,Ishigaki-12&13-LTE
40,-2.58,-0.16,-30.0,Ishigaki-12&13-LTE
40,-3.2,-30.0,-30.0,Ishigaki-12&13-LTE
40,-1.32,0.15,-30.0,Ishigaki-12&13-LTE
40,-1.87,-30.0,-30.0,Ishigaki-12&13-LTE
40,-1.47,-30.0,-30.0,Ishigaki-12&13-LTE
40,-1.97,-30.0,-30.0,Ishigaki-12&13-LTE
40,-1.19,-30.0,-30.0,Ishigaki-12&13-LTE
40,-1.23,-30.0,-30.0,Ishigaki-12&13-LTE
40,-1.63,-30.0,-30.0,Ishigaki-12&13-LTE
40,-1.6,-30.0,-30.0,Ishigaki-12&13-LTE
40,-1.78,-30.0,-30.0,Ishigaki-12&13-LTE
40,-1.06,0.43,-30.0,Ishigaki-12&13-LTE
40,-2.92,-30.0,-30.0,Ishigaki-12&13-LTE
40,-1.6,-30.0,-30.0,Ishigaki-12&13-LTE
40,-2.63,-30.0,-30.0,Ishigaki-12&13-LTE
40,-2.43,-30.0,-30.0,Ishigaki-12&13-LTE
40,-3.21,-30.0,-30.0,Ishigaki-12&13-LTE
40,-1.13,0.39,-30.0,Ishigaki-12&13-LTE
40,-1.88,-30.0,-30.0,Ishigaki-12&13-LTE
40,-1.69,-0.15,-30.0,Ishigaki-12&13-LTE
40,-2.16,-30.0,-30.0,Ishigaki-12&13-LTE
40,-1.23,-30.0,-30.0,Ishigaki-12&13-LTE
40,-1.35,0.42,-30.0,Ishigaki-12&13-LTE
40,-1.72,-0.21,-30.0,Ishigaki-12&13-LTE
40,-1.96,-30.0,-30.0,Ishigaki-12&13-LTE
40,-1.92,-30.0,-30.0,Ishigaki-12&13-LTE
40,-2.81,-30.0,-30.0,Ishigaki-12&13-LTE
40,-2.04,-0.15,-30.0,Ishigaki-12&13-LTE
40,-1.33,-30.0,-30.0,Ishigaki-12&13-LTE
40,-1.5,-30.0,-30.0,Ishigaki-12&13-LTE
40,-1.56,0.25,-30.0,Ishigaki-12&13-LTE
40,-0.91,0.43,-30.0,Ishigaki-12&13-LTE
40,-0.66,-0.1,-30.0,Ishigaki-12&13-LTE
40,-1.47,-30.0,-30.0,Ishigaki-12&13-LTE
40,-0.72,0.43,-30.0,Ishigaki-12&13-LTE
40,-0.63,0.3,-30.0,Ishigaki-12&13-LTE
40,-0.8,0.37,-30.0,Ishigaki-12&13-LTE
40,-1.01,-0.04,-30.0,Ishigaki-12&13-LTE
40,-1.45,0.3,-30.0,Ishigaki-12&13-LTE
40,-2.52,0.42,-30.0,Ishigaki-12&13-LTE
40,-2.27,0.24,-30.0,Ishigaki-12&13-LTE
40,-0.81,-30.0,-30.0,Ishigaki-12&13-LTE
40,-1.0,0.34,-30.0,Ishigaki-12&13-LTE
40,-0.83,-30.0,-30.0,Ishigaki-12&13-LTE
40,-1.34,-30.0,-30.0,Ishigaki-12&13-LTE
40,-1.44,0.09,-30.0,Ishigaki-12&13-LTE
56,-1.95,-30.0,-30.0,Ishigaki-12&13-LTE
56,-2.37,-30.0,-30.0,Ishigaki-12&13-LTE
56,-1.08,-30.0,-30.0,Ishigaki-12&13-LTE
56,-1.65,-30.0,-30.0,Ishigaki-12&13-LTE
56,-1.49,0.01,-30.0,Ishigaki-12&13-LTE
56,-1.97,-0.07,-30.0,Ishigaki-12&13-LTE
56,-1.31,0.09,-30.0,Ishigaki-12&13-LTE
56,-1.36,-0.01,-30.0,Ishigaki-12&13-LTE
56,-1.1,0.24,-30.0,Ishigaki-12&13-LTE
56,-2.17,-0.1,-30.0,Ishigaki-12&13-LTE
56,-1.11,0.28,-30.0,Ishigaki-12&13-LTE
56,-1.23,0.12,-30.0,Ishigaki-12&13-LTE
56,-1.27,0.07,-30.0,Ishigaki-12&13-LTE
56,-1.27,0.32,-30.0,Ishigaki-12&13-LTE
56,-1.35,0.23,-30.0,Ishigaki-12&13-LTE
56,-1.74,0.3,-30.0,Ishigaki-12&13-LTE
56,-1.4,0.16,-30.0,Ishigaki-12&13-LTE
56,-2.14,-0.17,-30.0,Ishigaki-12&13-LTE
56,-1.14,0.54,-30.0,Ishigaki-12&13-LTE
56,-1.99,-0.17,-30.0,Ishigaki-12&13-LTE
56,-1.03,0.17,-30.0,Ishigaki-12&13-LTE
56,-3.06,-0.39,-30.0,Ishigaki-12&13-LTE
56,-0.58,0.21,-30.0,Ishigaki-12&13-LTE
56,-2.77,-0.25,-30.0,Ishigaki-12&13-LTE
56,-2.23,-0.3,-30.0,Ishigaki-12&13-LTE
56,-1.34,0.21,-30.0,Ishigaki-12&13-LTE
56,-1.21,-0.03,-30.0,Ishigaki-12&13-LTE
56,-1.9,-0.06,-30.0,Ishigaki-12&13-LTE
56,-1.76,-0.12,-30.0,Ishigaki-12&13-LTE
56,-1.72,0.03,-30.0,Ishigaki-12&13-LTE
56,-1.37,0.17,-30.0,Ishigaki-12&13-LTE
56,-0.93,0.15,-30.0,Ishigaki-12&13-LTE
56,-1.25,0.03,-30.0,Ishigaki-12&13-LTE
56,-1.44,0.12,-30.0,Ishigaki-12&13-LTE
56,-1.4,0.12,-30.0,Ishigaki-12&13-LTE
56,-1.94,-0.48,-30.0,Ishigaki-12&13-LTE
56,-2.19,0.04,-30.0,Ishigaki-12&13-LTE
56,-2.43,-0.52,-30.0,Ishigaki-12&13-LTE
56,-2.26,-0.07,-30.0,Ishigaki-12&13-LTE
56,-1.36,0.0,-30.0,Ishigaki-12&13-LTE
56,-1.45,0.19,-30.0,Ishigaki-12&13-LTE
56,90.0,0.06,-30.0,Ishigaki-12&13-LTE
56,-0.64,0.19,-30.0,Ishigaki-12&13-LTE
56,-1.38,-30.0,-30.0,Ishigaki-12&13-LTE
56,-2.37,-30.0,-30.0,Ishigaki-12&13-LTE
56,-2.02,-30.0,-30.0,Ishigaki-12&13-LTE
56,-1.91,-30.0,-30.0,Ishigaki-12&13-LTE
56,-1.53,-30.0,-30.0,Ishigaki-12&13-LTE
56,-1.62,0.13,-30.0,Ishigaki-12&13-LTE
56,-2.16,-0.43,-30.0,Ishigaki-12&13-LTE
56,-1.47,0.07,-30.0,Ishigaki-12&13-LTE
56,-2.58,-0.46,-30.0,Ishigaki-12&13-LTE
56,-3.2,-30.0,-30.0,Ishigaki-12&13-LTE
56,-1.32,-0.21,-30.0,Ishigaki-12&13-LTE
56,-1.87,0.08,-30.0,Ishigaki-12&13-LTE
56,-1.47,0.35,-30.0,Ishigaki-12&13-LTE
56,-1.97,-0.01,-30.0,Ishigaki-12&13-LTE
56,-1.19,0.13,-30.0,Ishigaki-12&13-LTE
56,-1.23,0.12,-30.0,Ishigaki-12&13-LTE
56,-1.63,0.03,-30.0,Ishigaki-12&13-LTE
56,-1.6,0.02,-30.0,Ishigaki-12&13-LTE
56,-1.78,0.25,-30.0,Ishigaki-12&13-LTE
56,-1.06,0.25,-30.0,Ishigaki-12&13-LTE
56,-2.92,-30.0,-30.0,Ishigaki-12&13-LTE
56,-1.6,0.12,-30.0,Ishigaki-12&13-LTE
56,-2.63,-0.06,-30.0,Ishigaki-12&13-LTE
56,-2.43,-0.09,-30.0,Ishigaki-12&13-LTE
56,-3.21,0.06,-30.0,Ishigaki-12&13-LTE
56,-1.13,0.32,-30.0,Ishigaki-12&13-LTE
56,-1.88,-0.1,-30.0,Ishigaki-12&13-LTE
56,-1.69,-0.27,-30.0,Ishigaki-12&13-LTE
56,-2.16,-0.57,-30.0,Ishigaki-12&13-LTE
56,-1.23,-0.04,-30.0,Ishigaki-12&13-LTE
56,-1.35,0.07,-30.0,Ishigaki-12&13-LTE
56,-1.72,-0.2,-30.0,Ishigaki-12&13-LTE
56,-1.96,-0.23,-30.0,Ishigaki-12&13-LTE
56,-1.92,-0.19,-30.0,Ishigaki-12&13-LTE
56,-2.81,-0.85,-30.0,Ishigaki-12&13-LTE
56,-2.04,-0.11,-30.0,Ishigaki-12&13-LTE
56,-1.33,0.13,-30.0,Ishigaki-12&13-LTE
56,-1.5,-0.22,-30.0,Ishigaki-12&13-LTE
56,-1.56,0.12,-30.0,Ishigaki-12&13-LTE
56,-0.91,0.26,-30.0,Ishigaki-12&13-LTE
56,-0.66,-0.01,-30.0,Ishigaki-12&13-LTE
56,-1.47,0.05,-30.0,Ishigaki-12&13-LTE
56,-0.72,0.07,-30.0,Ishigaki-12&13-LTE
56,-0.63,0.11,-30.0,Ishigaki-12&13-LTE
56,-0.8,0.2,-30.0,Ishigaki-12&13-LTE
56,-1.01,0.1,-30.0,Ishigaki-12&13-LTE
56,-1.45,0.06,-30.0,Ishigaki-12&13-LTE
56,-2.52,-0.5,-30.0,Ishigaki-12&13-LTE
56,-2.27,0.0,-30.0,Ishigaki-12&13-LTE
56,-0.81,0.24,-30.0,Ishigaki-12&13-LTE
56,-1.0,0.18,-30.0,Ishigaki-12&13-LTE
56,-0.83,0.09,-30.0,Ishigaki-12&13-LTE
56,-1.34,0.11,-30.0,Ishigaki-12&13-LTE
56,-1.44,0.01,-30.0,Ishigaki-12&13-LTE
57,-1.95,-30.0,-30.0,Ishigaki-12&13-LTE
57,-2.37,-30.0,-30.0,Ishigaki-12&13-LTE
57,-1.08,-30.0,-30.0,Ishigaki-12&13-LTE
57,-1.65,-30.0,-30.0,Ishigaki-12&13-LTE
57,-1.49,-0.01,-30.0,Ishigaki-12&13-LTE
57,-1.97,-30.0,-30.0,Ishigaki-12&13-LTE
57,-1.31,0.43,-30.0,Ishigaki-12&13-LTE
57,-1.36,-30.0,-30.0,Ishigaki-12&13-LTE
57,-1.1,-30.0,-30.0,Ishigaki-12&13-LTE
57,-2.17,-30.0,-30.0,Ishigaki-12&13-LTE
57,-1.11,-30.0,-30.0,Ishigaki-12&13-LTE
57,-1.23,-30.0,-30.0,Ishigaki-12&13-LTE
57,-1.27,-30.0,-30.0,Ishigaki-12&13-LTE
57,-1.27,-30.0,-30.0,Ishigaki-12&13-LTE
57,-1.35,-30.0,-30.0,Ishigaki-12&13-LTE
57,-1.74,-30.0,-30.0,Ishigaki-12&13-LTE
57,-1.4,0.19,-30.0,Ishigaki-12&13-LTE
57,-2.14,-30.0,-30.0,Ishigaki-12&13-LTE
57,-1.14,0.57,-30.0,Ishigaki-12&13-LTE
57,-1.99,-30.0,-30.0,Ishigaki-12&13-LTE
57,-1.03,0.6,-30.0,Ishigaki-12&13-LTE
57,-3.06,-30.0,-30.0,Ishigaki-12&13-LTE
57,-0.58,-30.0,-30.0,Ishigaki-12&13-LTE
57,-2.77,-30.0,-30.0,Ishigaki-12&13-LTE
57,-2.23,-30.0,-30.0,Ishigaki-12&13-LTE
57,-1.34,0.3,-30.0,Ishigaki-12&13-LTE
57,-1.21,-0.02,-30.0,Ishigaki-12&13-LTE
57,-1.9,-30.0,-30.0,Ishigaki-12&13-LTE
57,-1.76,0.17,-30.0,Ishigaki-12&13-LTE
57,-1.72,0.24,-30.0,Ishigaki-12&13-LTE
57,-1.37,-30.0,-30.0,Ishigaki-12&13-LTE
57,-0.93,0.61,-30.0,Ishigaki-12&13-LTE
57,-1.25,0.17,-30.0,Ishigaki-12&13-LTE
57,-1.44,0.41,-30.0,Ishigaki-12&13-LTE
57,-1.4,0.05,-30.0,Ishigaki-12&13-LTE
57,-1.94,-0.28,-30.0,Ishigaki-12&13-LTE
57,-2.19,0.8,-30.0,Ishigaki-12&13-LTE
57,-2.43,-30.0,-30.0,Ishigaki-12&13-LTE
57,-2.26,-30.0,-30.0,Ishigaki-12&13-LTE
57,-1.36,-30.0,-30.0,Ishigaki-12&13-LTE
57,-1.45,-30.0,-30.0,Ishigaki-12&13-LTE
57,90.0,-30.0,-30.0,Ishigaki-12&13-LTE
57,-0.64,-30.0,-30.0,Ishigaki-12&13-LTE
57,-1.38,-30.0,-30.0,Ishigaki-12&13-LTE
57,-2.37,-30.0,-30.0,Ishigaki-12&13-LTE
57,-2.02,-30.0,-30.0,Ishigaki-12&13-LTE
57,-1.91,-30.0,-30.0,Ishigaki-12&13-LTE
57,-1.53,-30.0,-30.0,Ishigaki-12&13-LTE
57,-1.62,0.34,-30.0,Ishigaki-12&13-LTE
57,-2.16,-30.0,-30.0,Ishigaki-12&13-LTE
57,-1.47,-30.0,-30.0,Ishigaki-12&13-LTE
57,-2.58,-0.02,-30.0,Ishigaki-12&13-LTE
57,-3.2,-30.0,-30.0,Ishigaki-12&13-LTE
57,-1.32,0.13,-30.0,Ishigaki-12&13-LTE
57,-1.87,-30.0,-30.0,Ishigaki-12&13-LTE
57,-1.47,1.35,-30.0,Ishigaki-12&13-LTE
57,-1.97,-30.0,-30.0,Ishigaki-12&13-LTE
57,-1.19,-30.0,-30.0,Ishigaki-12&13-LTE
57,-1.23,-30.0,-30.0,Ishigaki-12&13-LTE
57,-1.63,-30.0,-30.0,Ishigaki-12&13-LTE
57,-1.6,-30.0,-30.0,Ishigaki-12&13-LTE
57,-1.78,-30.0,-30.0,Ishigaki-12&13-LTE
57,-1.06,0.54,-30.0,Ishigaki-12&13-LTE
57,-2.92,-30.0,-30.0,Ishigaki-12&13-LTE
57,-1.6,0.36,-30.0,Ishigaki-12&13-LTE
57,-2.63,-30.0,-30.0,Ishigaki-12&13-LTE
57,-2.43,-30.0,-30.0,Ishigaki-12&13-LTE
57,-3.21,-30.0,-30.0,Ishigaki-12&13-LTE
57,-1.13,0.42,-30.0,Ishigaki-12&13-LTE
57,-1.88,0.15,-30.0,Ishigaki-12&13-LTE
57,-1.69,-0.11,-30.0,Ishigaki-12&13-LTE
57,-2.16,-30.0,-30.0,Ishigaki-12&13-LTE
57,-1.23,1.11,-30.0,Ishigaki-12&13-LTE
57,-1.35,0.29,-30.0,Ishigaki-12&13-LTE
57,-1.72,-30.0,-30.0,Ishigaki-12&13-LTE
57,-1.96,-30.0,-30.0,Ishigaki-12&13-LTE
57,-1.92,-30.0,-30.0,Ishigaki-12&13-LTE
57,-2.81,-30.0,-30.0,Ishigaki-12&13-LTE
57,-2.04,0.11,-30.0,Ishigaki-12&13-LTE
57,-1.33,-30.0,-30.0,Ishigaki-12&13-LTE
57,-1.5,-30.0,-30.0,Ishigaki-12&13-LTE
57,-1.56,0.39,-30.0,Ishigaki-12&13-LTE
57,-0.91,-30.0,-30.0,Ishigaki-12&13-LTE
57,-0.66,-30.0,-30.0,Ishigaki-12&13-LTE
57,-1.47,-30.0,-30.0,Ishigaki-12&13-LTE
57,-0.72,0.89,-30.0,Ishigaki-12&13-LTE
57,-0.63,-30.0,-30.0,Ishigaki-12&13-LTE
57,-0.8,-30.0,-30.0,Ishigaki-12&13-LTE
57,-1.01,0.23,-30.0,Ishigaki-12&13-LTE
57,-1.45,0.16,-30.0,Ishigaki-12&13-LTE
57,-2.52,-30.0,-30.0,Ishigaki-12&13-LTE
57,-2.27,0.23,-30.0,Ishigaki-12&13-LTE
57,-0.81,0.01,-30.0,Ishigaki-12&13-LTE
57,-1.0,-30.0,-30.0,Ishigaki-12&13-LTE
57,-0.83,0.16,-30.0,Ishigaki-12&13-LTE
57,-1.34,0.15,-30.0,Ishigaki-12&13-LTE
57,-1.44,0.14,-30.0,Ishigaki-12&13-LTE
60,-1.95,-30.0,-30.0,Ishigaki-12&13-LTE
60,-2.37,-30.0,-30.0,Ishigaki-12&13-LTE
60,-1.08,-30.0,-30.0,Ishigaki-12&13-LTE
60,-1.65,-30.0,-30.0,Ishigaki-12&13-LTE
60,-1.49,0.1,-30.0,Ishigaki-12&13-LTE
60,-1.97,-30.0,-30.0,Ishigaki-12&13-LTE
60,-1.31,-30.0,-30.0,Ishigaki-12&13-LTE
60,-1.36,0.38,-30.0,Ishigaki-12&13-LTE
60,-1.1,0.68,-30.0,Ishigaki-12&13-LTE
60,-2.17,-30.0,-30.0,Ishigaki-12&13-LTE
60,-1.11,0.89,-30.0,Ishigaki-12&13-LTE
60,-1.23,0.73,-30.0,Ishigaki-12&13-LTE
60,-1.27,0.65,-30.0,Ishigaki-12&13-LTE
60,-1.27,0.55,-30.0,Ishigaki-12&13-LTE
60,-1.35,0.74,-30.0,Ishigaki-12&13-LTE
60,-1.74,0.72,-30.0,Ishigaki-12&13-LTE
60,-1.4,0.46,-30.0,Ishigaki-12&13-LTE
60,-2.14,-30.0,-30.0,Ishigaki-12&13-LTE
60,-1.14,0.61,-30.0,Ishigaki-12&13-LTE
60,-1.99,-30.0,-30.0,Ishigaki-12&13-LTE
60,-1.03,0.6,-30.0,Ishigaki-12&13-LTE
60,-3.06,-30.0,-30.0,Ishigaki-12&13-LTE
60,-0.58,0.78,-30.0,Ishigaki-12&13-LTE
60,-2.77,0.17,-30.0,Ishigaki-12&13-LTE
60,-2.23,0.12,-30.0,Ishigaki-12&13-LTE
60,-1.34,0.2,-30.0,Ishigaki-12&13-LTE
60,-1.21,0.23,-30.0,Ishigaki-12&13-LTE
60,-1.9,0.3,-30.0,Ishigaki-12&13-LTE
60,-1.76,0.35,-30.0,Ishigaki-12&13-LTE
60,-1.72,0.21,-30.0,Ishigaki-12&13-LTE
60,-1.37,0.66,-30.0,Ishigaki-12&13-LTE
60,-0.93,0.61,-30.0,Ishigaki-12&13-LTE
60,-1.25,0.25,-30.0,Ishigaki-12&13-LTE
60,-1.44,0.42,-30.0,Ishigaki-12&13-LTE
60,-1.4,0.1,-30.0,Ishigaki-12&13-LTE
60,-1.94,-0.04,-30.0,Ishigaki-12&13-LTE
60,-2.19,0.43,-30.0,Ishigaki-12&13-LTE
60,-2.43,-0.24,-30.0,Ishigaki-12&13-LTE
60,-2.26,-30.0,-30.0,Ishigaki-12&13-LTE
60,-1.36,0.71,-30.0,Ishigaki-12&13-LTE
60,-1.45,0.84,-30.0,Ishigaki-12&13-LTE
60,90.0,0.5,-30.0,Ishigaki-12&13-LTE
60,-0.64,0.78,-30.0,Ishigaki-12&13-LTE
60,-1.38,-30.0,-30.0,Ishigaki-12&13-LTE
60,-2.37,-30.0,-30.0,Ishigaki-12&13-LTE
60,-2.02,-30.0,-30.0,Ishigaki-12&13-LTE
60,-1.91,-30.0,-30.0,Ishigaki-12&13-LTE
60,-1.53,-30.0,-30.0,Ishigaki-12&13-LTE
60,-1.62,0.31,-30.0,Ishigaki-12&13-LTE
60,-2.16,-0.08,-30.0,Ishigaki-12&13-LTE
60,-1.47,0.51,-30.0,Ishigaki-12&13-LTE
60,-2.58,-0.11,-30.0,Ishigaki-12&13-LTE
60,-3.2,-30.0,-30.0,Ishigaki-12&13-LTE
60,-1.32,-30.0,-30.0,Ishigaki-12&13-LTE
60,-1.87,-30.0,-30.0,Ishigaki-12&13-LTE
60,-1.47,-30.0,-30.0,Ishigaki-12&13-LTE
60,-1.97,0.53,-30.0,Ishigaki-12&13-LTE
60,-1.19,0.46,-30.0,Ishigaki-12&13-LTE
60,-1.23,0.73,-30.0,Ishigaki-12&13-LTE
60,-1.63,0.59,-30.0,Ishigaki-12&13-LTE
60,-1.6,0.54,-30.0,Ishigaki-12&13-LTE
60,-1.78,-30.0,-30.0,Ishigaki-12&13-LTE
60,-1.06,0.78,-30.0,Ishigaki-12&13-LTE
60,-2.92,-30.0,-30.0,Ishigaki-12&13-LTE
60,-1.6,0.64,-30.0,Ishigaki-12&13-LTE
60,-2.63,-30.0,-30.0,Ishigaki-12&13-LTE
60,-2.43,-30.0,-30.0,Ishigaki-12&13-LTE
60,-3.21,-30.0,-30.0,Ishigaki-12&13-LTE
60,-1.13,0.41,-30.0,Ishigaki-12&13-LTE
60,-1.88,0.19,-30.0,Ishigaki-12&13-LTE
60,-1.69,-0.03,-30.0,Ishigaki-12&13-LTE
60,-2.16,-30.0,-30.0,Ishigaki-12&13-LTE
60,-1.23,0.35,-30.0,Ishigaki-12&13-LTE
60,-1.35,0.35,-30.0,Ishigaki-12&13-LTE
60,-1.72,-0.12,-30.0,Ishigaki-12&13-LTE
60,-1.96,0.01,-30.0,Ishigaki-12&13-LTE
60,-1.92,0.12,-30.0,Ishigaki-12&13-LTE
60,-2.81,-30.0,-30.0,Ishigaki-12&13-LTE
60,-2.04,0.08,-30.0,Ishigaki-12&13-LTE
60,-1.33,0.67,-30.0,Ishigaki-12&13-LTE
60,-1.5,-30.0,-30.0,Ishigaki-12&13-LTE
60,-1.56,0.33,-30.0,Ishigaki-12&13-LTE
60,-0.91,0.58,-30.0,Ishigaki-12&13-LTE
60,-0.66,0.39,-30.0,Ishigaki-12&13-LTE
60,-1.47,0.24,-30.0,Ishigaki-12&13-LTE
60,-0.72,0.79,-30.0,Ishigaki-12&13-LTE
60,-0.63,0.7,-30.0,Ishigaki-12&13-LTE
60,-0.8,0.73,-30.0,Ishigaki-12&13-LTE
60,-1.01,0.19,-30.0,Ishigaki-12&13-LTE
60,-1.45,0.19,-30.0,Ishigaki-12&13-LTE
60,-2.52,-30.0,-30.0,Ishigaki-12&13-LTE
60,-2.27,0.33,-30.0,Ishigaki-12&13-LTE
60,-0.81,0.13,-30.0,Ishigaki-12&13-LTE
60,-1.0,0.57,-30.0,Ishigaki-12&13-LTE
60,-0.83,0.17,-30.0,Ishigaki-12&13-LTE
60,-1.34,0.17,-30.0,Ishigaki-12&13-LTE
60,-1.44,0.24,-30.0,Ishigaki-12&13-LTE
62,-1.95,-30.0,-30.0,Ishigaki-12&13-LTE
62,-2.37,-30.0,-30.0,Ishigaki-12&13-LTE
62,-1.08,-30.0,-30.0,Ishigaki-12&13-LTE
62,-1.65,-30.0,-30.0,Ishigaki-12&13-LTE
62,-1.49,0.29,-30.0,Ishigaki-12&13-LTE
62,-1.97,-30.0,-30.0,Ishigaki-12&13-LTE
62,-1.31,-30.0,-30.0,Ishigaki-12&13-LTE
62,-1.36,0.61,-30.0,Ishigaki-12&13-LTE
62,-1.1,0.73,-30.0,Ishigaki-12&13-LTE
62,-2.17,-30.0,-30.0,Ishigaki-12&13-LTE
62,-1.11,0.26,-30.0,Ishigaki-12&13-LTE
62,-1.23,-30.0,-30.0,Ishigaki-12&13-LTE
62,-1.27,-30.0,-30.0,Ishigaki-12&13-LTE
62,-1.27,-30.0,-30.0,Ishigaki-12&13-LTE
62,-1.35,-30.0,-30.0,Ishigaki-12&13-LTE
62,-1.74,-30.0,-30.0,Ishigaki-12&13-LTE
62,-1.4,-30.0,-30.0,Ishigaki-12&13-LTE
62,-2.14,-30.0,-30.0,Ishigaki-12&13-LTE
62,-1.14,-30.0,-30.0,Ishigaki-12&13-LTE
62,-1.99,-30.0,-30.0,Ishigaki-12&13-LTE
62,-1.03,0.54,-30.0,Ishigaki-12&13-LTE
62,-3.06,-30.0,-30.0,Ishigaki-12&13-LTE
62,-0.58,-30.0,-30.0,Ishigaki-12&13-LTE
62,-2.77,0.33,-30.0,Ishigaki-12&13-LTE
62,-2.23,0.31,-30.0,Ishigaki-12&13-LTE
62,-1.34,0.27,-30.0,Ishigaki-12&13-LTE
62,-1.21,0.1,-30.0,Ishigaki-12&13-LTE
62,-1.9,-30.0,-30.0,Ishigaki-12&13-LTE
62,-1.76,-30.0,-30.0,Ishigaki-12&13-LTE
62,-1.72,0.32,-30.0,Ishigaki-12&13-LTE
62,-1.37,-30.0,-30.0,Ishigaki-12&13-LTE
62,-0.93,0.64,-30.0,Ishigaki-12&13-LTE
62,-1.25,0.28,-30.0,Ishigaki-12&13-LTE
62,-1.44,0.53,-30.0,Ishigaki-12&13-LTE
62,-1.4,0.19,-30.0,Ishigaki-12&13-LTE
62,-1.94,-0.05,-30.0,Ishigaki-12&13-LTE
62,-2.19,1.0,-30.0,Ishigaki-12&13-LTE
62,-2.43,-0.18,-30.0,Ishigaki-12&13-LTE
62,-2.26,-30.0,-30.0,Ishigaki-12&13-LTE
62,-1.36,-30.0,-30.0,Ishigaki-12&13-LTE
62,-1.45,-30.0,-30.0,Ishigaki-12&13-LTE
62,90.0,-30.0,-30.0,Ishigaki-12&13-LTE
62,-0.64,0.59,-30.0,Ishigaki-12&13-LTE
62,-1.38,-30.0,-30.0,Ishigaki-12&13-LTE
62,-2.37,-30.0,-30.0,Ishigaki-12&13-LTE
62,-2.02,-30.0,-30.0,Ishigaki-12&13-LTE
62,-1.91,-30.0,-30.0,Ishigaki-12&13-LTE
62,-1.53,-30.0,-30.0,Ishigaki-12&13-LTE
62,-1.62,0.42,-30.0,Ishigaki-12&13-LTE
62,-2.16,0.07,-30.0,Ishigaki-12&13-LTE
62,-1.47,-30.0,-30.0,Ishigaki-12&13-LTE
62,-2.58,0.03,-30.0,Ishigaki-12&13-LTE
62,-3.2,-30.0,-30.0,Ishigaki-12&13-LTE
62,-1.32,-30.0,-30.0,Ishigaki-12&13-LTE
62,-1.87,-30.0,-30.0,Ishigaki-12&13-LTE
62,-1.47,-30.0,-30.0,Ishigaki-12&13-LTE
62,-1.97,-30.0,-30.0,Ishigaki-12&13-LTE
62,-1.19,-30.0,-30.0,Ishigaki-12&13-LTE
62,-1.23,-30.0,-30.0,Ishigaki-12&13-LTE
62,-1.63,-30.0,-30.0,Ishigaki-12&13-LTE
62,-1.6,-30.0,-30.0,Ishigaki-12&13-LTE
62,-1.78,-30.0,-30.0,Ishigaki-12&13-LTE
62,-1.06,0.8,-30.0,Ishigaki-12&13-LTE
62,-2.92,-30.0,-30.0,Ishigaki-12&13-LTE
62,-1.6,-30.0,-30.0,Ishigaki-12&13-LTE
62,-2.63,-30.0,-30.0,Ishigaki-12&13-LTE
62,-2.43,-30.0,-30.0,Ishigaki-12&13-LTE
62,-3.21,-30.0,-30.0,Ishigaki-12&13-LTE
62,-1.13,0.43,-30.0,Ishigaki-12&13-LTE
62,-1.88,0.36,-30.0,Ishigaki-12&13-LTE
62,-1.69,0.11,-30.0,Ishigaki-12&13-LTE
62,-2.16,-30.0,-30.0,Ishigaki-12&13-LTE
62,-1.23,0.6,-30.0,Ishigaki-12&13-LTE
62,-1.35,0.48,-30.0,Ishigaki-12&13-LTE
62,-1.72,0.11,-30.0,Ishigaki-12&13-LTE
62,-1.96,0.18,-30.0,Ishigaki-12&13-LTE
62,-1.92,0.35,-30.0,Ishigaki-12&13-LTE
62,-2.81,-30.0,-30.0,Ishigaki-12&13-LTE
62,-2.04,0.24,-30.0,Ishigaki-12&13-LTE
62,-1.33,0.81,-30.0,Ishigaki-12&13-LTE
62,-1.5,-30.0,-30.0,Ishigaki-12&13-LTE
62,-1.56,0.45,-30.0,Ishigaki-12&13-LTE
62,-0.91,0.56,-30.0,Ishigaki-12&13-LTE
62,-0.66,0.1,-30.0,Ishigaki-12&13-LTE
62,-1.47,0.33,-30.0,Ishigaki-12&13-LTE
62,-0.72,0.37,-30.0,Ishigaki-12&13-LTE
62,-0.63,0.31,-30.0,Ishigaki-12&13-LTE
62,-0.8,-30.0,-30.0,Ishigaki-12&13-LTE
62,-1.01,0.18,-30.0,Ishigaki-12&13-LTE
62,-1.45,0.22,-30.0,Ishigaki-12&13-LTE
62,-2.52,-30.0,-30.0,Ishigaki-12&13-LTE
62,-2.27,0.56,-30.0,Ishigaki-12&13-LTE
62,-0.81,-0.02,-30.0,Ishigaki-12&13-LTE
62,-1.0,-30.0,-30.0,Ishigaki-12&13-LTE
62,-0.83,0.2,-30.0,Ishigaki-12&13-LTE
62,-1.34,0.18,-30.0,Ishigaki-12&13-LTE
62,-1.44,-0.02,-30.0,Ishigaki-12&13-LTE
63,-1.95,-30.0,-30.0,Ishigaki-12&13-LTE
63,-2.37,-30.0,-30.0,Ishigaki-12&13-LTE
63,-1.08,-30.0,-30.0,Ishigaki-12&13-LTE
63,-1.65,-30.0,-30.0,Ishigaki-12&13-LTE
63,-1.49,0.38,-30.0,Ishigaki-12&13-LTE
63,-1.97,-30.0,-30.0,Ishigaki-12&13-LTE
63,-1.31,0.75,-30.0,Ishigaki-12&13-LTE
63,-1.36,0.52,-30.0,Ishigaki-12&13-LTE
63,-1.1,0.35,-30.0,Ishigaki-12&13-LTE
63,-2.17,0.5,-30.0,Ishigaki-12&13-LTE
63,-1.11,0.23,-30.0,Ishigaki-12&13-LTE
63,-1.23,0.53,-30.0,Ishigaki-12&13-LTE
63,-1.27,0.66,-30.0,Ishigaki-12&13-LTE
63,-1.27,0.33,-30.0,Ishigaki-12&13-LTE
63,-1.35,0.46,-30.0,Ishigaki-12&13-LTE
63,-1.74,0.46,-30.0,Ishigaki-12&13-LTE
63,-1.4,0.28,-30.0,Ishigaki-12&13-LTE
63,-2.14,0.11,-30.0,Ishigaki-12&13-LTE
63,-1.14,0.49,-30.0,Ishigaki-12&13-LTE
63,-1.99,0.07,-30.0,Ishigaki-12&13-LTE
63,-1.03,0.64,-30.0,Ishigaki-12&13-LTE
63,-3.06,0.9,-30.0,Ishigaki-12&13-LTE
63,-0.58,0.37,-30.0,Ishigaki-12&13-LTE
63,-2.77,0.36,-30.0,Ishigaki-12&13-LTE
63,-2.23,0.42,-30.0,Ishigaki-12&13-LTE
63,-1.34,0.25,-30.0,Ishigaki-12&13-LTE
63,-1.21,-0.48,-30.0,Ishigaki-12&13-LTE
63,-1.9,0.38,-30.0,Ishigaki-12&13-LTE
63,-1.76,0.18,-30.0,Ishigaki-12&13-LTE
63,-1.72,0.36,-30.0,Ishigaki-12&13-LTE
63,-1.37,0.4,-30.0,Ishigaki-12&13-LTE
63,-0.93,0.49,-30.0,Ishigaki-12&13-LTE
63,-1.25,0.27,-30.0,Ishigaki-12&13-LTE
63,-1.44,0.63,-30.0,Ishigaki-12&13-LTE
63,-1.4,-0.25,-30.0,Ishigaki-12&13-LTE
63,-1.94,-0.15,-30.0,Ishigaki-12&13-LTE
63,-2.19,0.48,-30.0,Ishigaki-12&13-LTE
63,-2.43,-0.03,-30.0,Ishigaki-12&13-LTE
63,-2.26,-30.0,-30.0,Ishigaki-12&13-LTE
63,-1.36,0.48,-30.0,Ishigaki-12&13-LTE
63,-1.45,0.75,-30.0,Ishigaki-12&13-LTE
63,90.0,0.55,-30.0,Ishigaki-12&13-LTE
63,-0.64,0.69,-30.0,Ishigaki-12&13-LTE
63,-1.38,-30.0,-30.0,Ishigaki-12&13-LTE
63,-2.37,-30.0,-30.0,Ishigaki-12&13-LTE
63,-2.02,-30.0,-30.0,Ishigaki-12&13-LTE
63,-1.91,-30.0,-30.0,Ishigaki-12&13-LTE
63,-1.53,-30.0,-30.0,Ishigaki-12&13-LTE
63,-1.62,0.42,-30.0,Ishigaki-12&13-LTE
63,-2.16,0.03,-30.0,Ishigaki-12&13-LTE
63,-1.47,0.39,-30.0,Ishigaki-12&13-LTE
63,-2.58,0.09,-30.0,Ishigaki-12&13-LTE
63,-3.2,1.37,-30.0,Ishigaki-12&13-LTE
63,-1.32,0.35,-30.0,Ishigaki-12&13-LTE
63,-1.87,0.78,-30.0,Ishigaki-12&13-LTE
63,-1.47,0.85,-30.0,Ishigaki-12&13-LTE
63,-1.97,0.48,-30.0,Ishigaki-12&13-LTE
63,-1.19,0.86,-30.0,Ishigaki-12&13-LTE
63,-1.23,0.53,-30.0,Ishigaki-12&13-LTE
63,-1.63,0.18,-30.0,Ishigaki-12&13-LTE
63,-1.6,0.57,-30.0,Ishigaki-12&13-LTE
63,-1.78,0.81,-30.0,Ishigaki-12&13-LTE
63,-1.06,0.77,-30.0,Ishigaki-12&13-LTE
63,-2.92,-30.0,-30.0,Ishigaki-12&13-LTE
63,-1.6,0.63,-30.0,Ishigaki-12&13-LTE
63,-2.63,0.76,-30.0,Ishigaki-12&13-LTE
63,-2.43,1.38,-30.0,Ishigaki-12&13-LTE
63,-3.21,-30.0,-30.0,Ishigaki-12&13-LTE
63,-1.13,0.24,-30.0,Ishigaki-12&13-LTE
63,-1.88,0.41,-30.0,Ishigaki-12&13-LTE
63,-1.69,0.16,-30.0,Ishigaki-12&13-LTE
63,-2.16,0.06,-30.0,Ishigaki-12&13-LTE
63,-1.23,0.3,-30.0,Ishigaki-12&13-LTE
63,-1.35,0.52,-30.0,Ishigaki-12&13-LTE
63,-1.72,0.07,-30.0,Ishigaki-12&13-LTE
63,-1.96,0.21,-30.0,Ishigaki-12&13-LTE
63,-1.92,0.21,-30.0,Ishigaki-12&13-LTE
63,-2.81,-0.15,-30.0,Ishigaki-12&13-LTE
63,-2.04,0.17,-30.0,Ishigaki-12&13-LTE
63,-1.33,0.65,-30.0,Ishigaki-12&13-LTE
63,-1.5,0.47,-30.0,Ishigaki-12&13-LTE
63,-1.56,0.48,-30.0,Ishigaki-12&13-LTE
63,-0.91,0.45,-30.0,Ishigaki-12&13-LTE
63,-0.66,0.13,-30.0,Ishigaki-12&13-LTE
63,-1.47,0.42,-30.0,Ishigaki-12&13-LTE
63,-0.72,0.33,-30.0,Ishigaki-12&13-LTE
63,-0.63,0.3,-30.0,Ishigaki-12&13-LTE
63,-0.8,0.52,-30.0,Ishigaki-12&13-LTE
63,-1.01,0.21,-30.0,Ishigaki-12&13-LTE
63,-1.45,0.3,-30.0,Ishigaki-12&13-LTE
63,-2.52,0.06,-30.0,Ishigaki-12&13-LTE
63,-2.27,0.53,-30.0,Ishigaki-12&13-LTE
63,-0.81,-0.11,-30.0,Ishigaki-12&13-LTE
63,-1.0,0.45,-30.0,Ishigaki-12&13-LTE
63,-0.83,0.08,-30.0,Ishigaki-12&13-LTE
63,-1.34,0.18,-30.0,Ishigaki-12&13-LTE
63,-1.44,-0.14,-30.0,Ishigaki-12&13-LTE
7,-2.73,0.302,-30.0,Israelian-04-LTE
7,-1.47,-0.098,-30.0,Israelian-04-LTE
7,-2.65,-0.198,-30.0,Israelian-04-LTE
7,-1.49,-0.298,-30.0,Israelian-04-LTE
7,-2.35,1.002,-30.0,Israelian-04-LTE
7,-2.16,0.202,-30.0,Israelian-04-LTE
7,-3.04,1.152,-30.0,Israelian-04-LTE
7,-2.98,0.702,-30.0,Israelian-04-LTE
7,-0.85,-0.188,-30.0,Israelian-04-LTE
7,-2.03,0.352,-30.0,Israelian-04-LTE
7,-1.73,-0.008,-30.0,Israelian-04-LTE
7,-0.89,-0.218,-30.0,Israelian-04-LTE
7,-2.05,0.002,-30.0,Israelian-04-LTE
7,-1.82,0.002,-30.0,Israelian-04-LTE
7,-1.48,0.152,-30.0,Israelian-04-LTE
7,-1.42,-0.398,-30.0,Israelian-04-LTE
7,-2.1,-0.298,-30.0,Israelian-04-LTE
7,-0.8,0.002,-30.0,Israelian-04-LTE
7,-2.46,0.052,-30.0,Israelian-04-LTE
7,-0.34,-0.098,-30.0,Israelian-04-LTE
7,-0.66,-0.098,-30.0,Israelian-04-LTE
7,-1.67,0.302,-30.0,Israelian-04-LTE
7,-0.64,-0.208,-30.0,Israelian-04-LTE
7,-1.56,0.002,-30.0,Israelian-04-LTE
7,-1.11,-0.198,-30.0,Israelian-04-LTE
7,-1.19,0.102,-30.0,Israelian-04-LTE
7,-0.94,-0.098,-30.0,Israelian-04-LTE
7,-1.04,0.102,-30.0,Israelian-04-LTE
7,-1.75,-0.298,-30.0,Israelian-04-LTE
7,-1.47,-0.498,-30.0,Israelian-04-LTE
7,-0.49,-0.148,-30.0,Israelian-04-LTE
7,0.24,0.022,-30.0,Israelian-04-LTE
7,0.29,-0.068,-30.0,Israelian-04-LTE
7,0.31,0.092,-30.0,Israelian-04-LTE
7,0.36,-0.088,-30.0,Israelian-04-LTE
7,0.14,-0.028,-30.0,Israelian-04-LTE
7,-0.12,0.082,-30.0,Israelian-04-LTE
7,0.41,0.022,-30.0,Israelian-04-LTE
7,0.33,0.102,-30.0,Israelian-04-LTE
7,0.24,-0.028,-30.0,Israelian-04-LTE
7,0.31,0.102,-30.0,Israelian-04-LTE
7,-0.2,-0.088,-30.0,Israelian-04-LTE
7,0.03,-0.008,-30.0,Israelian-04-LTE
7,0.21,0.002,-30.0,Israelian-04-LTE
7,0.38,0.032,-30.0,Israelian-04-LTE
7,0.06,0.072,-30.0,Israelian-04-LTE
8,-2.73,0.632,-30.0,Israelian-04-LTE
8,-1.47,-28.518,-30.0,Israelian-04-LTE
8,-2.65,0.882,-30.0,Israelian-04-LTE
8,-1.49,0.562,-30.0,Israelian-04-LTE
8,-2.35,0.942,-30.0,Israelian-04-LTE
8,-2.16,0.812,-30.0,Israelian-04-LTE
8,-3.04,1.172,-30.0,Israelian-04-LTE
8,-2.98,0.912,-30.0,Israelian-04-LTE
8,-0.85,0.332,-30.0,Israelian-04-LTE
8,-2.03,1.222,-30.0,Israelian-04-LTE
8,-1.73,0.742,-30.0,Israelian-04-LTE
8,-0.89,0.342,-30.0,Israelian-04-LTE
8,-2.05,0.772,-30.0,Israelian-04-LTE
8,-1.82,-28.168,-30.0,Israelian-04-LTE
8,-1.48,0.712,-30.0,Israelian-04-LTE
8,-1.42,0.372,-30.0,Israelian-04-LTE
8,-2.1,-27.888,-30.0,Israelian-04-LTE
8,-0.8,0.292,-30.0,Israelian-04-LTE
8,-2.46,0.892,-30.0,Israelian-04-LTE
8,-0.34,0.112,-30.0,Israelian-04-LTE
8,-0.66,0.042,-30.0,Israelian-04-LTE
8,-1.67,0.992,-30.0,Israelian-04-LTE
8,-0.64,-0.088,-30.0,Israelian-04-LTE
8,-1.56,0.562,-30.0,Israelian-04-LTE
8,-1.11,0.382,-30.0,Israelian-04-LTE
8,-1.19,0.522,-30.0,Israelian-04-LTE
8,-0.94,0.152,-30.0,Israelian-04-LTE
8,-1.04,0.452,-30.0,Israelian-04-LTE
8,-1.75,-28.238,-30.0,Israelian-04-LTE
8,-1.47,0.212,-30.0,Israelian-04-LTE
8,-0.49,-0.208,-30.0,Israelian-04-LTE
8,0.24,-0.208,-30.0,Israelian-04-LTE
8,0.29,-0.328,-30.0,Israelian-04-LTE
8,0.31,-0.088,-30.0,Israelian-04-LTE
8,0.36,0.092,-30.0,Israelian-04-LTE
8,0.14,-0.198,-30.0,Israelian-04-LTE
8,-0.12,0.132,-30.0,Israelian-04-LTE
8,0.41,-0.408,-30.0,Israelian-04-LTE
8,0.33,-0.238,-30.0,Israelian-04-LTE
8,0.24,-0.148,-30.0,Israelian-04-LTE
8,0.31,-0.078,-30.0,Israelian-04-LTE
8,-0.2,0.092,-30.0,Israelian-04-LTE
8,0.03,-0.088,-30.0,Israelian-04-LTE
8,0.21,-0.038,-30.0,Israelian-04-LTE
8,0.38,-0.198,-30.0,Israelian-04-LTE
8,0.06,-0.088,-30.0,Israelian-04-LTE
22,-1.95,-30.0,0.33,Ishigaki-12&13-LTE
22,-2.37,-30.0,0.3,Ishigaki-12&13-LTE
22,-1.08,-30.0,0.48,Ishigaki-12&13-LTE
22,-1.65,-30.0,0.29,Ishigaki-12&13-LTE
22,-1.49,-30.0,0.21,Ishigaki-12&13-LTE
22,-1.97,-30.0,0.5,Ishigaki-12&13-LTE
22,-1.31,-30.0,0.3,Ishigaki-12&13-LTE
22,-1.36,-30.0,0.39,Ishigaki-12&13-LTE
22,-1.1,-30.0,0.48,Ishigaki-12&13-LTE
22,-2.17,-30.0,0.58,Ishigaki-12&13-LTE
22,-1.11,-30.0,0.43,Ishigaki-12&13-LTE
22,-1.23,-30.0,0.38,Ishigaki-12&13-LTE
22,-1.27,-30.0,0.41,Ishigaki-12&13-LTE
22,-1.27,-30.0,0.45,Ishigaki-12&13-LTE
22,-1.35,-30.0,0.47,Ishigaki-12&13-LTE
22,-1.74,-30.0,0.51,Ishigaki-12&13-LTE
22,-1.4,-30.0,0.4,Ishigaki-12&13-LTE
22,-2.14,-30.0,0.45,Ishigaki-12&13-LTE
22,-1.14,-30.0,0.32,Ishigaki-12&13-LTE
22,-1.99,-30.0,0.48,Ishigaki-12&13-LTE
22,-1.03,-30.0,0.42,Ishigaki-12&13-LTE
22,-3.06,-30.0,0.51,Ishigaki-12&13-LTE
22,-0.58,-30.0,0.35,Ishigaki-12&13-LTE
22,-2.77,-30.0,0.18,Ishigaki-12&13-LTE
22,-2.23,-30.0,0.25,Ishigaki-12&13-LTE
22,-1.34,-30.0,0.42,Ishigaki-12&13-LTE
22,-1.21,-30.0,-30.0,Ishigaki-12&13-LTE
22,-1.9,-30.0,0.35,Ishigaki-12&13-LTE
22,-1.76,-30.0,0.32,Ishigaki-12&13-LTE
22,-1.72,-30.0,0.38,Ishigaki-12&13-LTE
22,-1.37,-30.0,0.4,Ishigaki-12&13-LTE
22,-0.93,-30.0,0.35,Ishigaki-12&13-LTE
22,-1.25,-30.0,0.43,Ishigaki-12&13-LTE
22,-1.44,-30.0,0.32,Ishigaki-12&13-LTE
22,-1.4,-30.0,0.33,Ishigaki-12&13-LTE
22,-1.94,-30.0,0.35,Ishigaki-12&13-LTE
22,-2.19,-30.0,0.36,Ishigaki-12&13-LTE
22,-2.43,-30.0,0.3,Ishigaki-12&13-LTE
22,-2.26,-30.0,0.58,Ishigaki-12&13-LTE
22,-1.36,-30.0,0.44,Ishigaki-12&13-LTE
22,-1.45,-30.0,0.44,Ishigaki-12&13-LTE
22,90.0,-30.0,5555.0,Ishigaki-12&13-LTE
22,-0.64,-30.0,0.43,Ishigaki-12&13-LTE
22,-1.38,-30.0,0.38,Ishigaki-12&13-LTE
22,-2.37,-30.0,0.28,Ishigaki-12&13-LTE
22,-2.02,-30.0,0.24,Ishigaki-12&13-LTE
22,-1.91,-30.0,0.24,Ishigaki-12&13-LTE
22,-1.53,-30.0,0.03,Ishigaki-12&13-LTE
22,-1.62,-30.0,0.34,Ishigaki-12&13-LTE
22,-2.16,-30.0,0.25,Ishigaki-12&13-LTE
22,-1.47,-30.0,0.43,Ishigaki-12&13-LTE
22,-2.58,-30.0,0.24,Ishigaki-12&13-LTE
22,-3.2,-30.0,0.6,Ishigaki-12&13-LTE
22,-1.32,-30.0,0.4,Ishigaki-12&13-LTE
22,-1.87,-30.0,0.56,Ishigaki-12&13-LTE
22,-1.47,-30.0,0.36,Ishigaki-12&13-LTE
22,-1.97,-30.0,0.48,Ishigaki-12&13-LTE
22,-1.19,-30.0,0.47,Ishigaki-12&13-LTE
22,-1.23,-30.0,0.38,Ishigaki-12&13-LTE
22,-1.63,-30.0,0.39,Ishigaki-12&13-LTE
22,-1.6,-30.0,0.33,Ishigaki-12&13-LTE
22,-1.78,-30.0,0.43,Ishigaki-12&13-LTE
22,-1.06,-30.0,0.4,Ishigaki-12&13-LTE
22,-2.92,-30.0,0.57,Ishigaki-12&13-LTE
22,-1.6,-30.0,0.35,Ishigaki-12&13-LTE
22,-2.63,-30.0,0.59,Ishigaki-12&13-LTE
22,-2.43,-30.0,0.72,Ishigaki-12&13-LTE
22,-3.21,-30.0,0.64,Ishigaki-12&13-LTE
22,-1.13,-30.0,0.4,Ishigaki-12&13-LTE
22,-1.88,-30.0,0.08,Ishigaki-12&13-LTE
22,-1.69,-30.0,0.09,Ishigaki-12&13-LTE
22,-2.16,-30.0,0.36,Ishigaki-12&13-LTE
22,-1.23,-30.0,0.25,Ishigaki-12&13-LTE
22,-1.35,-30.0,0.33,Ishigaki-12&13-LTE
22,-1.72,-30.0,0.22,Ishigaki-12&13-LTE
22,-1.96,-30.0,0.13,Ishigaki-12&13-LTE
22,-1.92,-30.0,0.26,Ishigaki-12&13-LTE
22,-2.81,-30.0,0.24,Ishigaki-12&13-LTE
22,-2.04,-30.0,0.27,Ishigaki-12&13-LTE
22,-1.33,-30.0,0.45,Ishigaki-12&13-LTE
22,-1.5,-30.0,0.2,Ishigaki-12&13-LTE
22,-1.56,-30.0,0.46,Ishigaki-12&13-LTE
22,-0.91,-30.0,0.48,Ishigaki-12&13-LTE
22,-0.66,-30.0,0.39,Ishigaki-12&13-LTE
22,-1.47,-30.0,0.3,Ishigaki-12&13-LTE
22,-0.72,-30.0,0.39,Ishigaki-12&13-LTE
22,-0.63,-30.0,0.48,Ishigaki-12&13-LTE
22,-0.8,-30.0,0.51,Ishigaki-12&13-LTE
22,-1.01,-30.0,0.47,Ishigaki-12&13-LTE
22,-1.45,-30.0,0.35,Ishigaki-12&13-LTE
22,-2.52,-30.0,0.38,Ishigaki-12&13-LTE
22,-2.27,-30.0,0.34,Ishigaki-12&13-LTE
22,-0.81,-30.0,0.38,Ishigaki-12&13-LTE
22,-1.0,-30.0,0.43,Ishigaki-12&13-LTE
22,-0.83,-30.0,0.35,Ishigaki-12&13-LTE
22,-1.34,-30.0,0.28,Ishigaki-12&13-LTE
22,-1.44,-30.0,0.27,Ishigaki-12&13-LTE
24,-1.95,-30.0,-30.0,Ishigaki-12&13-LTE
24,-2.37,-30.0,-30.0,Ishigaki-12&13-LTE
24,-1.08,-30.0,-30.0,Ishigaki-12&13-LTE
24,-1.65,-30.0,-30.0,Ishigaki-12&13-LTE
24,-1.49,-30.0,0.11,Ishigaki-12&13-LTE
24,-1.97,-30.0,0.23,Ishigaki-12&13-LTE
24,-1.31,-30.0,0.15,Ishigaki-12&13-LTE
24,-1.36,-30.0,0.15,Ishigaki-12&13-LTE
24,-1.1,-30.0,0.2,Ishigaki-12&13-LTE
24,-2.17,-30.0,-30.0,Ishigaki-12&13-LTE
24,-1.11,-30.0,0.23,Ishigaki-12&13-LTE
24,-1.23,-30.0,0.18,Ishigaki-12&13-LTE
24,-1.27,-30.0,0.15,Ishigaki-12&13-LTE
24,-1.27,-30.0,0.19,Ishigaki-12&13-LTE
24,-1.35,-30.0,0.22,Ishigaki-12&13-LTE
24,-1.74,-30.0,0.27,Ishigaki-12&13-LTE
24,-1.4,-30.0,0.09,Ishigaki-12&13-LTE
24,-2.14,-30.0,0.17,Ishigaki-12&13-LTE
24,-1.14,-30.0,0.17,Ishigaki-12&13-LTE
24,-1.99,-30.0,0.15,Ishigaki-12&13-LTE
24,-1.03,-30.0,0.18,Ishigaki-12&13-LTE
24,-3.06,-30.0,-30.0,Ishigaki-12&13-LTE
24,-0.58,-30.0,0.15,Ishigaki-12&13-LTE
24,-2.77,-30.0,0.16,Ishigaki-12&13-LTE
24,-2.23,-30.0,0.13,Ishigaki-12&13-LTE
24,-1.34,-30.0,0.18,Ishigaki-12&13-LTE
24,-1.21,-30.0,0.03,Ishigaki-12&13-LTE
24,-1.9,-30.0,0.13,Ishigaki-12&13-LTE
24,-1.76,-30.0,0.07,Ishigaki-12&13-LTE
24,-1.72,-30.0,0.14,Ishigaki-12&13-LTE
24,-1.37,-30.0,0.17,Ishigaki-12&13-LTE
24,-0.93,-30.0,0.18,Ishigaki-12&13-LTE
24,-1.25,-30.0,0.19,Ishigaki-12&13-LTE
24,-1.44,-30.0,0.17,Ishigaki-12&13-LTE
24,-1.4,-30.0,0.02,Ishigaki-12&13-LTE
24,-1.94,-30.0,0.19,Ishigaki-12&13-LTE
24,-2.19,-30.0,0.15,Ishigaki-12&13-LTE
24,-2.43,-30.0,0.21,Ishigaki-12&13-LTE
24,-2.26,-30.0,0.3,Ishigaki-12&13-LTE
24,-1.36,-30.0,0.2,Ishigaki-12&13-LTE
24,-1.45,-30.0,0.25,Ishigaki-12&13-LTE
24,90.0,-30.0,0.15,Ishigaki-12&13-LTE
24,-0.64,-30.0,0.14,Ishigaki-12&13-LTE
24,-1.38,-30.0,-30.0,Ishigaki-12&13-LTE
24,-2.37,-30.0,-30.0,Ishigaki-12&13-LTE
24,-2.02,-30.0,-30.0,Ishigaki-12&13-LTE
24,-1.91,-30.0,-30.0,Ishigaki-12&13-LTE
24,-1.53,-30.0,-30.0,Ishigaki-12&13-LTE
24,-1.62,-30.0,0.18,Ishigaki-12&13-LTE
24,-2.16,-30.0,0.09,Ishigaki-12&13-LTE
24,-1.47,-30.0,0.14,Ishigaki-12&13-LTE
24,-2.58,-30.0,0.08,Ishigaki-12&13-LTE
24,-3.2,-30.0,-30.0,Ishigaki-12&13-LTE
24,-1.32,-30.0,0.21,Ishigaki-12&13-LTE
24,-1.87,-30.0,-30.0,Ishigaki-12&13-LTE
24,-1.47,-30.0,0.27,Ishigaki-12&13-LTE
24,-1.97,-30.0,0.13,Ishigaki-12&13-LTE
24,-1.19,-30.0,0.2,Ishigaki-12&13-LTE
24,-1.23,-30.0,0.18,Ishigaki-12&13-LTE
24,-1.63,-30.0,0.28,Ishigaki-12&13-LTE
24,-1.6,-30.0,0.21,Ishigaki-12&13-LTE
24,-1.78,-30.0,0.14,Ishigaki-12&13-LTE
24,-1.06,-30.0,0.11,Ishigaki-12&13-LTE
24,-2.92,-30.0,-30.0,Ishigaki-12&13-LTE
24,-1.6,-30.0,0.11,Ishigaki-12&13-LTE
24,-2.63,-30.0,-30.0,Ishigaki-12&13-LTE
24,-2.43,-30.0,-30.0,Ishigaki-12&13-LTE
24,-3.21,-30.0,-30.0,Ishigaki-12&13-LTE
24,-1.13,-30.0,0.21,Ishigaki-12&13-LTE
24,-1.88,-30.0,0.05,Ishigaki-12&13-LTE
24,-1.69,-30.0,0.06,Ishigaki-12&13-LTE
24,-2.16,-30.0,0.18,Ishigaki-12&13-LTE
24,-1.23,-30.0,0.24,Ishigaki-12&13-LTE
24,-1.35,-30.0,0.16,Ishigaki-12&13-LTE
24,-1.72,-30.0,0.15,Ishigaki-12&13-LTE
24,-1.96,-30.0,0.1,Ishigaki-12&13-LTE
24,-1.92,-30.0,0.1,Ishigaki-12&13-LTE
24,-2.81,-30.0,-30.0,Ishigaki-12&13-LTE
24,-2.04,-30.0,0.2,Ishigaki-12&13-LTE
24,-1.33,-30.0,0.15,Ishigaki-12&13-LTE
24,-1.5,-30.0,0.14,Ishigaki-12&13-LTE
24,-1.56,-30.0,0.22,Ishigaki-12&13-LTE
24,-0.91,-30.0,0.23,Ishigaki-12&13-LTE
24,-0.66,-30.0,0.23,Ishigaki-12&13-LTE
24,-1.47,-30.0,0.23,Ishigaki-12&13-LTE
24,-0.72,-30.0,0.2,Ishigaki-12&13-LTE
24,-0.63,-30.0,0.21,Ishigaki-12&13-LTE
24,-0.8,-30.0,0.18,Ishigaki-12&13-LTE
24,-1.01,-30.0,0.18,Ishigaki-12&13-LTE
24,-1.45,-30.0,0.18,Ishigaki-12&13-LTE
24,-2.52,-30.0,0.18,Ishigaki-12&13-LTE
24,-2.27,-30.0,0.13,Ishigaki-12&13-LTE
24,-0.81,-30.0,0.23,Ishigaki-12&13-LTE
24,-1.0,-30.0,0.2,Ishigaki-12&13-LTE
24,-0.83,-30.0,0.11,Ishigaki-12&13-LTE
24,-1.34,-30.0,0.08,Ishigaki-12&13-LTE
24,-1.44,-30.0,0.33,Ishigaki-12&13-LTE