elemZ,[Fe/H]sun by mass (Asplund09),[X/Fe]sun by mass(Neutral),[X/Fe]sun by mass(Ionized),paperName
9, 0.27  ,0.267438884,-30,Ryde-20
9, -0.17  ,-0.072561116,-30,Ryde-20
9, -0.17  ,-0.002561116,-30,Ryde-20
9, 0.29  ,0.267438884,-30,Ryde-20
9, -0.21  ,0.027438884,-30,Ryde-20
9, 0.37  ,0.257438884,-30,Ryde-20
9, -0.52  ,0.047438884,-30,Ryde-20
9, -0.10  ,-0.102561116,-30,Ryde-20
9, -0.13  ,-0.192561116,-30,Ryde-20
9, -0.43  ,0.027438884,-30,Ryde-20
9, -0.41  ,-0.052561116,-30,Ryde-20
9, 0.20  ,0.197438884,-30,Ryde-20
9, 0.26  ,0.147438884,-30,Ryde-20
9, 0.33  ,0.327438884,-30,Ryde-20
9, -0.05  ,-0.002561116,-30,Ryde-20
9, 0.10  ,0.147438884,-30,Ryde-20
9, -0.11  ,-0.092561116,-30,Ryde-20
9, -0.24  ,-0.072561116,-30,Ryde-20
9, 0.06  ,0.017438884,-30,Ryde-20
9, -0.25  ,-0.132561116,-30,Ryde-20
9, -0.47  ,-0.172561116,-30,Ryde-20
9, -0.15  ,0.007438884,-30,Ryde-20
9, -0.12  ,-0.232561116,-30,Ryde-20
9, -0.09  ,-0.012561116,-30,Ryde-20
9, -0.18  ,0.147438884,-30,Ryde-20
9, 0.08  ,0.177438884,-30,Ryde-20
9, -0.31  ,-0.232561116,-30,Ryde-20
9, -0.25  ,0.117438884,-30,Ryde-20
9, -0.26  ,-0.122561116,-30,Ryde-20
9, -0.09  ,0.137438884,-30,Ryde-20
9, -0.24  ,-0.082561116,-30,Ryde-20
9, -0.19  ,0.087438884,-30,Ryde-20
9, -0.29  ,0.037438884,-30,Ryde-20
9, -0.17  ,-0.032561116,-30,Ryde-20
9, -0.18  ,-0.022561116,-30,Ryde-20
9, -0.20  ,-0.032561116,-30,Ryde-20
9, -0.31  ,0.097438884,-30,Ryde-20
9, -0.22  ,-0.182561116,-30,Ryde-20
9, -0.21  ,-0.222561116,-30,Ryde-20
9, -0.02  ,0.107438884,-30,Ryde-20
9, -0.08  ,-0.142561116,-30,Ryde-20
9,-0.28,0.137438884,-30,Ryde-20
9,-0.09,-0.062561116,-30,Ryde-20
9,-0.87,0.187438884,-30,Ryde-20
9,-0.43,-0.102561116,-30,Ryde-20
9,-0.45,0.067438884,-30,Ryde-20
9,-0.37,-0.062561116,-30,Ryde-20
9,-0.48,-0.112561116,-30,Ryde-20
9,0.03,0.197438884,-30,Ryde-20
9,0.28,0.157438884,-30,Ryde-20
9,0.23,0.107438884,-30,Ryde-20
8, 0.27  , -0.08 ,-30,Ryde-20
8, -0.17  ,  0.18 ,-30,Ryde-20
8, -0.17  ,  0.2  ,-30,Ryde-20
8, 0.29  ,  0.04 ,-30,Ryde-20
8, -0.21  ,  0.24 ,-30,Ryde-20
8, 0.37  , -0.15 ,-30,Ryde-20
8, -0.52  ,  0.47 ,-30,Ryde-20
8, -0.10  ,  0.1  ,-30,Ryde-20
8, -0.13  ,  0.15 ,-30,Ryde-20
8, -0.43  ,  0.26 ,-30,Ryde-20
8, -0.41  ,  0.3  ,-30,Ryde-20
8, 0.20  ,  0.07 ,-30,Ryde-20
8, 0.26  ,  0.03 ,-30,Ryde-20
8, 0.33  ,  0.   ,-30,Ryde-20
8, -0.05  ,  0.16 ,-30,Ryde-20
8, 0.10  ,  0.11 ,-30,Ryde-20
8, -0.11  ,  0.15 ,-30,Ryde-20
8, -0.24  ,  0.17 ,-30,Ryde-20
8, 0.06  ,  0.12 ,-30,Ryde-20
8, -0.25  ,  0.16 ,-30,Ryde-20
8, -0.47  ,  0.32 ,-30,Ryde-20
8, -0.15  ,  0.21 ,-30,Ryde-20
8, -0.12  ,  0.15 ,-30,Ryde-20
8, -0.09  ,  0.12 ,-30,Ryde-20
8, -0.18  ,  0.25 ,-30,Ryde-20
8, 0.08  ,  0.09 ,-30,Ryde-20
8, -0.31  ,  0.17 ,-30,Ryde-20
8, -0.25  ,  0.37 ,-30,Ryde-20
8, -0.26  ,  0.15 ,-30,Ryde-20
8, -0.09  ,  0.13 ,-30,Ryde-20
8, -0.24  ,  0.18 ,-30,Ryde-20
8, -0.19  ,  0.12 ,-30,Ryde-20
8, -0.29  ,  0.19 ,-30,Ryde-20
8, -0.17  ,  0.1  ,-30,Ryde-20
8, -0.18  ,  0.11 ,-30,Ryde-20
8, -0.20  ,  0.18 ,-30,Ryde-20
8, -0.31  ,  0.18 ,-30,Ryde-20
8, -0.22  ,  0.19 ,-30,Ryde-20
8, -0.21  ,  0.16 ,-30,Ryde-20
8, -0.02  ,  0.08 ,-30,Ryde-20
8, -0.08  ,  0.1  ,-30,Ryde-20
8,-0.28,0.17,-30,Ryde-20
8,-0.09,0.14,-30,Ryde-20
8,-0.87,0.54,-30,Ryde-20
8,-0.43,0.22,-30,Ryde-20
8,-0.45,0.5,-30,Ryde-20
8,-0.37,0.43,-30,Ryde-20
8,-0.48,0.25,-30,Ryde-20
8,0.03,0.17,-30,Ryde-20
8,0.28,-0.01,-30,Ryde-20
8,0.23,0.02,-30,Ryde-20
58, 0.27  , -0.15 ,-30,Ryde-20
58, -0.17  , -0.11 ,-30,Ryde-20
58, -0.17  , -0.1  ,-30,Ryde-20
58, 0.29  , -0.02   ,-30,Ryde-20
58, -0.21  , 0.12  ,-30,Ryde-20
58, 0.37  , -0.14  ,-30,Ryde-20
58, -0.52  , -0.15  ,-30,Ryde-20
58, -0.10  , -0.08  ,-30,Ryde-20
58, -0.13  , -0.02 ,-30,Ryde-20
58, -0.43  , -0.09  ,-30,Ryde-20
58, -0.41  , 0.02   ,-30,Ryde-20
58, 0.20  , 0.12  ,-30,Ryde-20
58, 0.26  , -0.1   ,-30,Ryde-20
58, 0.33  , -0.02  ,-30,Ryde-20
58, -0.05  , -0.14  ,-30,Ryde-20
58, 0.10  , -0.11   ,-30,Ryde-20
58, -0.11  , 0.00    ,-30,Ryde-20
58, -0.24  , -0.01 ,-30,Ryde-20
58, 0.06  , -0.22   ,-30,Ryde-20
58, -0.25  , 0.02  ,-30,Ryde-20
58, -0.47  , -0.02  ,-30,Ryde-20
58, -0.15  , -0.09  ,-30,Ryde-20
58, -0.12  , -0.03  ,-30,Ryde-20
58, -0.09  , -0.06   ,-30,Ryde-20
58, -0.18  , 0.01  ,-30,Ryde-20
58, 0.08  , -0.12   ,-30,Ryde-20
58, -0.31  , 0.18 ,-30,Ryde-20
58, -0.25  , -0.03  ,-30,Ryde-20
58, -0.26  , 0.06   ,-30,Ryde-20
58, -0.09  , 0.07  ,-30,Ryde-20
58, -0.24  , -0.05  ,-30,Ryde-20
58, -0.19  , -0.1    ,-30,Ryde-20
58, -0.29  , 0.03   ,-30,Ryde-20
58, -0.17  , 0.00     ,-30,Ryde-20
58, -0.18  , 0.02  ,-30,Ryde-20
58, -0.20  , -0.07 ,-30,Ryde-20
58, -0.31  , 0.01   ,-30,Ryde-20
58, -0.22  , 0.14   ,-30,Ryde-20
58, -0.21  , 0.03  ,-30,Ryde-20
58, -0.02  , -0.09  ,-30,Ryde-20
58, -0.08  , -0.07 ,-30,Ryde-20
58,-0.28,-0.06,-30,Ryde-20
58,-0.09,-0.02,-30,Ryde-20
58,-0.87,0,-30,Ryde-20
58,-0.43,-0.05,-30,Ryde-20
58,-0.45,-0.05,-30,Ryde-20
58,-0.37,-0.09,-30,Ryde-20
58,-0.48,0.08,-30,Ryde-20
58,0.03,-0.07,-30,Ryde-20
58,0.28,-0.09,-30,Ryde-20
58,0.23,-0.09,-30,Ryde-20
