elemZ,[Fe/H]sun by mass (Asplund09),[X/Fe]sun by mass(Neutral),[X/Fe]sun by mass(Ionized),paperName
8,-1.53,  0.40 ,-30,Venn-12
11,-1.53,  -0.25 ,-30,Venn-12
12,-1.53,  0.19 ,-30,Venn-12
14,-1.53,  -30.0              ,-30,Venn-12
20,-1.53,  0.16 ,-30,Venn-12
21,-1.53,-30, 0.06 ,Venn-12
22,-1.53,  0.23 ,-30,Venn-12
22,-1.53,-30, 0.18 ,Venn-12
23,-1.53, 0.01 ,-30,Venn-12
24,-1.53, 0.00 ,-30,Venn-12
25,-1.53, -0.27 ,-30,Venn-12
27,-1.53, -0.13 ,-30,Venn-12
28,-1.53, -0.07 ,-30,Venn-12
29,-1.53, -0.47 ,-30,Venn-12
30,-1.53, 0.16 ,-30,Venn-12
39,-1.53,-30, -0.32 ,Venn-12
56,-1.53,-30, 0.16 ,Venn-12
57,-1.53,-30, 0.48 ,Venn-12
60,-1.53,-30, 0.63 ,Venn-12
63,-1.53,-30, 0.47 ,Venn-12
8,-1.75,  0.41 ,-30,Venn-12
11,-1.75,  -0.26                 ,-30,Venn-12
12,-1.75,  0.27 ,-30,Venn-12
14,-1.75,  0.60 ,-30,Venn-12
20,-1.75,  0.10 ,-30,Venn-12
21,-1.75,-30, -0.08 ,Venn-12
22,-1.75, -0.02 ,-30,Venn-12
22,-1.75,-30,  0.03 ,Venn-12
23,-1.75,  0.21 ,-30,Venn-12
24,-1.75, -0.09 ,-30,Venn-12
25,-1.75, -0.34 ,-30,Venn-12
27,-1.75, -0.27 ,-30,Venn-12
28,-1.75, -0.08 ,-30,Venn-12
29,-1.75,  -0.85                ,-30,Venn-12
30,-1.75, -0.17 ,-30,Venn-12
39,-1.75,-30, -0.46 ,Venn-12
56,-1.75,-30,  0.09 ,Venn-12
57,-1.75,-30,  0.55 ,Venn-12
60,-1.75,-30,  0.52 ,Venn-12
63,-1.75,-30,   0.63           ,Venn-12
8,-1.3,   0.09      ,-30,Venn-12
11,-1.3,  -0.72     ,-30,Venn-12
12,-1.3, -0.50 ,-30,Venn-12
14,-1.3, 0.13 ,-30,Venn-12
20,-1.3, -0.17 ,-30,Venn-12
21,-1.3,-30, -0.74 ,Venn-12
22,-1.3, -0.42 ,-30,Venn-12
22,-1.3,-30, -0.29 ,Venn-12
23,-1.3, -0.67 ,-30,Venn-12
24,-1.3, -0.20 ,-30,Venn-12
25,-1.3, -0.51 ,-30,Venn-12
27,-1.3, -0.86        ,-30,Venn-12
28,-1.3, -0.46 ,-30,Venn-12
29,-1.3, -1.60       ,-30,Venn-12
30,-1.3, -0.83 ,-30,Venn-12
39,-1.3,-30, -1.37 ,Venn-12
56,-1.3,-30, -0.64 ,Venn-12
57,-1.3,-30,  0.11        ,Venn-12
60,-1.3,-30, -0.56 ,Venn-12
63,-1.3,-30,  0.26        ,Venn-12
8,-1.35, 0.12                 ,-30,Venn-12
11,-1.35,  -0.22 ,-30,Venn-12
12,-1.35, 0.13 ,-30,Venn-12
14,-1.35, 0.23 ,-30,Venn-12
20,-1.35, 0.11 ,-30,Venn-12
21,-1.35,-30,  -0.03 ,Venn-12
22,-1.35, 0.02 ,-30,Venn-12
22,-1.35,-30,  -0.01 ,Venn-12
23,-1.35, 0.02 ,-30,Venn-12
24,-1.35,  -0.23 ,-30,Venn-12
25,-1.35,  -0.30 ,-30,Venn-12
27,-1.35,  -0.26 ,-30,Venn-12
28,-1.35,  -0.04 ,-30,Venn-12
29,-1.35,  -0.80 ,-30,Venn-12
30,-1.35,  -0.05 ,-30,Venn-12
39,-1.35,-30,  -0.63 ,Venn-12
56,-1.35,-30,  -0.61 ,Venn-12
57,-1.35,-30, 0.15                ,Venn-12
60,-1.35,-30, 0.26 ,Venn-12
63,-1.35,-30, 0.31                 ,Venn-12
8,-2.15,  -30.0              ,-30,Venn-12
11,-2.15,  0.04 ,-30,Venn-12
12,-2.15,  0.42 ,-30,Venn-12
14,-2.15,  0.45 ,-30,Venn-12
20,-2.15,  0.24 ,-30,Venn-12
21,-2.15,-30,  0.15 ,Venn-12
22,-2.15,  0.27 ,-30,Venn-12
22,-2.15,-30,  0.13 ,Venn-12
23,-2.15,  0.41 ,-30,Venn-12
24,-2.15,  0.08 ,-30,Venn-12
25,-2.15,  0.02 ,-30,Venn-12
27,-2.15,  0.02 ,-30,Venn-12
28,-2.15,  0.03 ,-30,Venn-12
29,-2.15, -0.55 ,-30,Venn-12
30,-2.15,  -30.0              ,-30,Venn-12
39,-2.15,-30, -0.27 ,Venn-12
56,-2.15,-30, -0.17 ,Venn-12
57,-2.15,-30,  -30.0              ,Venn-12
60,-2.15,-30,  0.27 ,Venn-12
63,-2.15,-30,  0.63                  ,Venn-12
8,-1.3,  0.08  ,-30,Venn-12
11,-1.3,   -0.25 ,-30,Venn-12
12,-1.3,  0.09 ,-30,Venn-12
14,-1.3,  0.06 ,-30,Venn-12
20,-1.3,   -0.06 ,-30,Venn-12
21,-1.3,-30,   -0.24 ,Venn-12
22,-1.3,  0.27 ,-30,Venn-12
22,-1.3,-30,  0.11 ,Venn-12
23,-1.3,  0.09 ,-30,Venn-12
24,-1.3,  0.25 ,-30,Venn-12
25,-1.3,   -0.51 ,-30,Venn-12
27,-1.3,   -0.01 ,-30,Venn-12
28,-1.3,   -0.10 ,-30,Venn-12
29,-1.3,    -30.0   ,-30,Venn-12
30,-1.3,   -0.46 ,-30,Venn-12
39,-1.3,-30,   -0.32 ,Venn-12
56,-1.3,-30,   -0.15 ,Venn-12
57,-1.3,-30,  0.14  ,Venn-12
60,-1.3,-30,  0.11 ,Venn-12
63,-1.3,-30,  0.33 ,Venn-12
6,-2.81,-1.02,-30,Venn-12
8,-2.81,  1.55                 ,-30,Venn-12
11,-2.81, -0.82 ,-30,Venn-12
12,-2.81, 0.48 ,-30,Venn-12
14,-2.81,  1.70                 ,-30,Venn-12
20,-2.81, -0.03 ,-30,Venn-12
21,-2.81,-30, -0.01 ,Venn-12
22,-2.81, 0.65 ,-30,Venn-12
22,-2.81,-30, 0.29 ,Venn-12
23,-2.81, 0.72 ,-30,Venn-12
24,-2.81, -0.82 ,-30,Venn-12
25,-2.81, -0.72 ,-30,Venn-12
27,-2.81,  1.11                 ,-30,Venn-12
28,-2.81, 0.36 ,-30,Venn-12
29,-2.81,   0.37                ,-30,Venn-12
30,-2.81,   0.66                ,-30,Venn-12
38,-2.81,-30, -1.56 ,Venn-12
39,-2.81,-30,  -0.05               ,Venn-12
40,-2.81,-30,   0.24                ,Venn-12
56,-2.81,-30, -1.07 ,Venn-12
57,-2.81,-30,   1.77                ,Venn-12
60,-2.81,-30,   0.99                ,Venn-12
63,-2.81,-30,   1.85                ,Venn-12
6,-2.15,-0.98,-30,Venn-12
8,-2.15,  0.90                  ,-30,Venn-12
11,-2.15, -1.18 ,-30,Venn-12
12,-2.15, -0.36 ,-30,Venn-12
14,-2.15,  1.01                 ,-30,Venn-12
20,-2.15, -0.01 ,-30,Venn-12
21,-2.15,-30, -0.20 ,Venn-12
22,-2.15, -0.08 ,-30,Venn-12
22,-2.15,-30, 0.04 ,Venn-12
23,-2.15, -0.26 ,-30,Venn-12
24,-2.15, -0.47 ,-30,Venn-12
25,-2.15, -0.81 ,-30,Venn-12
27,-2.15,   0.31                ,-30,Venn-12
28,-2.15,0.18,-30,Venn-12
29,-2.15, -0.43                ,-30,Venn-12
30,-2.15,  0.01                 ,-30,Venn-12
38,-2.15,-30,-30,Venn-12
39,-2.15,-30,  -0.69               ,Venn-12
40,-2.15,-30,  -0.41               ,Venn-12
56,-2.15,-30,-1.12,Venn-12
57,-2.15,-30,   1.15                ,Venn-12
60,-2.15,-30,   0.34                ,Venn-12
63,-2.15,-30,0.13,Venn-12
6,-2.86,-1.07,-30,Venn-12
8,-2.86,   1.61  ,-30,Venn-12
11,-2.86,  -0.45 ,-30,Venn-12
12,-2.86, 0.22 ,-30,Venn-12
14,-2.86,   1.76  ,-30,Venn-12
20,-2.86, 0.18 ,-30,Venn-12
21,-2.86,-30, 0.10 ,Venn-12
22,-2.86, 0.11 ,-30,Venn-12
22,-2.86,-30, 0.39 ,Venn-12
23,-2.86, -30.0 ,-30,Venn-12
24,-2.86,  -0.34 ,-30,Venn-12
25,-2.86,  -0.33 ,-30,Venn-12
27,-2.86,  -0.26 ,-30,Venn-12
28,-2.86,0.35,-30,Venn-12
29,-2.86,   0.39  ,-30,Venn-12
30,-2.86,   0.77  ,-30,Venn-12
38,-2.86,-30,-1.21,Venn-12
39,-2.86,-30,  -0.12  ,Venn-12
40,-2.86,-30,   0.36  ,Venn-12
56,-2.86,-30,-0.98,Venn-12
57,-2.86,-30,    1.75  ,Venn-12
60,-2.86,-30,    1.09  ,Venn-12
63,-2.86,-30,   1.90  ,Venn-12
