elemZ,[Fe/H]sun by mass (Asplund09),[X/Fe]sun by mass(Neutral),[X/Fe]sun by mass(Ionized),paperName
6,-2.92,0.16,-30.0,Yong-13
6,-1.0,1.07,-30.0,Yong-13
6,-2.8,0.36,-30.0,Yong-13
6,-2.95,0.4,-30.0,Yong-13
6,-2.82,-30.0,-30.0,Yong-13
6,-3.32,1.18,-30.0,Yong-13
6,-3.05,0.56,-30.0,Yong-13
6,-2.28,2.0,-30.0,Yong-13
6,-2.74,-30.0,-30.0,Yong-13
6,-2.31,-0.5,-30.0,Yong-13
6,-2.65,0.58,-30.0,Yong-13
6,-2.6,2.32,-30.0,Yong-13
6,-3.0,2.72,-30.0,Yong-13
6,-2.67,2.12,-30.0,Yong-13
6,-3.04,0.11,-30.0,Yong-13
6,-4.15,-0.33,-30.0,Yong-13
6,-3.68,1.81,-30.0,Yong-13
6,-2.59,-30.0,-30.0,Yong-13
6,-4.08,0.86,-30.0,Yong-13
6,-2.93,0.3,-30.0,Yong-13
6,-2.74,-0.67,-30.0,Yong-13
6,-2.9,-30.0,-30.0,Yong-13
6,-3.28,1.31,-30.0,Yong-13
6,-2.75,-30.0,-30.0,Yong-13
6,-3.17,0.42,-30.0,Yong-13
6,-5.54,3.85,-30.0,Yong-13
6,-2.65,-30.0,-30.0,Yong-13
6,-2.39,0.41,-30.0,Yong-13
6,-3.14,-30.0,-30.0,Yong-13
6,-2.64,-0.13,-30.0,Yong-13
6,-2.7,0.37,-30.0,Yong-13
6,-2.75,0.16,-30.0,Yong-13
6,-3.02,-30.0,-30.0,Yong-13
6,-3.79,0.62,-30.0,Yong-13
6,-4.0,1.13,-30.0,Yong-13
6,-4.09,1.57,-30.0,Yong-13
6,-2.67,-30.0,-30.0,Yong-13
6,-2.32,1.82,-30.0,Yong-13
6,-3.46,0.84,-30.0,Yong-13
6,-3.05,-30.0,-30.0,Yong-13
6,-2.52,2.1,-30.0,Yong-13
6,-2.95,2.38,-30.0,Yong-13
6,-3.57,-30.0,-30.0,Yong-13
6,-3.75,1.88,-30.0,Yong-13
6,-3.75,1.98,-30.0,Yong-13
6,-3.1,1.64,-30.0,Yong-13
6,-2.56,0.56,-30.0,Yong-13
6,-3.48,0.31,-30.0,Yong-13
6,-3.3,-30.0,-30.0,Yong-13
6,-3.01,1.64,-30.0,Yong-13
6,-3.54,0.4,-30.0,Yong-13
6,-2.99,0.37,-30.0,Yong-13
6,-2.95,-30.0,-30.0,Yong-13
6,-3.58,0.25,-30.0,Yong-13
6,-3.77,0.0,-30.0,Yong-13
6,-2.86,1.49,-30.0,Yong-13
6,-2.6,2.25,-30.0,Yong-13
6,-3.41,2.14,-30.0,Yong-13
6,-3.41,2.34,-30.0,Yong-13
6,-1.68,1.14,-30.0,Yong-13
6,-2.98,0.38,-30.0,Yong-13
6,-2.95,-0.24,-30.0,Yong-13
6,-3.07,-0.54,-30.0,Yong-13
6,-2.77,1.38,-30.0,Yong-13
6,-2.7,0.59,-30.0,Yong-13
6,-1.32,1.29,-30.0,Yong-13
6,-2.4,-30.0,-30.0,Yong-13
6,-4.81,1.65,-30.0,Yong-13
6,-2.96,1.39,-30.0,Yong-13
6,-2.98,2.82,-30.0,Yong-13
6,-2.68,2.72,-30.0,Yong-13
6,-3.77,1.7,-30.0,Yong-13
6,-3.78,1.81,-30.0,Yong-13
6,-3.09,2.48,-30.0,Yong-13
6,-2.98,-0.51,-30.0,Yong-13
6,-3.47,2.22,-30.0,Yong-13
6,-3.25,0.21,-30.0,Yong-13
6,-2.79,1.63,-30.0,Yong-13
6,-2.87,1.2,-30.0,Yong-13
6,-2.89,1.42,-30.0,Yong-13
6,-3.49,1.72,-30.0,Yong-13
6,-3.48,1.92,-30.0,Yong-13
6,-3.44,1.77,-30.0,Yong-13
6,-3.53,1.66,-30.0,Yong-13
6,-2.77,0.6,-30.0,Yong-13
6,-2.84,1.57,-30.0,Yong-13
6,-3.47,2.37,-30.0,Yong-13
6,-3.86,1.14,-30.0,Yong-13
6,-3.92,1.6,-30.0,Yong-13
6,-2.71,1.55,-30.0,Yong-13
6,-3.4,-0.07,-30.0,Yong-13
6,-2.7,-0.27,-30.0,Yong-13
6,-2.93,-0.24,-30.0,Yong-13
6,-3.16,-0.52,-30.0,Yong-13
6,-3.51,0.34,-30.0,Yong-13
6,-3.75,1.31,-30.0,Yong-13
6,-3.34,0.99,-30.0,Yong-13
6,-2.65,-0.41,-30.0,Yong-13
6,-2.68,-30.0,-30.0,Yong-13
6,-2.22,1.45,-30.0,Yong-13
6,-3.69,0.52,-30.0,Yong-13
6,-5.76,4.26,-30.0,Yong-13
6,-3.8,0.4,-30.0,Yong-13
6,-2.84,0.29,-30.0,Yong-13
6,-3.57,1.1,-30.0,Yong-13
6,-3.58,1.31,-30.0,Yong-13
6,-3.71,0.15,-30.0,Yong-13
6,-3.63,-0.05,-30.0,Yong-13
6,-2.83,0.55,-30.0,Yong-13
6,-2.54,-0.44,-30.0,Yong-13
6,-3.17,1.5,-30.0,Yong-13
6,-3.19,1.62,-30.0,Yong-13
6,-3.54,-0.49,-30.0,Yong-13
6,-4.05,0.63,-30.0,Yong-13
6,-3.0,0.19,-30.0,Yong-13
6,-2.6,2.28,-30.0,Yong-13
6,-3.39,0.29,-30.0,Yong-13
6,-3.35,0.0,-30.0,Yong-13
6,-2.85,0.45,-30.0,Yong-13
6,-2.87,0.38,-30.0,Yong-13
6,-2.54,0.23,-30.0,Yong-13
6,-2.73,1.6,-30.0,Yong-13
6,-3.54,1.47,-30.0,Yong-13
6,-2.56,0.34,-30.0,Yong-13
6,-3.22,0.27,-30.0,Yong-13
6,-2.56,0.28,-30.0,Yong-13
6,-2.66,0.54,-30.0,Yong-13
6,-3.3,0.92,-30.0,Yong-13
6,-3.2,-0.12,-30.0,Yong-13
6,-2.94,0.6,-30.0,Yong-13
6,-2.51,0.86,-30.0,Yong-13
6,-2.94,-0.45,-30.0,Yong-13
6,-3.31,-0.29,-30.0,Yong-13
6,-3.23,-0.63,-30.0,Yong-13
6,-2.03,-30.0,-30.0,Yong-13
6,-2.17,-0.37,-30.0,Yong-13
6,-2.52,0.11,-30.0,Yong-13
6,-3.32,-0.65,-30.0,Yong-13
6,-2.85,0.23,-30.0,Yong-13
6,-2.68,-0.28,-30.0,Yong-13
6,-2.99,-0.73,-30.0,Yong-13
6,-3.2,-0.02,-30.0,Yong-13
6,-2.74,-0.13,-30.0,Yong-13
6,-3.86,0.26,-30.0,Yong-13
6,-3.39,-30.0,-30.0,Yong-13
6,-2.93,1.66,-30.0,Yong-13
6,-3.63,2.36,-30.0,Yong-13
6,-2.44,1.2,-30.0,Yong-13
6,-4.1,0.23,-30.0,Yong-13
6,-3.05,0.24,-30.0,Yong-13
6,-2.29,1.3,-30.0,Yong-13
6,-2.36,2.0,-30.0,Yong-13
6,-3.14,1.37,-30.0,Yong-13
6,-3.5,0.56,-30.0,Yong-13
6,-3.49,1.9,-30.0,Yong-13
6,-2.73,0.49,-30.0,Yong-13
6,-2.62,0.41,-30.0,Yong-13
6,-2.89,-30.0,-30.0,Yong-13
6,-2.74,-0.07,-30.0,Yong-13
6,-2.45,2.12,-30.0,Yong-13
6,-3.31,1.74,-30.0,Yong-13
6,-2.88,1.71,-30.0,Yong-13
6,-2.53,0.53,-30.0,Yong-13
6,-4.02,2.59,-30.0,Yong-13
6,-2.72,1.55,-30.0,Yong-13
6,-3.2,0.0,-30.0,Yong-13
6,-2.87,0.95,-30.0,Yong-13
6,-2.98,0.31,-30.0,Yong-13
6,-3.17,-30.0,-30.0,Yong-13
6,-3.39,0.27,-30.0,Yong-13
6,-2.57,1.87,-30.0,Yong-13
6,-2.84,-0.12,-30.0,Yong-13
6,-2.78,2.41,-30.0,Yong-13
6,-3.1,0.62,-30.0,Yong-13
6,-2.59,-30.0,-30.0,Yong-13
6,-3.03,0.9,-30.0,Yong-13
6,-2.83,0.12,-30.0,Yong-13
6,-3.27,0.16,-30.0,Yong-13
6,-2.99,0.96,-30.0,Yong-13
6,-2.0,1.83,-30.0,Yong-13
6,-3.05,-0.06,-30.0,Yong-13
6,-2.78,2.32,-30.0,Yong-13
6,-1.46,1.22,-30.0,Yong-13
6,-3.03,-0.27,-30.0,Yong-13
6,-2.96,1.39,-30.0,Yong-13
6,-2.87,0.7,-30.0,Yong-13
6,-3.38,-30.0,-30.0,Yong-13
6,-3.31,0.38,-30.0,Yong-13
6,-2.78,2.06,-30.0,Yong-13
6,-3.97,1.06,-30.0,Yong-13
6,-2.98,2.09,-30.0,Yong-13
6,-3.02,0.45,-30.0,Yong-13
6,-3.44,-0.41,-30.0,Yong-13
6,-2.6,-30.0,-30.0,Yong-13
6,-2.12,0.42,-30.0,Yong-13
6,-2.65,-30.0,-30.0,Yong-13
6,-2.43,0.06,-30.0,Yong-13
6,-2.5,0.38,-30.0,Yong-13
6,-3.19,2.27,-30.0,Yong-13
7,-2.92,0.21,-30.0,Yong-13
7,-1.0,1.28,-30.0,Yong-13
7,-2.8,-0.24,-30.0,Yong-13
7,-2.95,-30.0,-30.0,Yong-13
7,-2.82,-30.0,-30.0,Yong-13
7,-3.32,-30.0,-30.0,Yong-13
7,-3.05,-30.0,-30.0,Yong-13
7,-2.28,1.2,-30.0,Yong-13
7,-2.74,-30.0,-30.0,Yong-13
7,-2.31,0.85,-30.0,Yong-13
7,-2.65,1.59,-30.0,Yong-13
7,-2.6,-30.0,-30.0,Yong-13
7,-3.0,2.63,-30.0,Yong-13
7,-2.67,1.2,-30.0,Yong-13
7,-3.04,-30.0,-30.0,Yong-13
7,-4.15,1.07,-30.0,Yong-13
7,-3.68,2.4,-30.0,Yong-13
7,-2.59,-30.0,-30.0,Yong-13
7,-4.08,2.15,-30.0,Yong-13
7,-2.93,0.12,-30.0,Yong-13
7,-2.74,-30.0,-30.0,Yong-13
7,-2.9,-30.0,-30.0,Yong-13
7,-3.28,-30.0,-30.0,Yong-13
7,-2.75,-30.0,-30.0,Yong-13
7,-3.17,-30.0,-30.0,Yong-13
7,-5.54,2.43,-30.0,Yong-13
7,-2.65,-30.0,-30.0,Yong-13
7,-2.39,1.42,-30.0,Yong-13
7,-3.14,-30.0,-30.0,Yong-13
7,-2.64,0.82,-30.0,Yong-13
7,-2.7,-30.0,-30.0,Yong-13
7,-2.75,-0.51,-30.0,Yong-13
7,-3.02,-30.0,-30.0,Yong-13
7,-3.79,1.07,-30.0,Yong-13
7,-4.0,-30.0,-30.0,Yong-13
7,-4.09,-30.0,-30.0,Yong-13
7,-2.67,-30.0,-30.0,Yong-13
7,-2.32,0.85,-30.0,Yong-13
7,-3.46,-30.0,-30.0,Yong-13
7,-3.05,-30.0,-30.0,Yong-13
7,-2.52,1.61,-30.0,Yong-13
7,-2.95,-30.0,-30.0,Yong-13
7,-3.57,-30.0,-30.0,Yong-13
7,-3.75,-30.0,-30.0,Yong-13
7,-3.75,-30.0,-30.0,Yong-13
7,-3.1,-30.0,-30.0,Yong-13
7,-2.56,-30.0,-30.0,Yong-13
7,-3.48,0.27,-30.0,Yong-13
7,-3.3,-30.0,-30.0,Yong-13
7,-3.01,-30.0,-30.0,Yong-13
7,-3.54,0.8,-30.0,Yong-13
7,-2.99,-0.38,-30.0,Yong-13
7,-2.95,-30.0,-30.0,Yong-13
7,-3.58,0.24,-30.0,Yong-13
7,-3.77,0.24,-30.0,Yong-13
7,-2.86,-30.0,-30.0,Yong-13
7,-2.6,1.6,-30.0,Yong-13
7,-3.41,-30.0,-30.0,Yong-13
7,-3.41,-30.0,-30.0,Yong-13
7,-1.68,2.75,-30.0,Yong-13
7,-2.98,-30.0,-30.0,Yong-13
7,-2.95,1.02,-30.0,Yong-13
7,-3.07,0.98,-30.0,Yong-13
7,-2.77,0.89,-30.0,Yong-13
7,-2.7,0.29,-30.0,Yong-13
7,-1.32,0.8,-30.0,Yong-13
7,-2.4,-30.0,-30.0,Yong-13
7,-4.81,1.93,-30.0,Yong-13
7,-2.96,-30.0,-30.0,Yong-13
7,-2.98,-30.0,-30.0,Yong-13
7,-2.68,-30.0,-30.0,Yong-13
7,-3.77,-30.0,-30.0,Yong-13
7,-3.78,-30.0,-30.0,Yong-13
7,-3.09,1.79,-30.0,Yong-13
7,-2.98,-30.0,-30.0,Yong-13
7,-3.47,1.25,-30.0,Yong-13
7,-3.25,-30.0,-30.0,Yong-13
7,-2.79,2.48,-30.0,Yong-13
7,-2.87,-30.0,-30.0,Yong-13
7,-2.89,-30.0,-30.0,Yong-13
7,-3.49,2.91,-30.0,Yong-13
7,-3.48,2.91,-30.0,Yong-13
7,-3.44,-30.0,-30.0,Yong-13
7,-3.53,-30.0,-30.0,Yong-13
7,-2.77,0.8,-30.0,Yong-13
7,-2.84,2.51,-30.0,Yong-13
7,-3.47,2.52,-30.0,Yong-13
7,-3.86,1.23,-30.0,Yong-13
7,-3.92,1.29,-30.0,Yong-13
7,-2.71,-30.0,-30.0,Yong-13
7,-3.4,-30.0,-30.0,Yong-13
7,-2.7,0.42,-30.0,Yong-13
7,-2.93,1.05,-30.0,Yong-13
7,-3.16,-30.0,-30.0,Yong-13
7,-3.51,-30.0,-30.0,Yong-13
7,-3.75,0.71,-30.0,Yong-13
7,-3.34,0.32,-30.0,Yong-13
7,-2.65,-30.0,-30.0,Yong-13
7,-2.68,-30.0,-30.0,Yong-13
7,-2.22,0.46,-30.0,Yong-13
7,-3.69,0.86,-30.0,Yong-13
7,-5.76,4.56,-30.0,Yong-13
7,-3.8,0.45,-30.0,Yong-13
7,-2.84,-30.0,-30.0,Yong-13
7,-3.57,-30.0,-30.0,Yong-13
7,-3.58,-30.0,-30.0,Yong-13
7,-3.71,-30.0,-30.0,Yong-13
7,-3.63,-30.0,-30.0,Yong-13
7,-2.83,-30.0,-30.0,Yong-13
7,-2.54,0.7,-30.0,Yong-13
7,-3.17,1.84,-30.0,Yong-13
7,-3.19,1.96,-30.0,Yong-13
7,-3.54,1.11,-30.0,Yong-13
7,-4.05,1.13,-30.0,Yong-13
7,-3.0,-30.0,-30.0,Yong-13
7,-2.6,1.39,-30.0,Yong-13
7,-3.39,-0.26,-30.0,Yong-13
7,-3.35,0.18,-30.0,Yong-13
7,-2.85,-30.0,-30.0,Yong-13
7,-2.87,-0.22,-30.0,Yong-13
7,-2.54,-30.0,-30.0,Yong-13
7,-2.73,1.7,-30.0,Yong-13
7,-3.54,0.61,-30.0,Yong-13
7,-2.56,-30.0,-30.0,Yong-13
7,-3.22,-0.48,-30.0,Yong-13
7,-2.56,-30.0,-30.0,Yong-13
7,-2.66,1.85,-30.0,Yong-13
7,-3.3,1.22,-30.0,Yong-13
7,-3.2,0.78,-30.0,Yong-13
7,-2.94,0.55,-30.0,Yong-13
7,-2.51,1.06,-30.0,Yong-13
7,-2.94,0.75,-30.0,Yong-13
7,-3.31,1.33,-30.0,Yong-13
7,-3.23,-30.0,-30.0,Yong-13
7,-2.03,-30.0,-30.0,Yong-13
7,-2.17,0.65,-30.0,Yong-13
7,-2.52,-0.54,-30.0,Yong-13
7,-3.32,1.12,-30.0,Yong-13
7,-2.85,-0.23,-30.0,Yong-13
7,-2.68,0.62,-30.0,Yong-13
7,-2.99,1.07,-30.0,Yong-13
7,-3.2,-0.36,-30.0,Yong-13
7,-2.74,1.05,-30.0,Yong-13
7,-3.86,0.26,-30.0,Yong-13
7,-3.39,-30.0,-30.0,Yong-13
7,-2.93,2.3,-30.0,Yong-13
7,-3.63,2.6,-30.0,Yong-13
7,-2.44,1.3,-30.0,Yong-13
7,-4.1,0.97,-30.0,Yong-13
7,-3.05,-30.0,-30.0,Yong-13
7,-2.29,-0.1,-30.0,Yong-13
7,-2.36,-30.0,-30.0,Yong-13
7,-3.14,1.91,-30.0,Yong-13
7,-3.5,0.24,-30.0,Yong-13
7,-3.49,2.3,-30.0,Yong-13
7,-2.73,0.93,-30.0,Yong-13
7,-2.62,-30.0,-30.0,Yong-13
7,-2.89,-30.0,-30.0,Yong-13
7,-2.74,0.4,-30.0,Yong-13
7,-2.45,2.43,-30.0,Yong-13
7,-3.31,-30.0,-30.0,Yong-13
7,-2.88,-30.0,-30.0,Yong-13
7,-2.53,-30.0,-30.0,Yong-13
7,-4.02,2.08,-30.0,Yong-13
7,-2.72,-30.0,-30.0,Yong-13
7,-3.2,1.22,-30.0,Yong-13
7,-2.87,0.54,-30.0,Yong-13
7,-2.98,-0.44,-30.0,Yong-13
7,-3.17,-30.0,-30.0,Yong-13
7,-3.39,0.31,-30.0,Yong-13
7,-2.57,1.52,-30.0,Yong-13
7,-2.84,0.86,-30.0,Yong-13
7,-2.78,-30.0,-30.0,Yong-13
7,-3.1,-30.0,-30.0,Yong-13
7,-2.59,-30.0,-30.0,Yong-13
7,-3.03,0.51,-30.0,Yong-13
7,-2.83,2.03,-30.0,Yong-13
7,-3.27,-0.43,-30.0,Yong-13
7,-2.99,0.81,-30.0,Yong-13
7,-2.0,0.84,-30.0,Yong-13
7,-3.05,-0.76,-30.0,Yong-13
7,-2.78,1.13,-30.0,Yong-13
7,-1.46,0.47,-30.0,Yong-13
7,-3.03,0.82,-30.0,Yong-13
7,-2.96,2.28,-30.0,Yong-13
7,-2.87,-30.0,-30.0,Yong-13
7,-3.38,-30.0,-30.0,Yong-13
7,-3.31,-30.0,-30.0,Yong-13
7,-2.78,1.27,-30.0,Yong-13
7,-3.97,2.16,-30.0,Yong-13
7,-2.98,1.0,-30.0,Yong-13
7,-3.02,-30.0,-30.0,Yong-13
7,-3.44,1.31,-30.0,Yong-13
7,-2.6,-30.0,-30.0,Yong-13
7,-2.12,-0.33,-30.0,Yong-13
7,-2.65,-30.0,-30.0,Yong-13
7,-2.43,0.1,-30.0,Yong-13
7,-2.5,-30.0,-30.0,Yong-13
7,-3.19,1.75,-30.0,Yong-13
11,-2.92,-30.0,-30.0,Yong-13
11,-1.0,-0.04,-30.0,Yong-13
11,-2.8,-30.0,-30.0,Yong-13
11,-2.95,-30.0,-30.0,Yong-13
11,-2.82,-30.0,-30.0,Yong-13
11,-3.32,-30.0,-30.0,Yong-13
11,-3.05,-30.0,-30.0,Yong-13
11,-2.28,-30.0,-30.0,Yong-13
11,-2.74,-30.0,-30.0,Yong-13
11,-2.31,0.45,-30.0,Yong-13
11,-2.65,0.4,-30.0,Yong-13
11,-2.6,0.79,-30.0,Yong-13
11,-3.0,-30.0,-30.0,Yong-13
11,-2.67,1.18,-30.0,Yong-13
11,-3.04,-30.0,-30.0,Yong-13
11,-4.15,0.03,-30.0,Yong-13
11,-3.68,-0.08,-30.0,Yong-13
11,-2.59,-30.0,-30.0,Yong-13
11,-4.08,1.98,-30.0,Yong-13
11,-2.93,0.32,-30.0,Yong-13
11,-2.74,-30.0,-30.0,Yong-13
11,-2.9,-30.0,-30.0,Yong-13
11,-3.28,-0.02,-30.0,Yong-13
11,-2.75,-30.0,-30.0,Yong-13
11,-3.17,-30.0,-30.0,Yong-13
11,-5.54,1.11,-30.0,Yong-13
11,-2.65,-30.0,-30.0,Yong-13
11,-2.39,0.26,-30.0,Yong-13
11,-3.14,-30.0,-30.0,Yong-13
11,-2.64,0.48,-30.0,Yong-13
11,-2.7,-30.0,-30.0,Yong-13
11,-2.75,0.46,-30.0,Yong-13
11,-3.02,-30.0,-30.0,Yong-13
11,-3.79,0.07,-30.0,Yong-13
11,-4.0,0.11,-30.0,Yong-13
11,-4.09,0.17,-30.0,Yong-13
11,-2.67,-30.0,-30.0,Yong-13
11,-2.32,-30.0,-30.0,Yong-13
11,-3.46,1.17,-30.0,Yong-13
11,-3.05,-30.0,-30.0,Yong-13
11,-2.52,0.73,-30.0,Yong-13
11,-2.95,0.61,-30.0,Yong-13
11,-3.57,-30.0,-30.0,Yong-13
11,-3.75,-30.0,-30.0,Yong-13
11,-3.75,-30.0,-30.0,Yong-13
11,-3.1,0.01,-30.0,Yong-13
11,-2.56,-30.0,-30.0,Yong-13
11,-3.48,-0.19,-30.0,Yong-13
11,-3.3,-30.0,-30.0,Yong-13
11,-3.01,-0.17,-30.0,Yong-13
11,-3.54,-30.0,-30.0,Yong-13
11,-2.99,-30.0,-30.0,Yong-13
11,-2.95,-30.0,-30.0,Yong-13
11,-3.58,-0.24,-30.0,Yong-13
11,-3.77,-0.28,-30.0,Yong-13
11,-2.86,-0.45,-30.0,Yong-13
11,-2.6,-30.0,-30.0,Yong-13
11,-3.41,-30.0,-30.0,Yong-13
11,-3.41,-30.0,-30.0,Yong-13
11,-1.68,0.45,-30.0,Yong-13
11,-2.98,-30.0,-30.0,Yong-13
11,-2.95,-30.0,-30.0,Yong-13
11,-3.07,0.48,-30.0,Yong-13
11,-2.77,0.65,-30.0,Yong-13
11,-2.7,-30.0,-30.0,Yong-13
11,-1.32,0.2,-30.0,Yong-13
11,-2.4,-30.0,-30.0,Yong-13
11,-4.81,-0.18,-30.0,Yong-13
11,-2.96,-30.0,-30.0,Yong-13
11,-2.98,1.6,-30.0,Yong-13
11,-2.68,1.29,-30.0,Yong-13
11,-3.77,-30.0,-30.0,Yong-13
11,-3.78,-30.0,-30.0,Yong-13
11,-3.09,1.05,-30.0,Yong-13
11,-2.98,-30.0,-30.0,Yong-13
11,-3.47,1.93,-30.0,Yong-13
11,-3.25,-30.0,-30.0,Yong-13
11,-2.79,-30.0,-30.0,Yong-13
11,-2.87,-0.07,-30.0,Yong-13
11,-2.89,-0.06,-30.0,Yong-13
11,-3.49,-0.23,-30.0,Yong-13
11,-3.48,-0.23,-30.0,Yong-13
11,-3.44,-0.16,-30.0,Yong-13
11,-3.53,-0.13,-30.0,Yong-13
11,-2.77,-30.0,-30.0,Yong-13
11,-2.84,-0.06,-30.0,Yong-13
11,-3.47,-30.0,-30.0,Yong-13
11,-3.86,-0.35,-30.0,Yong-13
11,-3.92,-0.32,-30.0,Yong-13
11,-2.71,-0.05,-30.0,Yong-13
11,-3.4,-30.0,-30.0,Yong-13
11,-2.7,0.54,-30.0,Yong-13
11,-2.93,0.17,-30.0,Yong-13
11,-3.16,-30.0,-30.0,Yong-13
11,-3.51,-30.0,-30.0,Yong-13
11,-3.75,-0.02,-30.0,Yong-13
11,-3.34,0.03,-30.0,Yong-13
11,-2.65,-30.0,-30.0,Yong-13
11,-2.68,-30.0,-30.0,Yong-13
11,-2.22,-30.0,-30.0,Yong-13
11,-3.69,0.09,-30.0,Yong-13
11,-5.76,2.48,-30.0,Yong-13
11,-3.8,-0.11,-30.0,Yong-13
11,-2.84,-30.0,-30.0,Yong-13
11,-3.57,-0.15,-30.0,Yong-13
11,-3.58,-0.14,-30.0,Yong-13
11,-3.71,0.0,-30.0,Yong-13
11,-3.63,0.84,-30.0,Yong-13
11,-2.83,-30.0,-30.0,Yong-13
11,-2.54,0.39,-30.0,Yong-13
11,-3.17,-0.15,-30.0,Yong-13
11,-3.19,-0.13,-30.0,Yong-13
11,-3.54,0.13,-30.0,Yong-13
11,-4.05,0.3,-30.0,Yong-13
11,-3.0,-30.0,-30.0,Yong-13
11,-2.6,0.99,-30.0,Yong-13
11,-3.39,0.21,-30.0,Yong-13
11,-3.35,0.2,-30.0,Yong-13
11,-2.85,-30.0,-30.0,Yong-13
11,-2.87,-30.0,-30.0,Yong-13
11,-2.54,-30.0,-30.0,Yong-13
11,-2.73,-30.0,-30.0,Yong-13
11,-3.54,1.65,-30.0,Yong-13
11,-2.56,-30.0,-30.0,Yong-13
11,-3.22,0.35,-30.0,Yong-13
11,-2.56,-30.0,-30.0,Yong-13
11,-2.66,0.25,-30.0,Yong-13
11,-3.3,-30.0,-30.0,Yong-13
11,-3.2,-0.08,-30.0,Yong-13
11,-2.94,0.07,-30.0,Yong-13
11,-2.51,-0.17,-30.0,Yong-13
11,-2.94,0.66,-30.0,Yong-13
11,-3.31,0.33,-30.0,Yong-13
11,-3.23,-30.0,-30.0,Yong-13
11,-2.03,-30.0,-30.0,Yong-13
11,-2.17,0.66,-30.0,Yong-13
11,-2.52,0.06,-30.0,Yong-13
11,-3.32,0.68,-30.0,Yong-13
11,-2.85,0.38,-30.0,Yong-13
11,-2.68,0.4,-30.0,Yong-13
11,-2.99,0.94,-30.0,Yong-13
11,-3.2,0.24,-30.0,Yong-13
11,-2.74,0.51,-30.0,Yong-13
11,-3.86,0.07,-30.0,Yong-13
11,-3.39,-30.0,-30.0,Yong-13
11,-2.93,-30.0,-30.0,Yong-13
11,-3.63,0.0,-30.0,Yong-13
11,-2.44,-30.0,-30.0,Yong-13
11,-4.1,-0.01,-30.0,Yong-13
11,-3.05,-30.0,-30.0,Yong-13
11,-2.29,-30.0,-30.0,Yong-13
11,-2.36,-30.0,-30.0,Yong-13
11,-3.14,-0.26,-30.0,Yong-13
11,-3.5,-0.01,-30.0,Yong-13
11,-3.49,-30.0,-30.0,Yong-13
11,-2.73,-30.0,-30.0,Yong-13
11,-2.62,-30.0,-30.0,Yong-13
11,-2.89,-30.0,-30.0,Yong-13
11,-2.74,0.43,-30.0,Yong-13
11,-2.45,0.71,-30.0,Yong-13
11,-3.31,-0.04,-30.0,Yong-13
11,-2.88,-0.39,-30.0,Yong-13
11,-2.53,-30.0,-30.0,Yong-13
11,-4.02,2.15,-30.0,Yong-13
11,-2.72,-0.36,-30.0,Yong-13
11,-3.2,0.32,-30.0,Yong-13
11,-2.87,0.81,-30.0,Yong-13
11,-2.98,-30.0,-30.0,Yong-13
11,-3.17,-30.0,-30.0,Yong-13
11,-3.39,-30.0,-30.0,Yong-13
11,-2.57,-30.0,-30.0,Yong-13
11,-2.84,0.59,-30.0,Yong-13
11,-2.78,1.44,-30.0,Yong-13
11,-3.1,-30.0,-30.0,Yong-13
11,-2.59,-30.0,-30.0,Yong-13
11,-3.03,0.24,-30.0,Yong-13
11,-2.83,0.31,-30.0,Yong-13
11,-3.27,-0.33,-30.0,Yong-13
11,-2.99,-30.0,-30.0,Yong-13
11,-2.0,-30.0,-30.0,Yong-13
11,-3.05,0.57,-30.0,Yong-13
11,-2.78,-30.0,-30.0,Yong-13
11,-1.46,-30.0,-30.0,Yong-13
11,-3.03,0.45,-30.0,Yong-13
11,-2.96,1.42,-30.0,Yong-13
11,-2.87,0.82,-30.0,Yong-13
11,-3.38,-30.0,-30.0,Yong-13
11,-3.31,-30.0,-30.0,Yong-13
11,-2.78,0.61,-30.0,Yong-13
11,-3.97,2.1,-30.0,Yong-13
11,-2.98,0.81,-30.0,Yong-13
11,-3.02,-30.0,-30.0,Yong-13
11,-3.44,-30.0,-30.0,Yong-13
11,-2.6,-30.0,-30.0,Yong-13
11,-2.12,-30.0,-30.0,Yong-13
11,-2.65,-30.0,-30.0,Yong-13
11,-2.43,0.61,-30.0,Yong-13
11,-2.5,-30.0,-30.0,Yong-13
11,-3.19,-30.0,-30.0,Yong-13
12,-2.92,0.21,-30.0,Yong-13
12,-1.0,-0.06,-30.0,Yong-13
12,-2.8,0.08,-30.0,Yong-13
12,-2.95,0.28,-30.0,Yong-13
12,-2.82,0.82,-30.0,Yong-13
12,-3.32,0.5,-30.0,Yong-13
12,-3.05,0.55,-30.0,Yong-13
12,-2.28,0.12,-30.0,Yong-13
12,-2.74,0.48,-30.0,Yong-13
12,-2.31,0.06,-30.0,Yong-13
12,-2.65,0.32,-30.0,Yong-13
12,-2.6,0.14,-30.0,Yong-13
12,-3.0,-30.0,-30.0,Yong-13
12,-2.67,0.2,-30.0,Yong-13
12,-3.04,0.47,-30.0,Yong-13
12,-4.15,0.17,-30.0,Yong-13
12,-3.68,0.29,-30.0,Yong-13
12,-2.59,0.34,-30.0,Yong-13
12,-4.08,0.51,-30.0,Yong-13
12,-2.93,0.2,-30.0,Yong-13
12,-2.74,0.3,-30.0,Yong-13
12,-2.9,0.44,-30.0,Yong-13
12,-3.28,0.06,-30.0,Yong-13
12,-2.75,0.29,-30.0,Yong-13
12,-3.17,0.25,-30.0,Yong-13
12,-5.54,0.26,-30.0,Yong-13
12,-2.65,0.0,-30.0,Yong-13
12,-2.39,0.19,-30.0,Yong-13
12,-3.14,-30.0,-30.0,Yong-13
12,-2.64,0.16,-30.0,Yong-13
12,-2.7,-30.0,-30.0,Yong-13
12,-2.75,0.29,-30.0,Yong-13
12,-3.02,0.12,-30.0,Yong-13
12,-3.79,0.32,-30.0,Yong-13
12,-4.0,0.32,-30.0,Yong-13
12,-4.09,0.48,-30.0,Yong-13
12,-2.67,0.54,-30.0,Yong-13
12,-2.32,0.65,-30.0,Yong-13
12,-3.46,0.87,-30.0,Yong-13
12,-3.05,-0.02,-30.0,Yong-13
12,-2.52,0.4,-30.0,Yong-13
12,-2.95,0.54,-30.0,Yong-13
12,-3.57,0.05,-30.0,Yong-13
12,-3.75,0.26,-30.0,Yong-13
12,-3.75,0.26,-30.0,Yong-13
12,-3.1,0.39,-30.0,Yong-13
12,-2.56,-0.15,-30.0,Yong-13
12,-3.48,0.09,-30.0,Yong-13
12,-3.3,0.33,-30.0,Yong-13
12,-3.01,0.25,-30.0,Yong-13
12,-3.54,0.34,-30.0,Yong-13
12,-2.99,0.47,-30.0,Yong-13
12,-2.95,0.49,-30.0,Yong-13
12,-3.58,0.21,-30.0,Yong-13
12,-3.77,0.15,-30.0,Yong-13
12,-2.86,0.04,-30.0,Yong-13
12,-2.6,1.03,-30.0,Yong-13
12,-3.41,-30.0,-30.0,Yong-13
12,-3.41,-30.0,-30.0,Yong-13
12,-1.68,0.28,-30.0,Yong-13
12,-2.98,0.24,-30.0,Yong-13
12,-2.95,-0.04,-30.0,Yong-13
12,-3.07,0.32,-30.0,Yong-13
12,-2.77,0.21,-30.0,Yong-13
12,-2.7,0.15,-30.0,Yong-13
12,-1.32,0.1,-30.0,Yong-13
12,-2.4,0.34,-30.0,Yong-13
12,-4.81,0.17,-30.0,Yong-13
12,-2.96,0.23,-30.0,Yong-13
12,-2.98,0.34,-30.0,Yong-13
12,-2.68,0.39,-30.0,Yong-13
12,-3.77,-0.1,-30.0,Yong-13
12,-3.78,-0.09,-30.0,Yong-13
12,-3.09,0.33,-30.0,Yong-13
12,-2.98,0.28,-30.0,Yong-13
12,-3.47,1.85,-30.0,Yong-13
12,-3.25,0.24,-30.0,Yong-13
12,-2.79,0.48,-30.0,Yong-13
12,-2.87,0.21,-30.0,Yong-13
12,-2.89,0.35,-30.0,Yong-13
12,-3.49,0.07,-30.0,Yong-13
12,-3.48,0.08,-30.0,Yong-13
12,-3.44,0.25,-30.0,Yong-13
12,-3.53,0.21,-30.0,Yong-13
12,-2.77,0.28,-30.0,Yong-13
12,-2.84,0.4,-30.0,Yong-13
12,-3.47,0.41,-30.0,Yong-13
12,-3.86,0.2,-30.0,Yong-13
12,-3.92,0.28,-30.0,Yong-13
12,-2.71,-0.07,-30.0,Yong-13
12,-3.4,0.11,-30.0,Yong-13
12,-2.7,-0.38,-30.0,Yong-13
12,-2.93,0.09,-30.0,Yong-13
12,-3.16,0.56,-30.0,Yong-13
12,-3.51,0.44,-30.0,Yong-13
12,-3.75,0.33,-30.0,Yong-13
12,-3.34,0.3,-30.0,Yong-13
12,-2.65,0.05,-30.0,Yong-13
12,-2.68,0.36,-30.0,Yong-13
12,-2.22,0.36,-30.0,Yong-13
12,-3.69,0.4,-30.0,Yong-13
12,-5.76,1.55,-30.0,Yong-13
12,-3.8,0.18,-30.0,Yong-13
12,-2.84,0.14,-30.0,Yong-13
12,-3.57,0.25,-30.0,Yong-13
12,-3.58,0.28,-30.0,Yong-13
12,-3.71,0.43,-30.0,Yong-13
12,-3.63,0.51,-30.0,Yong-13
12,-2.83,-0.03,-30.0,Yong-13
12,-2.54,0.28,-30.0,Yong-13
12,-3.17,0.29,-30.0,Yong-13
12,-3.19,0.36,-30.0,Yong-13
12,-3.54,0.53,-30.0,Yong-13
12,-4.05,0.43,-30.0,Yong-13
12,-3.0,0.4,-30.0,Yong-13
12,-2.6,0.21,-30.0,Yong-13
12,-3.39,0.24,-30.0,Yong-13
12,-3.35,0.42,-30.0,Yong-13
12,-2.85,-30.0,-30.0,Yong-13
12,-2.87,0.36,-30.0,Yong-13
12,-2.54,-30.0,-30.0,Yong-13
12,-2.73,0.44,-30.0,Yong-13
12,-3.54,0.89,-30.0,Yong-13
12,-2.56,0.31,-30.0,Yong-13
12,-3.22,0.28,-30.0,Yong-13
12,-2.56,0.07,-30.0,Yong-13
12,-2.66,0.28,-30.0,Yong-13
12,-3.3,-30.0,-30.0,Yong-13
12,-3.2,0.17,-30.0,Yong-13
12,-2.94,0.31,-30.0,Yong-13
12,-2.51,-0.11,-30.0,Yong-13
12,-2.94,0.27,-30.0,Yong-13
12,-3.31,0.53,-30.0,Yong-13
12,-3.23,0.4,-30.0,Yong-13
12,-2.03,-0.26,-30.0,Yong-13
12,-2.17,0.01,-30.0,Yong-13
12,-2.52,0.1,-30.0,Yong-13
12,-3.32,0.33,-30.0,Yong-13
12,-2.85,0.28,-30.0,Yong-13
12,-2.68,0.41,-30.0,Yong-13
12,-2.99,0.44,-30.0,Yong-13
12,-3.2,0.42,-30.0,Yong-13
12,-2.74,0.43,-30.0,Yong-13
12,-3.86,0.27,-30.0,Yong-13
12,-3.39,0.36,-30.0,Yong-13
12,-2.93,0.22,-30.0,Yong-13
12,-3.63,0.29,-30.0,Yong-13
12,-2.44,-0.02,-30.0,Yong-13
12,-4.1,0.15,-30.0,Yong-13
12,-3.05,0.28,-30.0,Yong-13
12,-2.29,-0.1,-30.0,Yong-13
12,-2.36,0.2,-30.0,Yong-13
12,-3.14,-0.02,-30.0,Yong-13
12,-3.5,0.34,-30.0,Yong-13
12,-3.49,1.52,-30.0,Yong-13
12,-2.73,0.25,-30.0,Yong-13
12,-2.62,0.24,-30.0,Yong-13
12,-2.89,0.28,-30.0,Yong-13
12,-2.74,0.31,-30.0,Yong-13
12,-2.45,0.2,-30.0,Yong-13
12,-3.31,-0.05,-30.0,Yong-13
12,-2.88,0.08,-30.0,Yong-13
12,-2.53,0.08,-30.0,Yong-13
12,-4.02,1.61,-30.0,Yong-13
12,-2.72,0.06,-30.0,Yong-13
12,-3.2,0.23,-30.0,Yong-13
12,-2.87,0.33,-30.0,Yong-13
12,-2.98,0.34,-30.0,Yong-13
12,-3.17,-30.0,-30.0,Yong-13
12,-3.39,0.36,-30.0,Yong-13
12,-2.57,0.56,-30.0,Yong-13
12,-2.84,0.19,-30.0,Yong-13
12,-2.78,0.12,-30.0,Yong-13
12,-3.1,0.36,-30.0,Yong-13
12,-2.59,0.45,-30.0,Yong-13
12,-3.03,0.25,-30.0,Yong-13
12,-2.83,0.26,-30.0,Yong-13
12,-3.27,0.31,-30.0,Yong-13
12,-2.99,0.28,-30.0,Yong-13
12,-2.0,-30.0,-30.0,Yong-13
12,-3.05,0.56,-30.0,Yong-13
12,-2.78,0.88,-30.0,Yong-13
12,-1.46,0.33,-30.0,Yong-13
12,-3.03,0.46,-30.0,Yong-13
12,-2.96,0.13,-30.0,Yong-13
12,-2.87,0.33,-30.0,Yong-13
12,-3.38,0.16,-30.0,Yong-13
12,-3.31,0.34,-30.0,Yong-13
12,-2.78,0.19,-30.0,Yong-13
12,-3.97,1.38,-30.0,Yong-13
12,-2.98,0.34,-30.0,Yong-13
12,-3.02,0.21,-30.0,Yong-13
12,-3.44,-0.13,-30.0,Yong-13
12,-2.6,0.31,-30.0,Yong-13
12,-2.12,0.24,-30.0,Yong-13
12,-2.65,0.04,-30.0,Yong-13
12,-2.43,-0.02,-30.0,Yong-13
12,-2.5,-0.01,-30.0,Yong-13
12,-3.19,0.3,-30.0,Yong-13
13,-2.92,-30.0,-30.0,Yong-13
13,-1.0,-30.0,-30.0,Yong-13
13,-2.8,-30.0,-30.0,Yong-13
13,-2.95,-30.0,-30.0,Yong-13
13,-2.82,-0.49,-30.0,Yong-13
13,-3.32,-30.0,-30.0,Yong-13
13,-3.05,-30.0,-30.0,Yong-13
13,-2.28,-0.45,-30.0,Yong-13
13,-2.74,-0.63,-30.0,Yong-13
13,-2.31,-0.51,-30.0,Yong-13
13,-2.65,-30.0,-30.0,Yong-13
13,-2.6,-30.0,-30.0,Yong-13
13,-3.0,-30.0,-30.0,Yong-13
13,-2.67,-0.68,-30.0,Yong-13
13,-3.04,-0.44,-30.0,Yong-13
13,-4.15,-0.65,-30.0,Yong-13
13,-3.68,-30.0,-30.0,Yong-13
13,-2.59,-0.61,-30.0,Yong-13
13,-4.08,-30.0,-30.0,Yong-13
13,-2.93,-0.91,-30.0,Yong-13
13,-2.74,-0.46,-30.0,Yong-13
13,-2.9,-0.65,-30.0,Yong-13
13,-3.28,-0.69,-30.0,Yong-13
13,-2.75,-0.78,-30.0,Yong-13
13,-3.17,-0.49,-30.0,Yong-13
13,-5.54,-30.0,-30.0,Yong-13
13,-2.65,-30.0,-30.0,Yong-13
13,-2.39,-30.0,-30.0,Yong-13
13,-3.14,-30.0,-30.0,Yong-13
13,-2.64,-0.7,-30.0,Yong-13
13,-2.7,-30.0,-30.0,Yong-13
13,-2.75,-0.57,-30.0,Yong-13
13,-3.02,-0.78,-30.0,Yong-13
13,-3.79,-0.61,-30.0,Yong-13
13,-4.0,-0.19,-30.0,Yong-13
13,-4.09,-0.16,-30.0,Yong-13
13,-2.67,-0.55,-30.0,Yong-13
13,-2.32,-0.64,-30.0,Yong-13
13,-3.46,0.14,-30.0,Yong-13
13,-3.05,-0.89,-30.0,Yong-13
13,-2.52,-30.0,-30.0,Yong-13
13,-2.95,0.1,-30.0,Yong-13
13,-3.57,-0.59,-30.0,Yong-13
13,-3.75,-30.0,-30.0,Yong-13
13,-3.75,-30.0,-30.0,Yong-13
13,-3.1,-0.64,-30.0,Yong-13
13,-2.56,-30.0,-30.0,Yong-13
13,-3.48,-0.9,-30.0,Yong-13
13,-3.3,-0.69,-30.0,Yong-13
13,-3.01,-0.61,-30.0,Yong-13
13,-3.54,-0.73,-30.0,Yong-13
13,-2.99,-0.78,-30.0,Yong-13
13,-2.95,-0.41,-30.0,Yong-13
13,-3.58,-0.72,-30.0,Yong-13
13,-3.77,-0.8,-30.0,Yong-13
13,-2.86,-0.86,-30.0,Yong-13
13,-2.6,0.13,-30.0,Yong-13
13,-3.41,-30.0,-30.0,Yong-13
13,-3.41,-30.0,-30.0,Yong-13
13,-1.68,-30.0,-30.0,Yong-13
13,-2.98,-30.0,-30.0,Yong-13
13,-2.95,-0.89,-30.0,Yong-13
13,-3.07,-0.72,-30.0,Yong-13
13,-2.77,-30.0,-30.0,Yong-13
13,-2.7,-0.83,-30.0,Yong-13
13,-1.32,-30.0,-30.0,Yong-13
13,-2.4,-0.65,-30.0,Yong-13
13,-4.81,-0.65,-30.0,Yong-13
13,-2.96,-0.72,-30.0,Yong-13
13,-2.98,-30.0,-30.0,Yong-13
13,-2.68,-30.0,-30.0,Yong-13
13,-3.77,-30.0,-30.0,Yong-13
13,-3.78,-30.0,-30.0,Yong-13
13,-3.09,-30.0,-30.0,Yong-13
13,-2.98,-0.42,-30.0,Yong-13
13,-3.47,0.65,-30.0,Yong-13
13,-3.25,-0.74,-30.0,Yong-13
13,-2.79,0.66,-30.0,Yong-13
13,-2.87,-0.66,-30.0,Yong-13
13,-2.89,-0.67,-30.0,Yong-13
13,-3.49,-30.0,-30.0,Yong-13
13,-3.48,-30.0,-30.0,Yong-13
13,-3.44,-30.0,-30.0,Yong-13
13,-3.53,-30.0,-30.0,Yong-13
13,-2.77,-30.0,-30.0,Yong-13
13,-2.84,-0.57,-30.0,Yong-13
13,-3.47,-30.0,-30.0,Yong-13
13,-3.86,-0.73,-30.0,Yong-13
13,-3.92,-0.72,-30.0,Yong-13
13,-2.71,-30.0,-30.0,Yong-13
13,-3.4,-0.7,-30.0,Yong-13
13,-2.7,-1.19,-30.0,Yong-13
13,-2.93,-0.79,-30.0,Yong-13
13,-3.16,-0.46,-30.0,Yong-13
13,-3.51,-30.0,-30.0,Yong-13
13,-3.75,-0.64,-30.0,Yong-13
13,-3.34,-0.72,-30.0,Yong-13
13,-2.65,-0.31,-30.0,Yong-13
13,-2.68,-0.6,-30.0,Yong-13
13,-2.22,-30.0,-30.0,Yong-13
13,-3.69,-0.6,-30.0,Yong-13
13,-5.76,1.23,-30.0,Yong-13
13,-3.8,-0.74,-30.0,Yong-13
13,-2.84,-0.76,-30.0,Yong-13
13,-3.57,-30.0,-30.0,Yong-13
13,-3.58,-30.0,-30.0,Yong-13
13,-3.71,-0.48,-30.0,Yong-13
13,-3.63,-0.67,-30.0,Yong-13
13,-2.83,-30.0,-30.0,Yong-13
13,-2.54,-0.26,-30.0,Yong-13
13,-3.17,-0.79,-30.0,Yong-13
13,-3.19,-0.77,-30.0,Yong-13
13,-3.54,-0.47,-30.0,Yong-13
13,-4.05,-0.73,-30.0,Yong-13
13,-3.0,-0.54,-30.0,Yong-13
13,-2.6,-30.0,-30.0,Yong-13
13,-3.39,-0.53,-30.0,Yong-13
13,-3.35,-0.54,-30.0,Yong-13
13,-2.85,-30.0,-30.0,Yong-13
13,-2.87,-30.0,-30.0,Yong-13
13,-2.54,-30.0,-30.0,Yong-13
13,-2.73,-30.0,-30.0,Yong-13
13,-3.54,-0.53,-30.0,Yong-13
13,-2.56,-0.45,-30.0,Yong-13
13,-3.22,-0.78,-30.0,Yong-13
13,-2.56,-0.92,-30.0,Yong-13
13,-2.66,-30.0,-30.0,Yong-13
13,-3.3,-0.61,-30.0,Yong-13
13,-3.2,-0.81,-30.0,Yong-13
13,-2.94,-0.62,-30.0,Yong-13
13,-2.51,-30.0,-30.0,Yong-13
13,-2.94,-0.11,-30.0,Yong-13
13,-3.31,-0.73,-30.0,Yong-13
13,-3.23,-0.45,-30.0,Yong-13
13,-2.03,-1.18,-30.0,Yong-13
13,-2.17,-0.63,-30.0,Yong-13
13,-2.52,-0.9,-30.0,Yong-13
13,-3.32,-0.36,-30.0,Yong-13
13,-2.85,-0.64,-30.0,Yong-13
13,-2.68,-0.39,-30.0,Yong-13
13,-2.99,-0.02,-30.0,Yong-13
13,-3.2,-0.33,-30.0,Yong-13
13,-2.74,-0.18,-30.0,Yong-13
13,-3.86,-0.73,-30.0,Yong-13
13,-3.39,-0.73,-30.0,Yong-13
13,-2.93,-30.0,-30.0,Yong-13
13,-3.63,-0.51,-30.0,Yong-13
13,-2.44,-0.49,-30.0,Yong-13
13,-4.1,-0.77,-30.0,Yong-13
13,-3.05,-0.84,-30.0,Yong-13
13,-2.29,-1.0,-30.0,Yong-13
13,-2.36,-30.0,-30.0,Yong-13
13,-3.14,-0.89,-30.0,Yong-13
13,-3.5,-0.7,-30.0,Yong-13
13,-3.49,-30.0,-30.0,Yong-13
13,-2.73,-0.76,-30.0,Yong-13
13,-2.62,-30.0,-30.0,Yong-13
13,-2.89,-0.61,-30.0,Yong-13
13,-2.74,-0.47,-30.0,Yong-13
13,-2.45,-30.0,-30.0,Yong-13
13,-3.31,-0.8,-30.0,Yong-13
13,-2.88,-0.64,-30.0,Yong-13
13,-2.53,-0.88,-30.0,Yong-13
13,-4.02,0.36,-30.0,Yong-13
13,-2.72,-0.87,-30.0,Yong-13
13,-3.2,-0.76,-30.0,Yong-13
13,-2.87,-0.62,-30.0,Yong-13
13,-2.98,-0.77,-30.0,Yong-13
13,-3.17,-30.0,-30.0,Yong-13
13,-3.39,-0.61,-30.0,Yong-13
13,-2.57,0.09,-30.0,Yong-13
13,-2.84,-0.31,-30.0,Yong-13
13,-2.78,-30.0,-30.0,Yong-13
13,-3.1,-0.52,-30.0,Yong-13
13,-2.59,-0.35,-30.0,Yong-13
13,-3.03,-0.52,-30.0,Yong-13
13,-2.83,-30.0,-30.0,Yong-13
13,-3.27,-0.76,-30.0,Yong-13
13,-2.99,-0.68,-30.0,Yong-13
13,-2.0,-30.0,-30.0,Yong-13
13,-3.05,-0.44,-30.0,Yong-13
13,-2.78,-30.0,-30.0,Yong-13
13,-1.46,-0.3,-30.0,Yong-13
13,-3.03,-0.32,-30.0,Yong-13
13,-2.96,-0.83,-30.0,Yong-13
13,-2.87,-30.0,-30.0,Yong-13
13,-3.38,-0.61,-30.0,Yong-13
13,-3.31,-30.0,-30.0,Yong-13
13,-2.78,-30.0,-30.0,Yong-13
13,-3.97,0.02,-30.0,Yong-13
13,-2.98,-30.0,-30.0,Yong-13
13,-3.02,-30.0,-30.0,Yong-13
13,-3.44,-0.48,-30.0,Yong-13
13,-2.6,-0.72,-30.0,Yong-13
13,-2.12,-30.0,-30.0,Yong-13
13,-2.65,-0.73,-30.0,Yong-13
13,-2.43,-0.72,-30.0,Yong-13
13,-2.5,-30.0,-30.0,Yong-13
13,-3.19,-0.1,-30.0,Yong-13
14,-2.92,-30.0,-30.0,Yong-13
14,-1.0,-30.0,-30.0,Yong-13
14,-2.8,0.39,-30.0,Yong-13
14,-2.95,0.51,-30.0,Yong-13
14,-2.82,-30.0,-30.0,Yong-13
14,-3.32,-30.0,-30.0,Yong-13
14,-3.05,-30.0,-30.0,Yong-13
14,-2.28,-30.0,-30.0,Yong-13
14,-2.74,0.3,-30.0,Yong-13
14,-2.31,-30.0,-30.0,Yong-13
14,-2.65,-30.0,-30.0,Yong-13
14,-2.6,-30.0,-30.0,Yong-13
14,-3.0,-30.0,-30.0,Yong-13
14,-2.67,-30.0,-30.0,Yong-13
14,-3.04,-30.0,-30.0,Yong-13
14,-4.15,-30.0,-30.0,Yong-13
14,-3.68,-0.01,-30.0,Yong-13
14,-2.59,0.27,-30.0,Yong-13
14,-4.08,-30.0,-30.0,Yong-13
14,-2.93,-30.0,-30.0,Yong-13
14,-2.74,-30.0,-30.0,Yong-13
14,-2.9,0.29,-30.0,Yong-13
14,-3.28,0.16,-30.0,Yong-13
14,-2.75,0.39,-30.0,Yong-13
14,-3.17,-30.0,-30.0,Yong-13
14,-5.54,-30.0,-30.0,Yong-13
14,-2.65,-30.0,-30.0,Yong-13
14,-2.39,-30.0,-30.0,Yong-13
14,-3.14,-30.0,-30.0,Yong-13
14,-2.64,-30.0,-30.0,Yong-13
14,-2.7,-30.0,-30.0,Yong-13
14,-2.75,-30.0,-30.0,Yong-13
14,-3.02,-0.07,-30.0,Yong-13
14,-3.79,0.66,-30.0,Yong-13
14,-4.0,-30.0,-30.0,Yong-13
14,-4.09,-30.0,-30.0,Yong-13
14,-2.67,0.45,-30.0,Yong-13
14,-2.32,-30.0,-30.0,Yong-13
14,-3.46,0.5,-30.0,Yong-13
14,-3.05,-30.0,-30.0,Yong-13
14,-2.52,-30.0,-30.0,Yong-13
14,-2.95,0.5,-30.0,Yong-13
14,-3.57,0.05,-30.0,Yong-13
14,-3.75,0.35,-30.0,Yong-13
14,-3.75,0.34,-30.0,Yong-13
14,-3.1,0.02,-30.0,Yong-13
14,-2.56,-30.0,-30.0,Yong-13
14,-3.48,-30.0,-30.0,Yong-13
14,-3.3,0.29,-30.0,Yong-13
14,-3.01,0.07,-30.0,Yong-13
14,-3.54,0.58,-30.0,Yong-13
14,-2.99,-30.0,-30.0,Yong-13
14,-2.95,0.24,-30.0,Yong-13
14,-3.58,-30.0,-30.0,Yong-13
14,-3.77,-30.0,-30.0,Yong-13
14,-2.86,-0.1,-30.0,Yong-13
14,-2.6,-30.0,-30.0,Yong-13
14,-3.41,0.1,-30.0,Yong-13
14,-3.41,0.2,-30.0,Yong-13
14,-1.68,-30.0,-30.0,Yong-13
14,-2.98,0.1,-30.0,Yong-13
14,-2.95,-30.0,-30.0,Yong-13
14,-3.07,-30.0,-30.0,Yong-13
14,-2.77,-30.0,-30.0,Yong-13
14,-2.7,0.17,-30.0,Yong-13
14,-1.32,-30.0,-30.0,Yong-13
14,-2.4,0.31,-30.0,Yong-13
14,-4.81,-30.0,-30.0,Yong-13
14,-2.96,-0.05,-30.0,Yong-13
14,-2.98,1.5,-30.0,Yong-13
14,-2.68,-30.0,-30.0,Yong-13
14,-3.77,2.0,-30.0,Yong-13
14,-3.78,2.0,-30.0,Yong-13
14,-3.09,-30.0,-30.0,Yong-13
14,-2.98,-30.0,-30.0,Yong-13
14,-3.47,-30.0,-30.0,Yong-13
14,-3.25,-30.0,-30.0,Yong-13
14,-2.79,-30.0,-30.0,Yong-13
14,-2.87,0.46,-30.0,Yong-13
14,-2.89,0.5,-30.0,Yong-13
14,-3.49,1.7,-30.0,Yong-13
14,-3.48,1.7,-30.0,Yong-13
14,-3.44,1.5,-30.0,Yong-13
14,-3.53,1.8,-30.0,Yong-13
14,-2.77,0.23,-30.0,Yong-13
14,-2.84,-0.12,-30.0,Yong-13
14,-3.47,-30.0,-30.0,Yong-13
14,-3.86,-30.0,-30.0,Yong-13
14,-3.92,-30.0,-30.0,Yong-13
14,-2.71,-0.34,-30.0,Yong-13
14,-3.4,-30.0,-30.0,Yong-13
14,-2.7,0.16,-30.0,Yong-13
14,-2.93,-30.0,-30.0,Yong-13
14,-3.16,-30.0,-30.0,Yong-13
14,-3.51,0.31,-30.0,Yong-13
14,-3.75,-30.0,-30.0,Yong-13
14,-3.34,-30.0,-30.0,Yong-13
14,-2.65,-30.0,-30.0,Yong-13
14,-2.68,0.05,-30.0,Yong-13
14,-2.22,-30.0,-30.0,Yong-13
14,-3.69,0.68,-30.0,Yong-13
14,-5.76,-30.0,-30.0,Yong-13
14,-3.8,0.46,-30.0,Yong-13
14,-2.84,-30.0,-30.0,Yong-13
14,-3.57,1.8,-30.0,Yong-13
14,-3.58,1.8,-30.0,Yong-13
14,-3.71,0.79,-30.0,Yong-13
14,-3.63,0.97,-30.0,Yong-13
14,-2.83,-0.05,-30.0,Yong-13
14,-2.54,-30.0,-30.0,Yong-13
14,-3.17,0.1,-30.0,Yong-13
14,-3.19,0.09,-30.0,Yong-13
14,-3.54,0.59,-30.0,Yong-13
14,-4.05,-0.89,-30.0,Yong-13
14,-3.0,-30.0,-30.0,Yong-13
14,-2.6,-30.0,-30.0,Yong-13
14,-3.39,-30.0,-30.0,Yong-13
14,-3.35,-30.0,-30.0,Yong-13
14,-2.85,0.33,-30.0,Yong-13
14,-2.87,-30.0,-30.0,Yong-13
14,-2.54,-30.0,-30.0,Yong-13
14,-2.73,-30.0,-30.0,Yong-13
14,-3.54,0.5,-30.0,Yong-13
14,-2.56,-30.0,-30.0,Yong-13
14,-3.22,-30.0,-30.0,Yong-13
14,-2.56,0.39,-30.0,Yong-13
14,-2.66,-30.0,-30.0,Yong-13
14,-3.3,0.26,-30.0,Yong-13
14,-3.2,0.87,-30.0,Yong-13
14,-2.94,0.44,-30.0,Yong-13
14,-2.51,-30.0,-30.0,Yong-13
14,-2.94,0.67,-30.0,Yong-13
14,-3.31,0.56,-30.0,Yong-13
14,-3.23,0.64,-30.0,Yong-13
14,-2.03,0.11,-30.0,Yong-13
14,-2.17,-30.0,-30.0,Yong-13
14,-2.52,-30.0,-30.0,Yong-13
14,-3.32,-30.0,-30.0,Yong-13
14,-2.85,-30.0,-30.0,Yong-13
14,-2.68,-30.0,-30.0,Yong-13
14,-2.99,-30.0,-30.0,Yong-13
14,-3.2,-30.0,-30.0,Yong-13
14,-2.74,-30.0,-30.0,Yong-13
14,-3.86,-30.0,-30.0,Yong-13
14,-3.39,0.68,-30.0,Yong-13
14,-2.93,0.1,-30.0,Yong-13
14,-3.63,0.33,-30.0,Yong-13
14,-2.44,-30.0,-30.0,Yong-13
14,-4.1,0.43,-30.0,Yong-13
14,-3.05,-30.0,-30.0,Yong-13
14,-2.29,-30.0,-30.0,Yong-13
14,-2.36,-30.0,-30.0,Yong-13
14,-3.14,0.05,-30.0,Yong-13
14,-3.5,-30.0,-30.0,Yong-13
14,-3.49,-30.0,-30.0,Yong-13
14,-2.73,0.14,-30.0,Yong-13
14,-2.62,0.19,-30.0,Yong-13
14,-2.89,-30.0,-30.0,Yong-13
14,-2.74,-30.0,-30.0,Yong-13
14,-2.45,-30.0,-30.0,Yong-13
14,-3.31,-0.04,-30.0,Yong-13
14,-2.88,1.21,-30.0,Yong-13
14,-2.53,-30.0,-30.0,Yong-13
14,-4.02,1.0,-30.0,Yong-13
14,-2.72,-0.05,-30.0,Yong-13
14,-3.2,-30.0,-30.0,Yong-13
14,-2.87,0.35,-30.0,Yong-13
14,-2.98,-30.0,-30.0,Yong-13
14,-3.17,0.51,-30.0,Yong-13
14,-3.39,-30.0,-30.0,Yong-13
14,-2.57,-30.0,-30.0,Yong-13
14,-2.84,-30.0,-30.0,Yong-13
14,-2.78,-30.0,-30.0,Yong-13
14,-3.1,0.08,-30.0,Yong-13
14,-2.59,0.26,-30.0,Yong-13
14,-3.03,-30.0,-30.0,Yong-13
14,-2.83,-30.0,-30.0,Yong-13
14,-3.27,-30.0,-30.0,Yong-13
14,-2.99,-30.0,-30.0,Yong-13
14,-2.0,-30.0,-30.0,Yong-13
14,-3.05,-30.0,-30.0,Yong-13
14,-2.78,-30.0,-30.0,Yong-13
14,-1.46,-30.0,-30.0,Yong-13
14,-3.03,-30.0,-30.0,Yong-13
14,-2.96,0.02,-30.0,Yong-13
14,-2.87,0.8,-30.0,Yong-13
14,-3.38,0.13,-30.0,Yong-13
14,-3.31,0.36,-30.0,Yong-13
14,-2.78,-30.0,-30.0,Yong-13
14,-3.97,-30.0,-30.0,Yong-13
14,-2.98,-30.0,-30.0,Yong-13
14,-3.02,0.13,-30.0,Yong-13
14,-3.44,-30.0,-30.0,Yong-13
14,-2.6,0.33,-30.0,Yong-13
14,-2.12,-30.0,-30.0,Yong-13
14,-2.65,-30.0,-30.0,Yong-13
14,-2.43,-30.0,-30.0,Yong-13
14,-2.5,0.05,-30.0,Yong-13
14,-3.19,-30.0,-30.0,Yong-13
20,-2.92,0.27,-30.0,Yong-13
20,-1.0,0.11,-30.0,Yong-13
20,-2.8,0.28,-30.0,Yong-13
20,-2.95,0.33,-30.0,Yong-13
20,-2.82,0.54,-30.0,Yong-13
20,-3.32,0.58,-30.0,Yong-13
20,-3.05,0.72,-30.0,Yong-13
20,-2.28,-30.0,-30.0,Yong-13
20,-2.74,0.47,-30.0,Yong-13
20,-2.31,0.23,-30.0,Yong-13
20,-2.65,0.34,-30.0,Yong-13
20,-2.6,0.31,-30.0,Yong-13
20,-3.0,-30.0,-30.0,Yong-13
20,-2.67,0.21,-30.0,Yong-13
20,-3.04,0.51,-30.0,Yong-13
20,-4.15,0.22,-30.0,Yong-13
20,-3.68,0.11,-30.0,Yong-13
20,-2.59,0.42,-30.0,Yong-13
20,-4.08,0.65,-30.0,Yong-13
20,-2.93,0.24,-30.0,Yong-13
20,-2.74,0.39,-30.0,Yong-13
20,-2.9,0.53,-30.0,Yong-13
20,-3.28,0.42,-30.0,Yong-13
20,-2.75,0.31,-30.0,Yong-13
20,-3.17,0.32,-30.0,Yong-13
20,-5.54,0.12,-30.0,Yong-13
20,-2.65,0.26,-30.0,Yong-13
20,-2.39,0.3,-30.0,Yong-13
20,-3.14,0.8,-30.0,Yong-13
20,-2.64,0.3,-30.0,Yong-13
20,-2.7,-0.18,-30.0,Yong-13
20,-2.75,0.31,-30.0,Yong-13
20,-3.02,0.39,-30.0,Yong-13
20,-3.79,0.36,-30.0,Yong-13
20,-4.0,0.17,-30.0,Yong-13
20,-4.09,0.2,-30.0,Yong-13
20,-2.67,0.46,-30.0,Yong-13
20,-2.32,-30.0,-30.0,Yong-13
20,-3.46,0.22,-30.0,Yong-13
20,-3.05,0.15,-30.0,Yong-13
20,-2.52,0.41,-30.0,Yong-13
20,-2.95,0.43,-30.0,Yong-13
20,-3.57,0.11,-30.0,Yong-13
20,-3.75,0.39,-30.0,Yong-13
20,-3.75,0.39,-30.0,Yong-13
20,-3.1,0.42,-30.0,Yong-13
20,-2.56,0.0,-30.0,Yong-13
20,-3.48,0.2,-30.0,Yong-13
20,-3.3,0.29,-30.0,Yong-13
20,-3.01,0.58,-30.0,Yong-13
20,-3.54,0.38,-30.0,Yong-13
20,-2.99,0.48,-30.0,Yong-13
20,-2.95,0.1,-30.0,Yong-13
20,-3.58,0.02,-30.0,Yong-13
20,-3.77,0.24,-30.0,Yong-13
20,-2.86,0.49,-30.0,Yong-13
20,-2.6,0.42,-30.0,Yong-13
20,-3.41,0.28,-30.0,Yong-13
20,-3.41,0.74,-30.0,Yong-13
20,-1.68,0.12,-30.0,Yong-13
20,-2.98,0.42,-30.0,Yong-13
20,-2.95,0.13,-30.0,Yong-13
20,-3.07,0.36,-30.0,Yong-13
20,-2.77,0.38,-30.0,Yong-13
20,-2.7,0.39,-30.0,Yong-13
20,-1.32,0.53,-30.0,Yong-13
20,-2.4,0.3,-30.0,Yong-13
20,-4.81,0.17,-30.0,Yong-13
20,-2.96,0.34,-30.0,Yong-13
20,-2.98,0.56,-30.0,Yong-13
20,-2.68,0.22,-30.0,Yong-13
20,-3.77,0.26,-30.0,Yong-13
20,-3.78,0.26,-30.0,Yong-13
20,-3.09,0.54,-30.0,Yong-13
20,-2.98,0.25,-30.0,Yong-13
20,-3.47,0.7,-30.0,Yong-13
20,-3.25,0.33,-30.0,Yong-13
20,-2.79,0.96,-30.0,Yong-13
20,-2.87,0.4,-30.0,Yong-13
20,-2.89,0.44,-30.0,Yong-13
20,-3.49,0.3,-30.0,Yong-13
20,-3.48,0.3,-30.0,Yong-13
20,-3.44,0.53,-30.0,Yong-13
20,-3.53,0.3,-30.0,Yong-13
20,-2.77,0.49,-30.0,Yong-13
20,-2.84,0.4,-30.0,Yong-13
20,-3.47,1.16,-30.0,Yong-13
20,-3.86,0.05,-30.0,Yong-13
20,-3.92,0.07,-30.0,Yong-13
20,-2.71,0.45,-30.0,Yong-13
20,-3.4,0.16,-30.0,Yong-13
20,-2.7,-0.25,-30.0,Yong-13
20,-2.93,0.18,-30.0,Yong-13
20,-3.16,0.44,-30.0,Yong-13
20,-3.51,0.72,-30.0,Yong-13
20,-3.75,0.39,-30.0,Yong-13
20,-3.34,0.34,-30.0,Yong-13
20,-2.65,0.22,-30.0,Yong-13
20,-2.68,0.34,-30.0,Yong-13
20,-2.22,0.61,-30.0,Yong-13
20,-3.69,0.31,-30.0,Yong-13
20,-5.76,0.29,-30.0,Yong-13
20,-3.8,0.33,-30.0,Yong-13
20,-2.84,0.25,-30.0,Yong-13
20,-3.57,0.37,-30.0,Yong-13
20,-3.58,0.37,-30.0,Yong-13
20,-3.71,0.39,-30.0,Yong-13
20,-3.63,0.48,-30.0,Yong-13
20,-2.83,0.26,-30.0,Yong-13
20,-2.54,0.18,-30.0,Yong-13
20,-3.17,0.35,-30.0,Yong-13
20,-3.19,0.38,-30.0,Yong-13
20,-3.54,0.3,-30.0,Yong-13
20,-4.05,-0.5,-30.0,Yong-13
20,-3.0,0.42,-30.0,Yong-13
20,-2.6,1.08,-30.0,Yong-13
20,-3.39,0.34,-30.0,Yong-13
20,-3.35,0.4,-30.0,Yong-13
20,-2.85,0.13,-30.0,Yong-13
20,-2.87,0.3,-30.0,Yong-13
20,-2.54,-30.0,-30.0,Yong-13
20,-2.73,-30.0,-30.0,Yong-13
20,-3.54,0.19,-30.0,Yong-13
20,-2.56,0.37,-30.0,Yong-13
20,-3.22,0.37,-30.0,Yong-13
20,-2.56,0.21,-30.0,Yong-13
20,-2.66,0.3,-30.0,Yong-13
20,-3.3,0.42,-30.0,Yong-13
20,-3.2,0.24,-30.0,Yong-13
20,-2.94,0.47,-30.0,Yong-13
20,-2.51,0.07,-30.0,Yong-13
20,-2.94,0.38,-30.0,Yong-13
20,-3.31,0.34,-30.0,Yong-13
20,-3.23,0.36,-30.0,Yong-13
20,-2.03,0.06,-30.0,Yong-13
20,-2.17,0.31,-30.0,Yong-13
20,-2.52,0.24,-30.0,Yong-13
20,-3.32,0.29,-30.0,Yong-13
20,-2.85,0.39,-30.0,Yong-13
20,-2.68,0.47,-30.0,Yong-13
20,-2.99,0.3,-30.0,Yong-13
20,-3.2,0.41,-30.0,Yong-13
20,-2.74,0.19,-30.0,Yong-13
20,-3.86,0.41,-30.0,Yong-13
20,-3.39,0.15,-30.0,Yong-13
20,-2.93,0.44,-30.0,Yong-13
20,-3.63,0.61,-30.0,Yong-13
20,-2.44,0.37,-30.0,Yong-13
20,-4.1,0.22,-30.0,Yong-13
20,-3.05,0.35,-30.0,Yong-13
20,-2.29,-30.0,-30.0,Yong-13
20,-2.36,0.43,-30.0,Yong-13
20,-3.14,0.16,-30.0,Yong-13
20,-3.5,0.26,-30.0,Yong-13
20,-3.49,0.0,-30.0,Yong-13
20,-2.73,0.44,-30.0,Yong-13
20,-2.62,0.38,-30.0,Yong-13
20,-2.89,0.33,-30.0,Yong-13
20,-2.74,0.32,-30.0,Yong-13
20,-2.45,0.68,-30.0,Yong-13
20,-3.31,0.74,-30.0,Yong-13
20,-2.88,0.51,-30.0,Yong-13
20,-2.53,0.28,-30.0,Yong-13
20,-4.02,-30.0,-30.0,Yong-13
20,-2.72,0.16,-30.0,Yong-13
20,-3.2,0.28,-30.0,Yong-13
20,-2.87,0.3,-30.0,Yong-13
20,-2.98,0.35,-30.0,Yong-13
20,-3.17,0.39,-30.0,Yong-13
20,-3.39,0.45,-30.0,Yong-13
20,-2.57,0.96,-30.0,Yong-13
20,-2.84,0.32,-30.0,Yong-13
20,-2.78,0.17,-30.0,Yong-13
20,-3.1,0.38,-30.0,Yong-13
20,-2.59,0.34,-30.0,Yong-13
20,-3.03,0.21,-30.0,Yong-13
20,-2.83,0.32,-30.0,Yong-13
20,-3.27,0.23,-30.0,Yong-13
20,-2.99,0.24,-30.0,Yong-13
20,-2.0,0.74,-30.0,Yong-13
20,-3.05,0.5,-30.0,Yong-13
20,-2.78,0.66,-30.0,Yong-13
20,-1.46,0.39,-30.0,Yong-13
20,-3.03,0.37,-30.0,Yong-13
20,-2.96,0.4,-30.0,Yong-13
20,-2.87,0.43,-30.0,Yong-13
20,-3.38,0.28,-30.0,Yong-13
20,-3.31,0.44,-30.0,Yong-13
20,-2.78,0.6,-30.0,Yong-13
20,-3.97,0.39,-30.0,Yong-13
20,-2.98,0.45,-30.0,Yong-13
20,-3.02,0.49,-30.0,Yong-13
20,-3.44,0.24,-30.0,Yong-13
20,-2.6,0.39,-30.0,Yong-13
20,-2.12,0.4,-30.0,Yong-13
20,-2.65,0.21,-30.0,Yong-13
20,-2.43,0.22,-30.0,Yong-13
20,-2.5,-0.06,-30.0,Yong-13
20,-3.19,0.45,-30.0,Yong-13
21,-2.92,0.07,-30.0,Yong-13
21,-1.0,-30.0,-30.0,Yong-13
21,-2.8,0.33,-30.0,Yong-13
21,-2.95,0.77,-30.0,Yong-13
21,-2.82,0.25,-30.0,Yong-13
21,-3.32,0.46,-30.0,Yong-13
21,-3.05,0.44,-30.0,Yong-13
21,-2.28,-30.0,-30.0,Yong-13
21,-2.74,0.22,-30.0,Yong-13
21,-2.31,0.43,-30.0,Yong-13
21,-2.65,-30.0,-30.0,Yong-13
21,-2.6,-30.0,-30.0,Yong-13
21,-3.0,-30.0,-30.0,Yong-13
21,-2.67,-30.0,-30.0,Yong-13
21,-3.04,-30.0,-30.0,Yong-13
21,-4.15,0.1,-30.0,Yong-13
21,-3.68,-30.0,-30.0,Yong-13
21,-2.59,0.39,-30.0,Yong-13
21,-4.08,0.17,-30.0,Yong-13
21,-2.93,0.07,-30.0,Yong-13
21,-2.74,-30.0,-30.0,Yong-13
21,-2.9,0.19,-30.0,Yong-13
21,-3.28,0.1,-30.0,Yong-13
21,-2.75,0.2,-30.0,Yong-13
21,-3.17,-30.0,-30.0,Yong-13
21,-5.54,-30.0,-30.0,Yong-13
21,-2.65,-30.0,-30.0,Yong-13
21,-2.39,-30.0,-30.0,Yong-13
21,-3.14,-30.0,-30.0,Yong-13
21,-2.64,0.23,-30.0,Yong-13
21,-2.7,-30.0,-30.0,Yong-13
21,-2.75,0.18,-30.0,Yong-13
21,-3.02,0.28,-30.0,Yong-13
21,-3.79,1.05,-30.0,Yong-13
21,-4.0,0.32,-30.0,Yong-13
21,-4.09,-0.07,-30.0,Yong-13
21,-2.67,-30.0,-30.0,Yong-13
21,-2.32,-30.0,-30.0,Yong-13
21,-3.46,-30.0,-30.0,Yong-13
21,-3.05,0.21,-30.0,Yong-13
21,-2.52,-30.0,-30.0,Yong-13
21,-2.95,-30.0,-30.0,Yong-13
21,-3.57,0.54,-30.0,Yong-13
21,-3.75,-30.0,-30.0,Yong-13
21,-3.75,-30.0,-30.0,Yong-13
21,-3.1,0.27,-30.0,Yong-13
21,-2.56,-0.11,-30.0,Yong-13
21,-3.48,0.08,-30.0,Yong-13
21,-3.3,0.24,-30.0,Yong-13
21,-3.01,0.58,-30.0,Yong-13
21,-3.54,0.35,-30.0,Yong-13
21,-2.99,0.03,-30.0,Yong-13
21,-2.95,0.44,-30.0,Yong-13
21,-3.58,0.08,-30.0,Yong-13
21,-3.77,0.0,-30.0,Yong-13
21,-2.86,0.15,-30.0,Yong-13
21,-2.6,-30.0,-30.0,Yong-13
21,-3.41,-30.0,-30.0,Yong-13
21,-3.41,-30.0,-30.0,Yong-13
21,-1.68,-30.0,-30.0,Yong-13
21,-2.98,0.27,-30.0,Yong-13
21,-2.95,-0.08,-30.0,Yong-13
21,-3.07,0.28,-30.0,Yong-13
21,-2.77,-30.0,-30.0,Yong-13
21,-2.7,0.37,-30.0,Yong-13
21,-1.32,-30.0,-30.0,Yong-13
21,-2.4,0.28,-30.0,Yong-13
21,-4.81,-30.0,-30.0,Yong-13
21,-2.96,0.3,-30.0,Yong-13
21,-2.98,-30.0,-30.0,Yong-13
21,-2.68,-30.0,-30.0,Yong-13
21,-3.77,0.15,-30.0,Yong-13
21,-3.78,-0.08,-30.0,Yong-13
21,-3.09,-30.0,-30.0,Yong-13
21,-2.98,-30.0,-30.0,Yong-13
21,-3.47,-30.0,-30.0,Yong-13
21,-3.25,-30.0,-30.0,Yong-13
21,-2.79,-30.0,-30.0,Yong-13
21,-2.87,0.24,-30.0,Yong-13
21,-2.89,0.04,-30.0,Yong-13
21,-3.49,0.28,-30.0,Yong-13
21,-3.48,0.09,-30.0,Yong-13
21,-3.44,0.17,-30.0,Yong-13
21,-3.53,0.44,-30.0,Yong-13
21,-2.77,0.3,-30.0,Yong-13
21,-2.84,0.22,-30.0,Yong-13
21,-3.47,-30.0,-30.0,Yong-13
21,-3.86,0.31,-30.0,Yong-13
21,-3.92,-0.09,-30.0,Yong-13
21,-2.71,-0.09,-30.0,Yong-13
21,-3.4,-30.0,-30.0,Yong-13
21,-2.7,-0.55,-30.0,Yong-13
21,-2.93,-30.0,-30.0,Yong-13
21,-3.16,-30.0,-30.0,Yong-13
21,-3.51,0.38,-30.0,Yong-13
21,-3.75,0.3,-30.0,Yong-13
21,-3.34,0.01,-30.0,Yong-13
21,-2.65,-30.0,-30.0,Yong-13
21,-2.68,0.17,-30.0,Yong-13
21,-2.22,-30.0,-30.0,Yong-13
21,-3.69,0.0,-30.0,Yong-13
21,-5.76,-30.0,-30.0,Yong-13
21,-3.8,0.26,-30.0,Yong-13
21,-2.84,-30.0,-30.0,Yong-13
21,-3.57,0.21,-30.0,Yong-13
21,-3.58,-0.04,-30.0,Yong-13
21,-3.71,0.12,-30.0,Yong-13
21,-3.63,0.32,-30.0,Yong-13
21,-2.83,0.0,-30.0,Yong-13
21,-2.54,0.39,-30.0,Yong-13
21,-3.17,0.44,-30.0,Yong-13
21,-3.19,0.27,-30.0,Yong-13
21,-3.54,0.05,-30.0,Yong-13
21,-4.05,-0.01,-30.0,Yong-13
21,-3.0,-30.0,-30.0,Yong-13
21,-2.6,-30.0,-30.0,Yong-13
21,-3.39,0.15,-30.0,Yong-13
21,-3.35,0.4,-30.0,Yong-13
21,-2.85,0.4,-30.0,Yong-13
21,-2.87,0.09,-30.0,Yong-13
21,-2.54,-30.0,-30.0,Yong-13
21,-2.73,-30.0,-30.0,Yong-13
21,-3.54,-30.0,-30.0,Yong-13
21,-2.56,-30.0,-30.0,Yong-13
21,-3.22,-0.01,-30.0,Yong-13
21,-2.56,0.14,-30.0,Yong-13
21,-2.66,-30.0,-30.0,Yong-13
21,-3.3,0.4,-30.0,Yong-13
21,-3.2,-0.04,-30.0,Yong-13
21,-2.94,0.04,-30.0,Yong-13
21,-2.51,0.02,-30.0,Yong-13
21,-2.94,0.2,-30.0,Yong-13
21,-3.31,0.27,-30.0,Yong-13
21,-3.23,0.3,-30.0,Yong-13
21,-2.03,0.27,-30.0,Yong-13
21,-2.17,0.69,-30.0,Yong-13
21,-2.52,0.07,-30.0,Yong-13
21,-3.32,0.22,-30.0,Yong-13
21,-2.85,0.02,-30.0,Yong-13
21,-2.68,0.25,-30.0,Yong-13
21,-2.99,0.17,-30.0,Yong-13
21,-3.2,0.13,-30.0,Yong-13
21,-2.74,0.38,-30.0,Yong-13
21,-3.86,0.25,-30.0,Yong-13
21,-3.39,0.11,-30.0,Yong-13
21,-2.93,0.25,-30.0,Yong-13
21,-3.63,-30.0,-30.0,Yong-13
21,-2.44,-30.0,-30.0,Yong-13
21,-4.1,-0.03,-30.0,Yong-13
21,-3.05,-30.0,-30.0,Yong-13
21,-2.29,-30.0,-30.0,Yong-13
21,-2.36,-30.0,-30.0,Yong-13
21,-3.14,0.18,-30.0,Yong-13
21,-3.5,-0.04,-30.0,Yong-13
21,-3.49,-30.0,-30.0,Yong-13
21,-2.73,0.25,-30.0,Yong-13
21,-2.62,0.31,-30.0,Yong-13
21,-2.89,0.26,-30.0,Yong-13
21,-2.74,0.33,-30.0,Yong-13
21,-2.45,-30.0,-30.0,Yong-13
21,-3.31,0.06,-30.0,Yong-13
21,-2.88,-30.0,-30.0,Yong-13
21,-2.53,-30.0,-30.0,Yong-13
21,-4.02,-30.0,-30.0,Yong-13
21,-2.72,0.07,-30.0,Yong-13
21,-3.2,0.51,-30.0,Yong-13
21,-2.87,-30.0,-30.0,Yong-13
21,-2.98,0.1,-30.0,Yong-13
21,-3.17,0.13,-30.0,Yong-13
21,-3.39,0.0,-30.0,Yong-13
21,-2.57,-30.0,-30.0,Yong-13
21,-2.84,0.28,-30.0,Yong-13
21,-2.78,-30.0,-30.0,Yong-13
21,-3.1,0.16,-30.0,Yong-13
21,-2.59,0.08,-30.0,Yong-13
21,-3.03,0.27,-30.0,Yong-13
21,-2.83,-30.0,-30.0,Yong-13
21,-3.27,0.18,-30.0,Yong-13
21,-2.99,0.3,-30.0,Yong-13
21,-2.0,-30.0,-30.0,Yong-13
21,-3.05,0.21,-30.0,Yong-13
21,-2.78,-30.0,-30.0,Yong-13
21,-1.46,-30.0,-30.0,Yong-13
21,-3.03,0.23,-30.0,Yong-13
21,-2.96,0.27,-30.0,Yong-13
21,-2.87,-30.0,-30.0,Yong-13
21,-3.38,0.26,-30.0,Yong-13
21,-3.31,0.42,-30.0,Yong-13
21,-2.78,-30.0,-30.0,Yong-13
21,-3.97,0.29,-30.0,Yong-13
21,-2.98,-30.0,-30.0,Yong-13
21,-3.02,0.47,-30.0,Yong-13
21,-3.44,-0.01,-30.0,Yong-13
21,-2.6,0.38,-30.0,Yong-13
21,-2.12,0.02,-30.0,Yong-13
21,-2.65,0.04,-30.0,Yong-13
21,-2.43,0.27,-30.0,Yong-13
21,-2.5,-30.0,-30.0,Yong-13
21,-3.19,-30.0,-30.0,Yong-13
22,-2.92,0.3,-30.0,Yong-13
22,-1.0,0.28,-30.0,Yong-13
22,-2.8,0.33,-30.0,Yong-13
22,-2.95,0.6,-30.0,Yong-13
22,-2.82,0.63,-30.0,Yong-13
22,-3.32,-30.0,-30.0,Yong-13
22,-3.05,-30.0,-30.0,Yong-13
22,-2.28,0.34,-30.0,Yong-13
22,-2.74,0.64,-30.0,Yong-13
22,-2.31,0.12,-30.0,Yong-13
22,-2.65,0.29,-30.0,Yong-13
22,-2.6,-30.0,-30.0,Yong-13
22,-3.0,0.66,-30.0,Yong-13
22,-2.67,0.5,-30.0,Yong-13
22,-3.04,0.42,-30.0,Yong-13
22,-4.15,0.44,-30.0,Yong-13
22,-3.68,-30.0,-30.0,Yong-13
22,-2.59,0.62,-30.0,Yong-13
22,-4.08,0.68,-30.0,Yong-13
22,-2.93,0.19,-30.0,Yong-13
22,-2.74,0.29,-30.0,Yong-13
22,-2.9,-30.0,-30.0,Yong-13
22,-3.28,0.76,-30.0,Yong-13
22,-2.75,0.78,-30.0,Yong-13
22,-3.17,0.63,-30.0,Yong-13
22,-5.54,-30.0,-30.0,Yong-13
22,-2.65,-30.0,-30.0,Yong-13
22,-2.39,0.39,-30.0,Yong-13
22,-3.14,-30.0,-30.0,Yong-13
22,-2.64,0.26,-30.0,Yong-13
22,-2.7,0.75,-30.0,Yong-13
22,-2.75,0.44,-30.0,Yong-13
22,-3.02,-30.0,-30.0,Yong-13
22,-3.79,0.7,-30.0,Yong-13
22,-4.0,-30.0,-30.0,Yong-13
22,-4.09,-30.0,-30.0,Yong-13
22,-2.67,0.67,-30.0,Yong-13
22,-2.32,0.57,-30.0,Yong-13
22,-3.46,0.17,-30.0,Yong-13
22,-3.05,-30.0,-30.0,Yong-13
22,-2.52,0.55,-30.0,Yong-13
22,-2.95,0.22,-30.0,Yong-13
22,-3.57,-30.0,-30.0,Yong-13
22,-3.75,-30.0,-30.0,Yong-13
22,-3.75,-30.0,-30.0,Yong-13
22,-3.1,-30.0,-30.0,Yong-13
22,-2.56,0.28,-30.0,Yong-13
22,-3.48,0.17,-30.0,Yong-13
22,-3.3,-30.0,-30.0,Yong-13
22,-3.01,-30.0,-30.0,Yong-13
22,-3.54,-30.0,-30.0,Yong-13
22,-2.99,0.3,-30.0,Yong-13
22,-2.95,-30.0,-30.0,Yong-13
22,-3.58,0.14,-30.0,Yong-13
22,-3.77,0.37,-30.0,Yong-13
22,-2.86,-30.0,-30.0,Yong-13
22,-2.6,0.46,-30.0,Yong-13
22,-3.41,-30.0,-30.0,Yong-13
22,-3.41,-30.0,-30.0,Yong-13
22,-1.68,0.17,-30.0,Yong-13
22,-2.98,-30.0,-30.0,Yong-13
22,-2.95,-0.07,-30.0,Yong-13
22,-3.07,0.36,-30.0,Yong-13
22,-2.77,0.37,-30.0,Yong-13
22,-2.7,0.69,-30.0,Yong-13
22,-1.32,0.4,-30.0,Yong-13
22,-2.4,0.67,-30.0,Yong-13
22,-4.81,-30.0,-30.0,Yong-13
22,-2.96,1.03,-30.0,Yong-13
22,-2.98,-30.0,-30.0,Yong-13
22,-2.68,-30.0,-30.0,Yong-13
22,-3.77,-30.0,-30.0,Yong-13
22,-3.78,-30.0,-30.0,Yong-13
22,-3.09,0.49,-30.0,Yong-13
22,-2.98,0.18,-30.0,Yong-13
22,-3.47,-30.0,-30.0,Yong-13
22,-3.25,0.27,-30.0,Yong-13
22,-2.79,0.33,-30.0,Yong-13
22,-2.87,-30.0,-30.0,Yong-13
22,-2.89,-30.0,-30.0,Yong-13
22,-3.49,-30.0,-30.0,Yong-13
22,-3.48,-30.0,-30.0,Yong-13
22,-3.44,-30.0,-30.0,Yong-13
22,-3.53,-30.0,-30.0,Yong-13
22,-2.77,0.67,-30.0,Yong-13
22,-2.84,-30.0,-30.0,Yong-13
22,-3.47,0.59,-30.0,Yong-13
22,-3.86,-30.0,-30.0,Yong-13
22,-3.92,-30.0,-30.0,Yong-13
22,-2.71,-30.0,-30.0,Yong-13
22,-3.4,0.55,-30.0,Yong-13
22,-2.7,-0.29,-30.0,Yong-13
22,-2.93,0.0,-30.0,Yong-13
22,-3.16,0.27,-30.0,Yong-13
22,-3.51,0.73,-30.0,Yong-13
22,-3.75,0.62,-30.0,Yong-13
22,-3.34,0.52,-30.0,Yong-13
22,-2.65,0.17,-30.0,Yong-13
22,-2.68,-30.0,-30.0,Yong-13
22,-2.22,-30.0,-30.0,Yong-13
22,-3.69,0.54,-30.0,Yong-13
22,-5.76,-30.0,-30.0,Yong-13
22,-3.8,0.5,-30.0,Yong-13
22,-2.84,0.14,-30.0,Yong-13
22,-3.57,0.8,-30.0,Yong-13
22,-3.58,0.8,-30.0,Yong-13
22,-3.71,-30.0,-30.0,Yong-13
22,-3.63,0.45,-30.0,Yong-13
22,-2.83,0.68,-30.0,Yong-13
22,-2.54,0.18,-30.0,Yong-13
22,-3.17,-30.0,-30.0,Yong-13
22,-3.19,-30.0,-30.0,Yong-13
22,-3.54,0.23,-30.0,Yong-13
22,-4.05,-30.0,-30.0,Yong-13
22,-3.0,0.32,-30.0,Yong-13
22,-2.6,0.32,-30.0,Yong-13
22,-3.39,0.37,-30.0,Yong-13
22,-3.35,0.35,-30.0,Yong-13
22,-2.85,0.59,-30.0,Yong-13
22,-2.87,0.28,-30.0,Yong-13
22,-2.54,0.18,-30.0,Yong-13
22,-2.73,0.07,-30.0,Yong-13
22,-3.54,0.53,-30.0,Yong-13
22,-2.56,0.34,-30.0,Yong-13
22,-3.22,0.29,-30.0,Yong-13
22,-2.56,0.27,-30.0,Yong-13
22,-2.66,0.34,-30.0,Yong-13
22,-3.3,-30.0,-30.0,Yong-13
22,-3.2,0.03,-30.0,Yong-13
22,-2.94,0.49,-30.0,Yong-13
22,-2.51,0.39,-30.0,Yong-13
22,-2.94,0.25,-30.0,Yong-13
22,-3.31,0.36,-30.0,Yong-13
22,-3.23,0.44,-30.0,Yong-13
22,-2.03,0.31,-30.0,Yong-13
22,-2.17,0.38,-30.0,Yong-13
22,-2.52,0.17,-30.0,Yong-13
22,-3.32,0.3,-30.0,Yong-13
22,-2.85,0.29,-30.0,Yong-13
22,-2.68,0.29,-30.0,Yong-13
22,-2.99,0.17,-30.0,Yong-13
22,-3.2,0.16,-30.0,Yong-13
22,-2.74,0.06,-30.0,Yong-13
22,-3.86,0.39,-30.0,Yong-13
22,-3.39,0.27,-30.0,Yong-13
22,-2.93,-30.0,-30.0,Yong-13
22,-3.63,-30.0,-30.0,Yong-13
22,-2.44,0.33,-30.0,Yong-13
22,-4.1,0.17,-30.0,Yong-13
22,-3.05,0.27,-30.0,Yong-13
22,-2.29,0.14,-30.0,Yong-13
22,-2.36,-30.0,-30.0,Yong-13
22,-3.14,-30.0,-30.0,Yong-13
22,-3.5,0.29,-30.0,Yong-13
22,-3.49,0.11,-30.0,Yong-13
22,-2.73,0.81,-30.0,Yong-13
22,-2.62,0.72,-30.0,Yong-13
22,-2.89,0.6,-30.0,Yong-13
22,-2.74,0.19,-30.0,Yong-13
22,-2.45,0.91,-30.0,Yong-13
22,-3.31,-30.0,-30.0,Yong-13
22,-2.88,-30.0,-30.0,Yong-13
22,-2.53,0.48,-30.0,Yong-13
22,-4.02,-30.0,-30.0,Yong-13
22,-2.72,-30.0,-30.0,Yong-13
22,-3.2,0.34,-30.0,Yong-13
22,-2.87,0.31,-30.0,Yong-13
22,-2.98,0.36,-30.0,Yong-13
22,-3.17,0.87,-30.0,Yong-13
22,-3.39,0.4,-30.0,Yong-13
22,-2.57,0.4,-30.0,Yong-13
22,-2.84,0.24,-30.0,Yong-13
22,-2.78,0.21,-30.0,Yong-13
22,-3.1,0.52,-30.0,Yong-13
22,-2.59,-30.0,-30.0,Yong-13
22,-3.03,0.15,-30.0,Yong-13
22,-2.83,0.25,-30.0,Yong-13
22,-3.27,0.3,-30.0,Yong-13
22,-2.99,0.2,-30.0,Yong-13
22,-2.0,0.44,-30.0,Yong-13
22,-3.05,0.3,-30.0,Yong-13
22,-2.78,0.87,-30.0,Yong-13
22,-1.46,0.39,-30.0,Yong-13
22,-3.03,0.28,-30.0,Yong-13
22,-2.96,-30.0,-30.0,Yong-13
22,-2.87,0.34,-30.0,Yong-13
22,-3.38,-30.0,-30.0,Yong-13
22,-3.31,0.78,-30.0,Yong-13
22,-2.78,0.4,-30.0,Yong-13
22,-3.97,0.45,-30.0,Yong-13
22,-2.98,0.35,-30.0,Yong-13
22,-3.02,0.72,-30.0,Yong-13
22,-3.44,0.2,-30.0,Yong-13
22,-2.6,0.72,-30.0,Yong-13
22,-2.12,0.36,-30.0,Yong-13
22,-2.65,0.76,-30.0,Yong-13
22,-2.43,0.28,-30.0,Yong-13
22,-2.5,0.33,-30.0,Yong-13
22,-3.19,0.4,-30.0,Yong-13
24,-2.92,-0.31,-30.0,Yong-13
24,-1.0,-30.0,-30.0,Yong-13
24,-2.8,-0.12,-30.0,Yong-13
24,-2.95,-0.14,-30.0,Yong-13
24,-2.82,-0.38,-30.0,Yong-13
24,-3.32,0.05,-30.0,Yong-13
24,-3.05,0.13,-30.0,Yong-13
24,-2.28,-30.0,-30.0,Yong-13
24,-2.74,-0.12,-30.0,Yong-13
24,-2.31,-0.15,-30.0,Yong-13
24,-2.65,-30.0,-30.0,Yong-13
24,-2.6,-0.09,-30.0,Yong-13
24,-3.0,-0.11,-30.0,Yong-13
24,-2.67,-0.17,-30.0,Yong-13
24,-3.04,-0.09,-30.0,Yong-13
24,-4.15,-0.4,-30.0,Yong-13
24,-3.68,0.23,-30.0,Yong-13
24,-2.59,-0.06,-30.0,Yong-13
24,-4.08,-0.5,-30.0,Yong-13
24,-2.93,-0.41,-30.0,Yong-13
24,-2.74,-30.0,-30.0,Yong-13
24,-2.9,-0.2,-30.0,Yong-13
24,-3.28,-0.13,-30.0,Yong-13
24,-2.75,-0.18,-30.0,Yong-13
24,-3.17,-30.0,-30.0,Yong-13
24,-5.54,-30.0,-30.0,Yong-13
24,-2.65,-0.28,-30.0,Yong-13
24,-2.39,-0.09,-30.0,Yong-13
24,-3.14,-30.0,-30.0,Yong-13
24,-2.64,-0.2,-30.0,Yong-13
24,-2.7,-0.61,-30.0,Yong-13
24,-2.75,-0.31,-30.0,Yong-13
24,-3.02,-0.06,-30.0,Yong-13
24,-3.79,-0.36,-30.0,Yong-13
24,-4.0,-30.0,-30.0,Yong-13
24,-4.09,-30.0,-30.0,Yong-13
24,-2.67,-0.26,-30.0,Yong-13
24,-2.32,-0.3,-30.0,Yong-13
24,-3.46,-0.38,-30.0,Yong-13
24,-3.05,-0.21,-30.0,Yong-13
24,-2.52,0.07,-30.0,Yong-13
24,-2.95,0.09,-30.0,Yong-13
24,-3.57,-0.1,-30.0,Yong-13
24,-3.75,-0.01,-30.0,Yong-13
24,-3.75,0.0,-30.0,Yong-13
24,-3.1,-0.02,-30.0,Yong-13
24,-2.56,-30.0,-30.0,Yong-13
24,-3.48,-0.44,-30.0,Yong-13
24,-3.3,-0.14,-30.0,Yong-13
24,-3.01,-0.08,-30.0,Yong-13
24,-3.54,-0.3,-30.0,Yong-13
24,-2.99,-0.27,-30.0,Yong-13
24,-2.95,-0.22,-30.0,Yong-13
24,-3.58,-0.46,-30.0,Yong-13
24,-3.77,-0.44,-30.0,Yong-13
24,-2.86,-0.18,-30.0,Yong-13
24,-2.6,-0.18,-30.0,Yong-13
24,-3.41,-30.0,-30.0,Yong-13
24,-3.41,-30.0,-30.0,Yong-13
24,-1.68,0.11,-30.0,Yong-13
24,-2.98,-0.07,-30.0,Yong-13
24,-2.95,-0.46,-30.0,Yong-13
24,-3.07,-0.36,-30.0,Yong-13
24,-2.77,-30.0,-30.0,Yong-13
24,-2.7,-0.07,-30.0,Yong-13
24,-1.32,-30.0,-30.0,Yong-13
24,-2.4,-0.21,-30.0,Yong-13
24,-4.81,-0.69,-30.0,Yong-13
24,-2.96,-0.14,-30.0,Yong-13
24,-2.98,-0.27,-30.0,Yong-13
24,-2.68,-0.21,-30.0,Yong-13
24,-3.77,-0.24,-30.0,Yong-13
24,-3.78,-0.23,-30.0,Yong-13
24,-3.09,-0.34,-30.0,Yong-13
24,-2.98,-0.3,-30.0,Yong-13
24,-3.47,-0.24,-30.0,Yong-13
24,-3.25,-30.0,-30.0,Yong-13
24,-2.79,-0.3,-30.0,Yong-13
24,-2.87,-0.23,-30.0,Yong-13
24,-2.89,-0.23,-30.0,Yong-13
24,-3.49,-0.07,-30.0,Yong-13
24,-3.48,-0.07,-30.0,Yong-13
24,-3.44,-0.12,-30.0,Yong-13
24,-3.53,0.05,-30.0,Yong-13
24,-2.77,-0.12,-30.0,Yong-13
24,-2.84,0.01,-30.0,Yong-13
24,-3.47,-0.56,-30.0,Yong-13
24,-3.86,-0.5,-30.0,Yong-13
24,-3.92,-0.48,-30.0,Yong-13
24,-2.71,0.04,-30.0,Yong-13
24,-3.4,-0.13,-30.0,Yong-13
24,-2.7,-0.41,-30.0,Yong-13
24,-2.93,-0.14,-30.0,Yong-13
24,-3.16,-0.38,-30.0,Yong-13
24,-3.51,-0.09,-30.0,Yong-13
24,-3.75,-0.38,-30.0,Yong-13
24,-3.34,-0.35,-30.0,Yong-13
24,-2.65,0.13,-30.0,Yong-13
24,-2.68,-0.11,-30.0,Yong-13
24,-2.22,-30.0,-30.0,Yong-13
24,-3.69,-0.34,-30.0,Yong-13
24,-5.76,-30.0,-30.0,Yong-13
24,-3.8,-0.41,-30.0,Yong-13
24,-2.84,0.02,-30.0,Yong-13
24,-3.57,-0.22,-30.0,Yong-13
24,-3.58,-0.21,-30.0,Yong-13
24,-3.71,-0.38,-30.0,Yong-13
24,-3.63,-0.46,-30.0,Yong-13
24,-2.83,-0.1,-30.0,Yong-13
24,-2.54,-0.3,-30.0,Yong-13
24,-3.17,-0.16,-30.0,Yong-13
24,-3.19,-0.14,-30.0,Yong-13
24,-3.54,-0.63,-30.0,Yong-13
24,-4.05,-0.32,-30.0,Yong-13
24,-3.0,-30.0,-30.0,Yong-13
24,-2.6,-30.0,-30.0,Yong-13
24,-3.39,-0.4,-30.0,Yong-13
24,-3.35,-0.44,-30.0,Yong-13
24,-2.85,-0.23,-30.0,Yong-13
24,-2.87,-0.27,-30.0,Yong-13
24,-2.54,-30.0,-30.0,Yong-13
24,-2.73,-30.0,-30.0,Yong-13
24,-3.54,-0.15,-30.0,Yong-13
24,-2.56,-0.11,-30.0,Yong-13
24,-3.22,-0.42,-30.0,Yong-13
24,-2.56,-0.19,-30.0,Yong-13
24,-2.66,0.22,-30.0,Yong-13
24,-3.3,-0.2,-30.0,Yong-13
24,-3.2,-0.44,-30.0,Yong-13
24,-2.94,-0.25,-30.0,Yong-13
24,-2.51,0.02,-30.0,Yong-13
24,-2.94,-0.47,-30.0,Yong-13
24,-3.31,-0.45,-30.0,Yong-13
24,-3.23,-0.36,-30.0,Yong-13
24,-2.03,-0.16,-30.0,Yong-13
24,-2.17,-0.23,-30.0,Yong-13
24,-2.52,-0.28,-30.0,Yong-13
24,-3.32,-0.41,-30.0,Yong-13
24,-2.85,-0.21,-30.0,Yong-13
24,-2.68,-0.29,-30.0,Yong-13
24,-2.99,-0.34,-30.0,Yong-13
24,-3.2,-0.36,-30.0,Yong-13
24,-2.74,-0.31,-30.0,Yong-13
24,-3.86,-0.45,-30.0,Yong-13
24,-3.39,-0.55,-30.0,Yong-13
24,-2.93,-0.23,-30.0,Yong-13
24,-3.63,-30.0,-30.0,Yong-13
24,-2.44,0.04,-30.0,Yong-13
24,-4.1,-0.48,-30.0,Yong-13
24,-3.05,-0.32,-30.0,Yong-13
24,-2.29,-0.19,-30.0,Yong-13
24,-2.36,-0.02,-30.0,Yong-13
24,-3.14,0.02,-30.0,Yong-13
24,-3.5,-0.37,-30.0,Yong-13
24,-3.49,-0.23,-30.0,Yong-13
24,-2.73,0.05,-30.0,Yong-13
24,-2.62,-0.12,-30.0,Yong-13
24,-2.89,-0.1,-30.0,Yong-13
24,-2.74,-0.26,-30.0,Yong-13
24,-2.45,-0.03,-30.0,Yong-13
24,-3.31,-0.37,-30.0,Yong-13
24,-2.88,-0.19,-30.0,Yong-13
24,-2.53,-0.21,-30.0,Yong-13
24,-4.02,0.34,-30.0,Yong-13
24,-2.72,-0.08,-30.0,Yong-13
24,-3.2,-0.28,-30.0,Yong-13
24,-2.87,-0.19,-30.0,Yong-13
24,-2.98,-0.33,-30.0,Yong-13
24,-3.17,-0.08,-30.0,Yong-13
24,-3.39,-0.39,-30.0,Yong-13
24,-2.57,-0.63,-30.0,Yong-13
24,-2.84,-0.2,-30.0,Yong-13
24,-2.78,0.08,-30.0,Yong-13
24,-3.1,-0.22,-30.0,Yong-13
24,-2.59,-0.11,-30.0,Yong-13
24,-3.03,-0.38,-30.0,Yong-13
24,-2.83,-0.19,-30.0,Yong-13
24,-3.27,-0.4,-30.0,Yong-13
24,-2.99,-0.26,-30.0,Yong-13
24,-2.0,-30.0,-30.0,Yong-13
24,-3.05,-0.26,-30.0,Yong-13
24,-2.78,0.19,-30.0,Yong-13
24,-1.46,-0.22,-30.0,Yong-13
24,-3.03,-0.39,-30.0,Yong-13
24,-2.96,-0.27,-30.0,Yong-13
24,-2.87,-0.11,-30.0,Yong-13
24,-3.38,-0.07,-30.0,Yong-13
24,-3.31,-0.05,-30.0,Yong-13
24,-2.78,0.11,-30.0,Yong-13
24,-3.97,-0.37,-30.0,Yong-13
24,-2.98,-0.03,-30.0,Yong-13
24,-3.02,-0.01,-30.0,Yong-13
24,-3.44,-0.45,-30.0,Yong-13
24,-2.6,-0.14,-30.0,Yong-13
24,-2.12,-0.14,-30.0,Yong-13
24,-2.65,0.27,-30.0,Yong-13
24,-2.43,-0.05,-30.0,Yong-13
24,-2.5,-30.0,-30.0,Yong-13
24,-3.19,-0.17,-30.0,Yong-13
25,-2.92,-0.68,-30.0,Yong-13
25,-1.0,-30.0,-30.0,Yong-13
25,-2.8,-0.6,-30.0,Yong-13
25,-2.95,-30.0,-30.0,Yong-13
25,-2.82,-30.0,-30.0,Yong-13
25,-3.32,-30.0,-30.0,Yong-13
25,-3.05,-30.0,-30.0,Yong-13
25,-2.28,-30.0,-30.0,Yong-13
25,-2.74,-0.65,-30.0,Yong-13
25,-2.31,-30.0,-30.0,Yong-13
25,-2.65,-30.0,-30.0,Yong-13
25,-2.6,-30.0,-30.0,Yong-13
25,-3.0,-30.0,-30.0,Yong-13
25,-2.67,-30.0,-30.0,Yong-13
25,-3.04,-0.68,-30.0,Yong-13
25,-4.15,-30.0,-30.0,Yong-13
25,-3.68,-30.0,-30.0,Yong-13
25,-2.59,-0.81,-30.0,Yong-13
25,-4.08,-30.0,-30.0,Yong-13
25,-2.93,-30.0,-30.0,Yong-13
25,-2.74,-0.53,-30.0,Yong-13
25,-2.9,-0.63,-30.0,Yong-13
25,-3.28,-0.66,-30.0,Yong-13
25,-2.75,-0.69,-30.0,Yong-13
25,-3.17,-0.7,-30.0,Yong-13
25,-5.54,-30.0,-30.0,Yong-13
25,-2.65,-30.0,-30.0,Yong-13
25,-2.39,-30.0,-30.0,Yong-13
25,-3.14,-30.0,-30.0,Yong-13
25,-2.64,-30.0,-30.0,Yong-13
25,-2.7,-30.0,-30.0,Yong-13
25,-2.75,-0.48,-30.0,Yong-13
25,-3.02,-0.5,-30.0,Yong-13
25,-3.79,-0.86,-30.0,Yong-13
25,-4.0,-30.0,-30.0,Yong-13
25,-4.09,-30.0,-30.0,Yong-13
25,-2.67,-0.51,-30.0,Yong-13
25,-2.32,-0.82,-30.0,Yong-13
25,-3.46,-0.59,-30.0,Yong-13
25,-3.05,-30.0,-30.0,Yong-13
25,-2.52,-30.0,-30.0,Yong-13
25,-2.95,-30.0,-30.0,Yong-13
25,-3.57,-30.0,-30.0,Yong-13
25,-3.75,-30.0,-30.0,Yong-13
25,-3.75,-30.0,-30.0,Yong-13
25,-3.1,-30.0,-30.0,Yong-13
25,-2.56,-30.0,-30.0,Yong-13
25,-3.48,-30.0,-30.0,Yong-13
25,-3.3,-30.0,-30.0,Yong-13
25,-3.01,-30.0,-30.0,Yong-13
25,-3.54,-0.83,-30.0,Yong-13
25,-2.99,-0.37,-30.0,Yong-13
25,-2.95,-0.62,-30.0,Yong-13
25,-3.58,-30.0,-30.0,Yong-13
25,-3.77,-30.0,-30.0,Yong-13
25,-2.86,-30.0,-30.0,Yong-13
25,-2.6,-0.2,-30.0,Yong-13
25,-3.41,-30.0,-30.0,Yong-13
25,-3.41,-30.0,-30.0,Yong-13
25,-1.68,-30.0,-30.0,Yong-13
25,-2.98,-30.0,-30.0,Yong-13
25,-2.95,-0.36,-30.0,Yong-13
25,-3.07,-30.0,-30.0,Yong-13
25,-2.77,-30.0,-30.0,Yong-13
25,-2.7,-0.51,-30.0,Yong-13
25,-1.32,-30.0,-30.0,Yong-13
25,-2.4,-0.65,-30.0,Yong-13
25,-4.81,-30.0,-30.0,Yong-13
25,-2.96,-0.38,-30.0,Yong-13
25,-2.98,-30.0,-30.0,Yong-13
25,-2.68,-30.0,-30.0,Yong-13
25,-3.77,-30.0,-30.0,Yong-13
25,-3.78,-30.0,-30.0,Yong-13
25,-3.09,-30.0,-30.0,Yong-13
25,-2.98,-0.79,-30.0,Yong-13
25,-3.47,-0.51,-30.0,Yong-13
25,-3.25,-0.77,-30.0,Yong-13
25,-2.79,0.0,-30.0,Yong-13
25,-2.87,-0.63,-30.0,Yong-13
25,-2.89,-0.62,-30.0,Yong-13
25,-3.49,-30.0,-30.0,Yong-13
25,-3.48,-30.0,-30.0,Yong-13
25,-3.44,-30.0,-30.0,Yong-13
25,-3.53,-30.0,-30.0,Yong-13
25,-2.77,-0.58,-30.0,Yong-13
25,-2.84,-0.42,-30.0,Yong-13
25,-3.47,-30.0,-30.0,Yong-13
25,-3.86,-0.59,-30.0,Yong-13
25,-3.92,-0.58,-30.0,Yong-13
25,-2.71,-30.0,-30.0,Yong-13
25,-3.4,-0.23,-30.0,Yong-13
25,-2.7,-0.35,-30.0,Yong-13
25,-2.93,-0.74,-30.0,Yong-13
25,-3.16,-0.37,-30.0,Yong-13
25,-3.51,-30.0,-30.0,Yong-13
25,-3.75,-0.76,-30.0,Yong-13
25,-3.34,-0.78,-30.0,Yong-13
25,-2.65,-0.7,-30.0,Yong-13
25,-2.68,-0.5,-30.0,Yong-13
25,-2.22,-30.0,-30.0,Yong-13
25,-3.69,-0.78,-30.0,Yong-13
25,-5.76,-30.0,-30.0,Yong-13
25,-3.8,-0.7,-30.0,Yong-13
25,-2.84,-0.71,-30.0,Yong-13
25,-3.57,-30.0,-30.0,Yong-13
25,-3.58,-30.0,-30.0,Yong-13
25,-3.71,-0.81,-30.0,Yong-13
25,-3.63,-1.0,-30.0,Yong-13
25,-2.83,-30.0,-30.0,Yong-13
25,-2.54,-0.24,-30.0,Yong-13
25,-3.17,-30.0,-30.0,Yong-13
25,-3.19,-30.0,-30.0,Yong-13
25,-3.54,-0.9,-30.0,Yong-13
25,-4.05,-0.23,-30.0,Yong-13
25,-3.0,-0.66,-30.0,Yong-13
25,-2.6,-30.0,-30.0,Yong-13
25,-3.39,-30.0,-30.0,Yong-13
25,-3.35,-30.0,-30.0,Yong-13
25,-2.85,-30.0,-30.0,Yong-13
25,-2.87,-0.66,-30.0,Yong-13
25,-2.54,-30.0,-30.0,Yong-13
25,-2.73,-30.0,-30.0,Yong-13
25,-3.54,-0.32,-30.0,Yong-13
25,-2.56,-0.34,-30.0,Yong-13
25,-3.22,-0.83,-30.0,Yong-13
25,-2.56,-0.56,-30.0,Yong-13
25,-2.66,-30.0,-30.0,Yong-13
25,-3.3,-0.54,-30.0,Yong-13
25,-3.2,-0.78,-30.0,Yong-13
25,-2.94,-0.63,-30.0,Yong-13
25,-2.51,-0.34,-30.0,Yong-13
25,-2.94,-0.53,-30.0,Yong-13
25,-3.31,-0.92,-30.0,Yong-13
25,-3.23,-0.86,-30.0,Yong-13
25,-2.03,-0.6,-30.0,Yong-13
25,-2.17,-30.0,-30.0,Yong-13
25,-2.52,-0.68,-30.0,Yong-13
25,-3.32,-30.0,-30.0,Yong-13
25,-2.85,-30.0,-30.0,Yong-13
25,-2.68,-0.51,-30.0,Yong-13
25,-2.99,-30.0,-30.0,Yong-13
25,-3.2,-30.0,-30.0,Yong-13
25,-2.74,-30.0,-30.0,Yong-13
25,-3.86,-30.0,-30.0,Yong-13
25,-3.39,-0.9,-30.0,Yong-13
25,-2.93,-30.0,-30.0,Yong-13
25,-3.63,-30.0,-30.0,Yong-13
25,-2.44,-0.37,-30.0,Yong-13
25,-4.1,-0.91,-30.0,Yong-13
25,-3.05,-0.51,-30.0,Yong-13
25,-2.29,-30.0,-30.0,Yong-13
25,-2.36,-30.0,-30.0,Yong-13
25,-3.14,-0.61,-30.0,Yong-13
25,-3.5,-30.0,-30.0,Yong-13
25,-3.49,-30.0,-30.0,Yong-13
25,-2.73,-0.6,-30.0,Yong-13
25,-2.62,-30.0,-30.0,Yong-13
25,-2.89,-0.47,-30.0,Yong-13
25,-2.74,-30.0,-30.0,Yong-13
25,-2.45,-30.0,-30.0,Yong-13
25,-3.31,-0.41,-30.0,Yong-13
25,-2.88,-30.0,-30.0,Yong-13
25,-2.53,-0.61,-30.0,Yong-13
25,-4.02,-30.0,-30.0,Yong-13
25,-2.72,-0.54,-30.0,Yong-13
25,-3.2,-30.0,-30.0,Yong-13
25,-2.87,-0.63,-30.0,Yong-13
25,-2.98,-0.62,-30.0,Yong-13
25,-3.17,-30.0,-30.0,Yong-13
25,-3.39,-30.0,-30.0,Yong-13
25,-2.57,0.19,-30.0,Yong-13
25,-2.84,-30.0,-30.0,Yong-13
25,-2.78,-30.0,-30.0,Yong-13
25,-3.1,-0.33,-30.0,Yong-13
25,-2.59,-0.49,-30.0,Yong-13
25,-3.03,-0.44,-30.0,Yong-13
25,-2.83,-30.0,-30.0,Yong-13
25,-3.27,-30.0,-30.0,Yong-13
25,-2.99,-0.48,-30.0,Yong-13
25,-2.0,-30.0,-30.0,Yong-13
25,-3.05,-30.0,-30.0,Yong-13
25,-2.78,-30.0,-30.0,Yong-13
25,-1.46,-0.62,-30.0,Yong-13
25,-3.03,-30.0,-30.0,Yong-13
25,-2.96,-0.35,-30.0,Yong-13
25,-2.87,-30.0,-30.0,Yong-13
25,-3.38,-0.22,-30.0,Yong-13
25,-3.31,-30.0,-30.0,Yong-13
25,-2.78,-30.0,-30.0,Yong-13
25,-3.97,-0.87,-30.0,Yong-13
25,-2.98,-30.0,-30.0,Yong-13
25,-3.02,-30.0,-30.0,Yong-13
25,-3.44,-0.59,-30.0,Yong-13
25,-2.6,-0.55,-30.0,Yong-13
25,-2.12,-0.63,-30.0,Yong-13
25,-2.65,0.12,-30.0,Yong-13
25,-2.43,-30.0,-30.0,Yong-13
25,-2.5,-30.0,-30.0,Yong-13
25,-3.19,-0.1,-30.0,Yong-13
27,-2.92,0.11,-30.0,Yong-13
27,-1.0,-30.0,-30.0,Yong-13
27,-2.8,0.24,-30.0,Yong-13
27,-2.95,0.44,-30.0,Yong-13
27,-2.82,-30.0,-30.0,Yong-13
27,-3.32,0.65,-30.0,Yong-13
27,-3.05,0.53,-30.0,Yong-13
27,-2.28,-30.0,-30.0,Yong-13
27,-2.74,0.34,-30.0,Yong-13
27,-2.31,-0.06,-30.0,Yong-13
27,-2.65,-30.0,-30.0,Yong-13
27,-2.6,0.25,-30.0,Yong-13
27,-3.0,-30.0,-30.0,Yong-13
27,-2.67,0.24,-30.0,Yong-13
27,-3.04,0.12,-30.0,Yong-13
27,-4.15,0.35,-30.0,Yong-13
27,-3.68,-30.0,-30.0,Yong-13
27,-2.59,0.23,-30.0,Yong-13
27,-4.08,-30.0,-30.0,Yong-13
27,-2.93,0.02,-30.0,Yong-13
27,-2.74,-0.01,-30.0,Yong-13
27,-2.9,0.45,-30.0,Yong-13
27,-3.28,0.64,-30.0,Yong-13
27,-2.75,0.5,-30.0,Yong-13
27,-3.17,0.24,-30.0,Yong-13
27,-5.54,-30.0,-30.0,Yong-13
27,-2.65,-30.0,-30.0,Yong-13
27,-2.39,-30.0,-30.0,Yong-13
27,-3.14,-30.0,-30.0,Yong-13
27,-2.64,0.03,-30.0,Yong-13
27,-2.7,-30.0,-30.0,Yong-13
27,-2.75,0.02,-30.0,Yong-13
27,-3.02,-30.0,-30.0,Yong-13
27,-3.79,0.44,-30.0,Yong-13
27,-4.0,-30.0,-30.0,Yong-13
27,-4.09,-30.0,-30.0,Yong-13
27,-2.67,0.54,-30.0,Yong-13
27,-2.32,0.47,-30.0,Yong-13
27,-3.46,0.3,-30.0,Yong-13
27,-3.05,-30.0,-30.0,Yong-13
27,-2.52,-30.0,-30.0,Yong-13
27,-2.95,-0.07,-30.0,Yong-13
27,-3.57,-30.0,-30.0,Yong-13
27,-3.75,-30.0,-30.0,Yong-13
27,-3.75,-30.0,-30.0,Yong-13
27,-3.1,-30.0,-30.0,Yong-13
27,-2.56,-0.1,-30.0,Yong-13
27,-3.48,0.29,-30.0,Yong-13
27,-3.3,-30.0,-30.0,Yong-13
27,-3.01,0.44,-30.0,Yong-13
27,-3.54,0.47,-30.0,Yong-13
27,-2.99,0.13,-30.0,Yong-13
27,-2.95,0.65,-30.0,Yong-13
27,-3.58,0.47,-30.0,Yong-13
27,-3.77,0.41,-30.0,Yong-13
27,-2.86,-30.0,-30.0,Yong-13
27,-2.6,0.13,-30.0,Yong-13
27,-3.41,-30.0,-30.0,Yong-13
27,-3.41,-30.0,-30.0,Yong-13
27,-1.68,-30.0,-30.0,Yong-13
27,-2.98,0.47,-30.0,Yong-13
27,-2.95,-0.33,-30.0,Yong-13
27,-3.07,0.09,-30.0,Yong-13
27,-2.77,-30.0,-30.0,Yong-13
27,-2.7,0.35,-30.0,Yong-13
27,-1.32,-30.0,-30.0,Yong-13
27,-2.4,0.3,-30.0,Yong-13
27,-4.81,-30.0,-30.0,Yong-13
27,-2.96,-30.0,-30.0,Yong-13
27,-2.98,0.65,-30.0,Yong-13
27,-2.68,-30.0,-30.0,Yong-13
27,-3.77,-30.0,-30.0,Yong-13
27,-3.78,-30.0,-30.0,Yong-13
27,-3.09,-30.0,-30.0,Yong-13
27,-2.98,-0.31,-30.0,Yong-13
27,-3.47,0.23,-30.0,Yong-13
27,-3.25,0.18,-30.0,Yong-13
27,-2.79,-30.0,-30.0,Yong-13
27,-2.87,0.4,-30.0,Yong-13
27,-2.89,0.41,-30.0,Yong-13
27,-3.49,-30.0,-30.0,Yong-13
27,-3.48,-30.0,-30.0,Yong-13
27,-3.44,-30.0,-30.0,Yong-13
27,-3.53,-30.0,-30.0,Yong-13
27,-2.77,0.3,-30.0,Yong-13
27,-2.84,-30.0,-30.0,Yong-13
27,-3.47,-30.0,-30.0,Yong-13
27,-3.86,0.83,-30.0,Yong-13
27,-3.92,0.82,-30.0,Yong-13
27,-2.71,-30.0,-30.0,Yong-13
27,-3.4,0.19,-30.0,Yong-13
27,-2.7,-0.31,-30.0,Yong-13
27,-2.93,-0.2,-30.0,Yong-13
27,-3.16,0.12,-30.0,Yong-13
27,-3.51,0.38,-30.0,Yong-13
27,-3.75,0.49,-30.0,Yong-13
27,-3.34,0.28,-30.0,Yong-13
27,-2.65,-0.09,-30.0,Yong-13
27,-2.68,0.44,-30.0,Yong-13
27,-2.22,-30.0,-30.0,Yong-13
27,-3.69,0.29,-30.0,Yong-13
27,-5.76,-30.0,-30.0,Yong-13
27,-3.8,0.63,-30.0,Yong-13
27,-2.84,0.01,-30.0,Yong-13
27,-3.57,-30.0,-30.0,Yong-13
27,-3.58,-30.0,-30.0,Yong-13
27,-3.71,0.45,-30.0,Yong-13
27,-3.63,0.16,-30.0,Yong-13
27,-2.83,0.24,-30.0,Yong-13
27,-2.54,0.02,-30.0,Yong-13
27,-3.17,0.99,-30.0,Yong-13
27,-3.19,1.01,-30.0,Yong-13
27,-3.54,0.14,-30.0,Yong-13
27,-4.05,0.89,-30.0,Yong-13
27,-3.0,0.06,-30.0,Yong-13
27,-2.6,-30.0,-30.0,Yong-13
27,-3.39,0.25,-30.0,Yong-13
27,-3.35,0.18,-30.0,Yong-13
27,-2.85,0.56,-30.0,Yong-13
27,-2.87,0.01,-30.0,Yong-13
27,-2.54,-0.02,-30.0,Yong-13
27,-2.73,-30.0,-30.0,Yong-13
27,-3.54,0.48,-30.0,Yong-13
27,-2.56,-0.03,-30.0,Yong-13
27,-3.22,0.11,-30.0,Yong-13
27,-2.56,0.17,-30.0,Yong-13
27,-2.66,-30.0,-30.0,Yong-13
27,-3.3,-30.0,-30.0,Yong-13
27,-3.2,-0.03,-30.0,Yong-13
27,-2.94,0.16,-30.0,Yong-13
27,-2.51,-30.0,-30.0,Yong-13
27,-2.94,-0.05,-30.0,Yong-13
27,-3.31,0.16,-30.0,Yong-13
27,-3.23,0.19,-30.0,Yong-13
27,-2.03,-30.0,-30.0,Yong-13
27,-2.17,-0.04,-30.0,Yong-13
27,-2.52,0.02,-30.0,Yong-13
27,-3.32,0.08,-30.0,Yong-13
27,-2.85,0.08,-30.0,Yong-13
27,-2.68,-0.1,-30.0,Yong-13
27,-2.99,-0.01,-30.0,Yong-13
27,-3.2,-0.06,-30.0,Yong-13
27,-2.74,-0.14,-30.0,Yong-13
27,-3.86,0.44,-30.0,Yong-13
27,-3.39,-30.0,-30.0,Yong-13
27,-2.93,0.69,-30.0,Yong-13
27,-3.63,-30.0,-30.0,Yong-13
27,-2.44,0.02,-30.0,Yong-13
27,-4.1,0.38,-30.0,Yong-13
27,-3.05,0.33,-30.0,Yong-13
27,-2.29,-30.0,-30.0,Yong-13
27,-2.36,-30.0,-30.0,Yong-13
27,-3.14,-30.0,-30.0,Yong-13
27,-3.5,0.29,-30.0,Yong-13
27,-3.49,-30.0,-30.0,Yong-13
27,-2.73,0.4,-30.0,Yong-13
27,-2.62,0.32,-30.0,Yong-13
27,-2.89,-30.0,-30.0,Yong-13
27,-2.74,-0.22,-30.0,Yong-13
27,-2.45,-30.0,-30.0,Yong-13
27,-3.31,0.94,-30.0,Yong-13
27,-2.88,-30.0,-30.0,Yong-13
27,-2.53,0.26,-30.0,Yong-13
27,-4.02,0.62,-30.0,Yong-13
27,-2.72,-30.0,-30.0,Yong-13
27,-3.2,0.32,-30.0,Yong-13
27,-2.87,0.18,-30.0,Yong-13
27,-2.98,0.29,-30.0,Yong-13
27,-3.17,0.77,-30.0,Yong-13
27,-3.39,0.24,-30.0,Yong-13
27,-2.57,-0.13,-30.0,Yong-13
27,-2.84,-0.12,-30.0,Yong-13
27,-2.78,0.21,-30.0,Yong-13
27,-3.1,0.26,-30.0,Yong-13
27,-2.59,0.37,-30.0,Yong-13
27,-3.03,-0.03,-30.0,Yong-13
27,-2.83,-30.0,-30.0,Yong-13
27,-3.27,0.22,-30.0,Yong-13
27,-2.99,0.23,-30.0,Yong-13
27,-2.0,-30.0,-30.0,Yong-13
27,-3.05,-0.05,-30.0,Yong-13
27,-2.78,-30.0,-30.0,Yong-13
27,-1.46,-0.04,-30.0,Yong-13
27,-3.03,0.02,-30.0,Yong-13
27,-2.96,-30.0,-30.0,Yong-13
27,-2.87,-30.0,-30.0,Yong-13
27,-3.38,0.52,-30.0,Yong-13
27,-3.31,0.53,-30.0,Yong-13
27,-2.78,-30.0,-30.0,Yong-13
27,-3.97,0.37,-30.0,Yong-13
27,-2.98,-30.0,-30.0,Yong-13
27,-3.02,0.55,-30.0,Yong-13
27,-3.44,0.11,-30.0,Yong-13
27,-2.6,0.58,-30.0,Yong-13
27,-2.12,0.0,-30.0,Yong-13
27,-2.65,-30.0,-30.0,Yong-13
27,-2.43,0.14,-30.0,Yong-13
27,-2.5,0.19,-30.0,Yong-13
27,-3.19,0.22,-30.0,Yong-13
28,-2.92,0.02,-30.0,Yong-13
28,-1.0,-30.0,-30.0,Yong-13
28,-2.8,0.28,-30.0,Yong-13
28,-2.95,0.2,-30.0,Yong-13
28,-2.82,-30.0,-30.0,Yong-13
28,-3.32,0.22,-30.0,Yong-13
28,-3.05,0.32,-30.0,Yong-13
28,-2.28,-30.0,-30.0,Yong-13
28,-2.74,0.09,-30.0,Yong-13
28,-2.31,0.04,-30.0,Yong-13
28,-2.65,-30.0,-30.0,Yong-13
28,-2.6,-0.07,-30.0,Yong-13
28,-3.0,-30.0,-30.0,Yong-13
28,-2.67,0.07,-30.0,Yong-13
28,-3.04,0.02,-30.0,Yong-13
28,-4.15,-0.14,-30.0,Yong-13
28,-3.68,0.3,-30.0,Yong-13
28,-2.59,0.17,-30.0,Yong-13
28,-4.08,0.17,-30.0,Yong-13
28,-2.93,-0.03,-30.0,Yong-13
28,-2.74,-0.15,-30.0,Yong-13
28,-2.9,0.19,-30.0,Yong-13
28,-3.28,0.09,-30.0,Yong-13
28,-2.75,-0.12,-30.0,Yong-13
28,-3.17,0.15,-30.0,Yong-13
28,-5.54,-30.0,-30.0,Yong-13
28,-2.65,-0.08,-30.0,Yong-13
28,-2.39,-30.0,-30.0,Yong-13
28,-3.14,0.63,-30.0,Yong-13
28,-2.64,0.13,-30.0,Yong-13
28,-2.7,-0.37,-30.0,Yong-13
28,-2.75,0.18,-30.0,Yong-13
28,-3.02,-30.0,-30.0,Yong-13
28,-3.79,0.06,-30.0,Yong-13
28,-4.0,0.13,-30.0,Yong-13
28,-4.09,0.12,-30.0,Yong-13
28,-2.67,0.2,-30.0,Yong-13
28,-2.32,-0.18,-30.0,Yong-13
28,-3.46,0.05,-30.0,Yong-13
28,-3.05,-30.0,-30.0,Yong-13
28,-2.52,-30.0,-30.0,Yong-13
28,-2.95,0.21,-30.0,Yong-13
28,-3.57,-30.0,-30.0,Yong-13
28,-3.75,0.49,-30.0,Yong-13
28,-3.75,0.49,-30.0,Yong-13
28,-3.1,-30.0,-30.0,Yong-13
28,-2.56,-0.34,-30.0,Yong-13
28,-3.48,0.09,-30.0,Yong-13
28,-3.3,-30.0,-30.0,Yong-13
28,-3.01,0.13,-30.0,Yong-13
28,-3.54,0.11,-30.0,Yong-13
28,-2.99,0.13,-30.0,Yong-13
28,-2.95,0.03,-30.0,Yong-13
28,-3.58,0.27,-30.0,Yong-13
28,-3.77,-0.1,-30.0,Yong-13
28,-2.86,-0.07,-30.0,Yong-13
28,-2.6,-30.0,-30.0,Yong-13
28,-3.41,-30.0,-30.0,Yong-13
28,-3.41,-30.0,-30.0,Yong-13
28,-1.68,-30.0,-30.0,Yong-13
28,-2.98,0.08,-30.0,Yong-13
28,-2.95,-0.27,-30.0,Yong-13
28,-3.07,0.0,-30.0,Yong-13
28,-2.77,-30.0,-30.0,Yong-13
28,-2.7,0.06,-30.0,Yong-13
28,-1.32,-30.0,-30.0,Yong-13
28,-2.4,0.09,-30.0,Yong-13
28,-4.81,-0.17,-30.0,Yong-13
28,-2.96,-0.16,-30.0,Yong-13
28,-2.98,0.15,-30.0,Yong-13
28,-2.68,0.15,-30.0,Yong-13
28,-3.77,-30.0,-30.0,Yong-13
28,-3.78,-30.0,-30.0,Yong-13
28,-3.09,-30.0,-30.0,Yong-13
28,-2.98,-0.07,-30.0,Yong-13
28,-3.47,-0.22,-30.0,Yong-13
28,-3.25,-0.05,-30.0,Yong-13
28,-2.79,-30.0,-30.0,Yong-13
28,-2.87,0.13,-30.0,Yong-13
28,-2.89,0.11,-30.0,Yong-13
28,-3.49,-30.0,-30.0,Yong-13
28,-3.48,-30.0,-30.0,Yong-13
28,-3.44,-30.0,-30.0,Yong-13
28,-3.53,-30.0,-30.0,Yong-13
28,-2.77,0.1,-30.0,Yong-13
28,-2.84,0.12,-30.0,Yong-13
28,-3.47,-30.0,-30.0,Yong-13
28,-3.86,0.19,-30.0,Yong-13
28,-3.92,0.15,-30.0,Yong-13
28,-2.71,-0.18,-30.0,Yong-13
28,-3.4,0.21,-30.0,Yong-13
28,-2.7,-0.33,-30.0,Yong-13
28,-2.93,-0.16,-30.0,Yong-13
28,-3.16,0.2,-30.0,Yong-13
28,-3.51,0.07,-30.0,Yong-13
28,-3.75,0.08,-30.0,Yong-13
28,-3.34,0.07,-30.0,Yong-13
28,-2.65,0.28,-30.0,Yong-13
28,-2.68,0.06,-30.0,Yong-13
28,-2.22,-30.0,-30.0,Yong-13
28,-3.69,-0.15,-30.0,Yong-13
28,-5.76,-30.0,-30.0,Yong-13
28,-3.8,0.26,-30.0,Yong-13
28,-2.84,0.17,-30.0,Yong-13
28,-3.57,-30.0,-30.0,Yong-13
28,-3.58,-30.0,-30.0,Yong-13
28,-3.71,-0.06,-30.0,Yong-13
28,-3.63,-0.1,-30.0,Yong-13
28,-2.83,0.0,-30.0,Yong-13
28,-2.54,0.14,-30.0,Yong-13
28,-3.17,0.03,-30.0,Yong-13
28,-3.19,0.04,-30.0,Yong-13
28,-3.54,-0.05,-30.0,Yong-13
28,-4.05,0.32,-30.0,Yong-13
28,-3.0,0.03,-30.0,Yong-13
28,-2.6,-30.0,-30.0,Yong-13
28,-3.39,0.08,-30.0,Yong-13
28,-3.35,0.07,-30.0,Yong-13
28,-2.85,0.16,-30.0,Yong-13
28,-2.87,0.01,-30.0,Yong-13
28,-2.54,-30.0,-30.0,Yong-13
28,-2.73,-30.0,-30.0,Yong-13
28,-3.54,0.38,-30.0,Yong-13
28,-2.56,-0.08,-30.0,Yong-13
28,-3.22,-0.02,-30.0,Yong-13
28,-2.56,0.23,-30.0,Yong-13
28,-2.66,-30.0,-30.0,Yong-13
28,-3.3,0.01,-30.0,Yong-13
28,-3.2,-0.11,-30.0,Yong-13
28,-2.94,0.04,-30.0,Yong-13
28,-2.51,0.09,-30.0,Yong-13
28,-2.94,0.03,-30.0,Yong-13
28,-3.31,-0.16,-30.0,Yong-13
28,-3.23,0.04,-30.0,Yong-13
28,-2.03,-30.0,-30.0,Yong-13
28,-2.17,-0.01,-30.0,Yong-13
28,-2.52,-0.1,-30.0,Yong-13
28,-3.32,0.06,-30.0,Yong-13
28,-2.85,-0.11,-30.0,Yong-13
28,-2.68,-0.22,-30.0,Yong-13
28,-2.99,0.1,-30.0,Yong-13
28,-3.2,0.0,-30.0,Yong-13
28,-2.74,0.01,-30.0,Yong-13
28,-3.86,0.04,-30.0,Yong-13
28,-3.39,-30.0,-30.0,Yong-13
28,-2.93,-0.04,-30.0,Yong-13
28,-3.63,-30.0,-30.0,Yong-13
28,-2.44,-30.0,-30.0,Yong-13
28,-4.1,0.1,-30.0,Yong-13
28,-3.05,0.16,-30.0,Yong-13
28,-2.29,-30.0,-30.0,Yong-13
28,-2.36,0.17,-30.0,Yong-13
28,-3.14,0.28,-30.0,Yong-13
28,-3.5,0.14,-30.0,Yong-13
28,-3.49,-30.0,-30.0,Yong-13
28,-2.73,0.19,-30.0,Yong-13
28,-2.62,0.05,-30.0,Yong-13
28,-2.89,-30.0,-30.0,Yong-13
28,-2.74,0.04,-30.0,Yong-13
28,-2.45,-30.0,-30.0,Yong-13
28,-3.31,0.06,-30.0,Yong-13
28,-2.88,-30.0,-30.0,Yong-13
28,-2.53,0.13,-30.0,Yong-13
28,-4.02,0.17,-30.0,Yong-13
28,-2.72,0.17,-30.0,Yong-13
28,-3.2,0.22,-30.0,Yong-13
28,-2.87,-0.29,-30.0,Yong-13
28,-2.98,0.17,-30.0,Yong-13
28,-3.17,0.3,-30.0,Yong-13
28,-3.39,0.01,-30.0,Yong-13
28,-2.57,-30.0,-30.0,Yong-13
28,-2.84,0.08,-30.0,Yong-13
28,-2.78,-0.07,-30.0,Yong-13
28,-3.1,-0.02,-30.0,Yong-13
28,-2.59,0.16,-30.0,Yong-13
28,-3.03,-0.11,-30.0,Yong-13
28,-2.83,-30.0,-30.0,Yong-13
28,-3.27,-0.05,-30.0,Yong-13
28,-2.99,0.16,-30.0,Yong-13
28,-2.0,-30.0,-30.0,Yong-13
28,-3.05,-0.09,-30.0,Yong-13
28,-2.78,-30.0,-30.0,Yong-13
28,-1.46,-0.33,-30.0,Yong-13
28,-3.03,-0.02,-30.0,Yong-13
28,-2.96,0.1,-30.0,Yong-13
28,-2.87,0.53,-30.0,Yong-13
28,-3.38,0.31,-30.0,Yong-13
28,-3.31,0.2,-30.0,Yong-13
28,-2.78,-30.0,-30.0,Yong-13
28,-3.97,-0.1,-30.0,Yong-13
28,-2.98,-30.0,-30.0,Yong-13
28,-3.02,0.2,-30.0,Yong-13
28,-3.44,-0.08,-30.0,Yong-13
28,-2.6,-0.08,-30.0,Yong-13
28,-2.12,0.01,-30.0,Yong-13
28,-2.65,-30.0,-30.0,Yong-13
28,-2.43,0.24,-30.0,Yong-13
28,-2.5,-0.21,-30.0,Yong-13
28,-3.19,-30.0,-30.0,Yong-13
38,-2.92,-0.19,-30.0,Yong-13
38,-1.0,-30.0,-30.0,Yong-13
38,-2.8,0.04,-30.0,Yong-13
38,-2.95,-0.02,-30.0,Yong-13
38,-2.82,0.46,-30.0,Yong-13
38,-3.32,0.04,-30.0,Yong-13
38,-3.05,0.43,-30.0,Yong-13
38,-2.28,0.91,-30.0,Yong-13
38,-2.74,-0.26,-30.0,Yong-13
38,-2.31,0.25,-30.0,Yong-13
38,-2.65,-30.0,-30.0,Yong-13
38,-2.6,-0.07,-30.0,Yong-13
38,-3.0,-30.0,-30.0,Yong-13
38,-2.67,0.33,-30.0,Yong-13
38,-3.04,0.04,-30.0,Yong-13
38,-4.15,-0.71,-30.0,Yong-13
38,-3.68,-0.85,-30.0,Yong-13
38,-2.59,-0.1,-30.0,Yong-13
38,-4.08,-1.06,-30.0,Yong-13
38,-2.93,0.22,-30.0,Yong-13
38,-2.74,0.25,-30.0,Yong-13
38,-2.9,-0.39,-30.0,Yong-13
38,-3.28,-0.3,-30.0,Yong-13
38,-2.75,-0.15,-30.0,Yong-13
38,-3.17,0.26,-30.0,Yong-13
38,-5.54,-0.52,-30.0,Yong-13
38,-2.65,-30.0,-30.0,Yong-13
38,-2.39,-30.0,-30.0,Yong-13
38,-3.14,0.08,-30.0,Yong-13
38,-2.64,0.18,-30.0,Yong-13
38,-2.7,-0.5,-30.0,Yong-13
38,-2.75,0.63,-30.0,Yong-13
38,-3.02,0.09,-30.0,Yong-13
38,-3.79,0.3,-30.0,Yong-13
38,-4.0,1.09,-30.0,Yong-13
38,-4.09,0.53,-30.0,Yong-13
38,-2.67,-0.09,-30.0,Yong-13
38,-2.32,1.09,-30.0,Yong-13
38,-3.46,-0.38,-30.0,Yong-13
38,-3.05,-0.97,-30.0,Yong-13
38,-2.52,-30.0,-30.0,Yong-13
38,-2.95,0.33,-30.0,Yong-13
38,-3.57,-0.38,-30.0,Yong-13
38,-3.75,-0.58,-30.0,Yong-13
38,-3.75,-0.75,-30.0,Yong-13
38,-3.1,0.04,-30.0,Yong-13
38,-2.56,0.21,-30.0,Yong-13
38,-3.48,-0.95,-30.0,Yong-13
38,-3.3,-1.2,-30.0,Yong-13
38,-3.01,0.41,-30.0,Yong-13
38,-3.54,-0.68,-30.0,Yong-13
38,-2.99,0.24,-30.0,Yong-13
38,-2.95,-1.48,-30.0,Yong-13
38,-3.58,-1.8,-30.0,Yong-13
38,-3.77,-1.31,-30.0,Yong-13
38,-2.86,-0.57,-30.0,Yong-13
38,-2.6,1.87,-30.0,Yong-13
38,-3.41,0.45,-30.0,Yong-13
38,-3.41,0.92,-30.0,Yong-13
38,-1.68,-30.0,-30.0,Yong-13
38,-2.98,-0.18,-30.0,Yong-13
38,-2.95,-0.59,-30.0,Yong-13
38,-3.07,-0.12,-30.0,Yong-13
38,-2.77,-30.0,-30.0,Yong-13
38,-2.7,-0.08,-30.0,Yong-13
38,-1.32,-30.0,-30.0,Yong-13
38,-2.4,0.48,-30.0,Yong-13
38,-4.81,-1.07,-30.0,Yong-13
38,-2.96,-1.08,-30.0,Yong-13
38,-2.98,1.15,-30.0,Yong-13
38,-2.68,0.77,-30.0,Yong-13
38,-3.77,-0.71,-30.0,Yong-13
38,-3.78,-0.93,-30.0,Yong-13
38,-3.09,-30.0,-30.0,Yong-13
38,-2.98,0.17,-30.0,Yong-13
38,-3.47,-0.37,-30.0,Yong-13
38,-3.25,0.25,-30.0,Yong-13
38,-2.79,0.52,-30.0,Yong-13
38,-2.87,-0.11,-30.0,Yong-13
38,-2.89,-0.37,-30.0,Yong-13
38,-3.49,-0.07,-30.0,Yong-13
38,-3.48,-0.25,-30.0,Yong-13
38,-3.44,-0.18,-30.0,Yong-13
38,-3.53,0.44,-30.0,Yong-13
38,-2.77,0.26,-30.0,Yong-13
38,-2.84,0.48,-30.0,Yong-13
38,-3.47,-0.12,-30.0,Yong-13
38,-3.86,-0.87,-30.0,Yong-13
38,-3.92,-1.27,-30.0,Yong-13
38,-2.71,-0.3,-30.0,Yong-13
38,-3.4,-0.36,-30.0,Yong-13
38,-2.7,-0.38,-30.0,Yong-13
38,-2.93,-0.04,-30.0,Yong-13
38,-3.16,-1.57,-30.0,Yong-13
38,-3.51,-30.0,-30.0,Yong-13
38,-3.75,-1.36,-30.0,Yong-13
38,-3.34,0.54,-30.0,Yong-13
38,-2.65,0.26,-30.0,Yong-13
38,-2.68,-0.46,-30.0,Yong-13
38,-2.22,-30.0,-30.0,Yong-13
38,-3.69,-0.37,-30.0,Yong-13
38,-5.76,1.04,-30.0,Yong-13
38,-3.8,-1.58,-30.0,Yong-13
38,-2.84,-0.16,-30.0,Yong-13
38,-3.57,-0.23,-30.0,Yong-13
38,-3.58,-0.48,-30.0,Yong-13
38,-3.71,-0.93,-30.0,Yong-13
38,-3.63,-1.79,-30.0,Yong-13
38,-2.83,-0.26,-30.0,Yong-13
38,-2.54,0.25,-30.0,Yong-13
38,-3.17,0.11,-30.0,Yong-13
38,-3.19,-0.09,-30.0,Yong-13
38,-3.54,0.65,-30.0,Yong-13
38,-4.05,-1.69,-30.0,Yong-13
38,-3.0,0.34,-30.0,Yong-13
38,-2.6,-30.0,-30.0,Yong-13
38,-3.39,0.01,-30.0,Yong-13
38,-3.35,-2.24,-30.0,Yong-13
38,-2.85,-0.57,-30.0,Yong-13
38,-2.87,0.38,-30.0,Yong-13
38,-2.54,-0.38,-30.0,Yong-13
38,-2.73,0.3,-30.0,Yong-13
38,-3.54,-0.85,-30.0,Yong-13
38,-2.56,0.45,-30.0,Yong-13
38,-3.22,0.14,-30.0,Yong-13
38,-2.56,-0.1,-30.0,Yong-13
38,-2.66,-30.0,-30.0,Yong-13
38,-3.3,0.37,-30.0,Yong-13
38,-3.2,-2.06,-30.0,Yong-13
38,-2.94,-0.1,-30.0,Yong-13
38,-2.51,-0.26,-30.0,Yong-13
38,-2.94,0.57,-30.0,Yong-13
38,-3.31,-0.18,-30.0,Yong-13
38,-3.23,0.11,-30.0,Yong-13
38,-2.03,-1.18,-30.0,Yong-13
38,-2.17,0.05,-30.0,Yong-13
38,-2.52,-0.15,-30.0,Yong-13
38,-3.32,0.08,-30.0,Yong-13
38,-2.85,0.54,-30.0,Yong-13
38,-2.68,0.16,-30.0,Yong-13
38,-2.99,-0.48,-30.0,Yong-13
38,-3.2,-1.01,-30.0,Yong-13
38,-2.74,0.13,-30.0,Yong-13
38,-3.86,-1.39,-30.0,Yong-13
38,-3.39,-0.11,-30.0,Yong-13
38,-2.93,-0.2,-30.0,Yong-13
38,-3.63,-0.68,-30.0,Yong-13
38,-2.44,0.84,-30.0,Yong-13
38,-4.1,-1.63,-30.0,Yong-13
38,-3.05,0.07,-30.0,Yong-13
38,-2.29,0.39,-30.0,Yong-13
38,-2.36,1.03,-30.0,Yong-13
38,-3.14,-1.36,-30.0,Yong-13
38,-3.5,0.44,-30.0,Yong-13
38,-3.49,-0.35,-30.0,Yong-13
38,-2.73,0.13,-30.0,Yong-13
38,-2.62,0.27,-30.0,Yong-13
38,-2.89,-0.14,-30.0,Yong-13
38,-2.74,-0.15,-30.0,Yong-13
38,-2.45,-30.0,-30.0,Yong-13
38,-3.31,-0.66,-30.0,Yong-13
38,-2.88,0.04,-30.0,Yong-13
38,-2.53,0.34,-30.0,Yong-13
38,-4.02,-0.55,-30.0,Yong-13
38,-2.72,-0.57,-30.0,Yong-13
38,-3.2,-0.46,-30.0,Yong-13
38,-2.87,-0.19,-30.0,Yong-13
38,-2.98,-0.13,-30.0,Yong-13
38,-3.17,-0.09,-30.0,Yong-13
38,-3.39,-0.42,-30.0,Yong-13
38,-2.57,0.64,-30.0,Yong-13
38,-2.84,0.31,-30.0,Yong-13
38,-2.78,-0.85,-30.0,Yong-13
38,-3.1,0.27,-30.0,Yong-13
38,-2.59,0.06,-30.0,Yong-13
38,-3.03,0.68,-30.0,Yong-13
38,-2.83,-30.0,-30.0,Yong-13
38,-3.27,-1.98,-30.0,Yong-13
38,-2.99,-0.15,-30.0,Yong-13
38,-2.0,-30.0,-30.0,Yong-13
38,-3.05,-0.59,-30.0,Yong-13
38,-2.78,-30.0,-30.0,Yong-13
38,-1.46,0.59,-30.0,Yong-13
38,-3.03,-0.24,-30.0,Yong-13
38,-2.96,-0.4,-30.0,Yong-13
38,-2.87,-0.15,-30.0,Yong-13
38,-3.38,-1.61,-30.0,Yong-13
38,-3.31,-0.14,-30.0,Yong-13
38,-2.78,-30.0,-30.0,Yong-13
38,-3.97,0.55,-30.0,Yong-13
38,-2.98,-30.0,-30.0,Yong-13
38,-3.02,0.67,-30.0,Yong-13
38,-3.44,-0.52,-30.0,Yong-13
38,-2.6,0.0,-30.0,Yong-13
38,-2.12,0.33,-30.0,Yong-13
38,-2.65,-0.08,-30.0,Yong-13
38,-2.43,-0.1,-30.0,Yong-13
38,-2.5,-0.63,-30.0,Yong-13
38,-3.19,-0.86,-30.0,Yong-13
56,-2.92,-1.09,-30.0,Yong-13
56,-1.0,1.51,-30.0,Yong-13
56,-2.8,-0.57,-30.0,Yong-13
56,-2.95,-0.26,-30.0,Yong-13
56,-2.82,1.88,-30.0,Yong-13
56,-3.32,-30.0,-30.0,Yong-13
56,-3.05,-30.0,-30.0,Yong-13
56,-2.28,2.3,-30.0,Yong-13
56,-2.74,-0.54,-30.0,Yong-13
56,-2.31,-0.14,-30.0,Yong-13
56,-2.65,-0.42,-30.0,Yong-13
56,-2.6,0.4,-30.0,Yong-13
56,-3.0,2.28,-30.0,Yong-13
56,-2.67,2.32,-30.0,Yong-13
56,-3.04,-1.17,-30.0,Yong-13
56,-4.15,-0.76,-30.0,Yong-13
56,-3.68,0.14,-30.0,Yong-13
56,-2.59,-0.27,-30.0,Yong-13
56,-4.08,-0.46,-30.0,Yong-13
56,-2.93,0.49,-30.0,Yong-13
56,-2.74,-0.04,-30.0,Yong-13
56,-2.9,-0.08,-30.0,Yong-13
56,-3.28,-0.64,-30.0,Yong-13
56,-2.75,-0.27,-30.0,Yong-13
56,-3.17,-0.33,-30.0,Yong-13
56,-5.54,0.82,-30.0,Yong-13
56,-2.65,-30.0,-30.0,Yong-13
56,-2.39,-0.14,-30.0,Yong-13
56,-3.14,-30.0,-30.0,Yong-13
56,-2.64,-0.45,-30.0,Yong-13
56,-2.7,-30.0,-30.0,Yong-13
56,-2.75,1.02,-30.0,Yong-13
56,-3.02,-0.71,-30.0,Yong-13
56,-3.79,-0.88,-30.0,Yong-13
56,-4.0,0.34,-30.0,Yong-13
56,-4.09,-0.04,-30.0,Yong-13
56,-2.67,-0.32,-30.0,Yong-13
56,-2.32,2.42,-30.0,Yong-13
56,-3.46,-0.71,-30.0,Yong-13
56,-3.05,-30.0,-30.0,Yong-13
56,-2.52,1.99,-30.0,Yong-13
56,-2.95,1.73,-30.0,Yong-13
56,-3.57,-30.0,-30.0,Yong-13
56,-3.75,0.4,-30.0,Yong-13
56,-3.75,0.24,-30.0,Yong-13
56,-3.1,-0.1,-30.0,Yong-13
56,-2.56,-0.4,-30.0,Yong-13
56,-3.48,-1.29,-30.0,Yong-13
56,-3.3,-30.0,-30.0,Yong-13
56,-3.01,0.33,-30.0,Yong-13
56,-3.54,-0.51,-30.0,Yong-13
56,-2.99,0.38,-30.0,Yong-13
56,-2.95,-1.55,-30.0,Yong-13
56,-3.58,-1.77,-30.0,Yong-13
56,-3.77,-1.17,-30.0,Yong-13
56,-2.86,-0.27,-30.0,Yong-13
56,-2.6,2.69,-30.0,Yong-13
56,-3.41,0.21,-30.0,Yong-13
56,-3.41,0.09,-30.0,Yong-13
56,-1.68,1.85,-30.0,Yong-13
56,-2.98,-30.0,-30.0,Yong-13
56,-2.95,-1.19,-30.0,Yong-13
56,-3.07,0.02,-30.0,Yong-13
56,-2.77,1.2,-30.0,Yong-13
56,-2.7,-0.42,-30.0,Yong-13
56,-1.32,1.56,-30.0,Yong-13
56,-2.4,-0.13,-30.0,Yong-13
56,-4.81,0.03,-30.0,Yong-13
56,-2.96,-0.43,-30.0,Yong-13
56,-2.98,1.7,-30.0,Yong-13
56,-2.68,1.73,-30.0,Yong-13
56,-3.77,0.25,-30.0,Yong-13
56,-3.78,0.04,-30.0,Yong-13
56,-3.09,1.17,-30.0,Yong-13
56,-2.98,-1.05,-30.0,Yong-13
56,-3.47,-0.25,-30.0,Yong-13
56,-3.25,-1.12,-30.0,Yong-13
56,-2.79,1.61,-30.0,Yong-13
56,-2.87,-0.39,-30.0,Yong-13
56,-2.89,-0.57,-30.0,Yong-13
56,-3.49,0.16,-30.0,Yong-13
56,-3.48,-0.01,-30.0,Yong-13
56,-3.44,-0.18,-30.0,Yong-13
56,-3.53,0.05,-30.0,Yong-13
56,-2.77,-0.23,-30.0,Yong-13
56,-2.84,0.44,-30.0,Yong-13
56,-3.47,-0.48,-30.0,Yong-13
56,-3.86,0.05,-30.0,Yong-13
56,-3.92,-0.34,-30.0,Yong-13
56,-2.71,-0.18,-30.0,Yong-13
56,-3.4,-1.83,-30.0,Yong-13
56,-2.7,-1.67,-30.0,Yong-13
56,-2.93,-0.79,-30.0,Yong-13
56,-3.16,-1.56,-30.0,Yong-13
56,-3.51,-1.0,-30.0,Yong-13
56,-3.75,-0.85,-30.0,Yong-13
56,-3.34,-0.41,-30.0,Yong-13
56,-2.65,0.14,-30.0,Yong-13
56,-2.68,-0.41,-30.0,Yong-13
56,-2.22,1.68,-30.0,Yong-13
56,-3.69,-0.96,-30.0,Yong-13
56,-5.76,-30.0,-30.0,Yong-13
56,-3.8,-30.0,-30.0,Yong-13
56,-2.84,-0.97,-30.0,Yong-13
56,-3.57,0.01,-30.0,Yong-13
56,-3.58,-0.22,-30.0,Yong-13
56,-3.71,-0.5,-30.0,Yong-13
56,-3.63,-1.11,-30.0,Yong-13
56,-2.83,-30.0,-30.0,Yong-13
56,-2.54,-1.12,-30.0,Yong-13
56,-3.17,-0.09,-30.0,Yong-13
56,-3.19,-0.24,-30.0,Yong-13
56,-3.54,-0.75,-30.0,Yong-13
56,-4.05,-0.75,-30.0,Yong-13
56,-3.0,-0.1,-30.0,Yong-13
56,-2.6,1.47,-30.0,Yong-13
56,-3.39,-0.45,-30.0,Yong-13
56,-3.35,-1.88,-30.0,Yong-13
56,-2.85,-30.0,-30.0,Yong-13
56,-2.87,-0.49,-30.0,Yong-13
56,-2.54,-0.28,-30.0,Yong-13
56,-2.73,1.45,-30.0,Yong-13
56,-3.54,-0.8,-30.0,Yong-13
56,-2.56,0.22,-30.0,Yong-13
56,-3.22,-0.14,-30.0,Yong-13
56,-2.56,-0.94,-30.0,Yong-13
56,-2.66,-0.73,-30.0,Yong-13
56,-3.3,0.15,-30.0,Yong-13
56,-3.2,-2.06,-30.0,Yong-13
56,-2.94,-0.62,-30.0,Yong-13
56,-2.51,-0.75,-30.0,Yong-13
56,-2.94,-0.21,-30.0,Yong-13
56,-3.31,-0.64,-30.0,Yong-13
56,-3.23,-0.19,-30.0,Yong-13
56,-2.03,-0.82,-30.0,Yong-13
56,-2.17,0.69,-30.0,Yong-13
56,-2.52,-0.56,-30.0,Yong-13
56,-3.32,-0.55,-30.0,Yong-13
56,-2.85,0.51,-30.0,Yong-13
56,-2.68,-0.04,-30.0,Yong-13
56,-2.99,-0.45,-30.0,Yong-13
56,-3.2,-0.74,-30.0,Yong-13
56,-2.74,-0.7,-30.0,Yong-13
56,-3.86,-1.1,-30.0,Yong-13
56,-3.39,-1.23,-30.0,Yong-13
56,-2.93,-0.33,-30.0,Yong-13
56,-3.63,0.31,-30.0,Yong-13
56,-2.44,1.1,-30.0,Yong-13
56,-4.1,-1.55,-30.0,Yong-13
56,-3.05,-0.85,-30.0,Yong-13
56,-2.29,1.31,-30.0,Yong-13
56,-2.36,1.7,-30.0,Yong-13
56,-3.14,-0.39,-30.0,Yong-13
56,-3.5,-1.0,-30.0,Yong-13
56,-3.49,-0.45,-30.0,Yong-13
56,-2.73,0.09,-30.0,Yong-13
56,-2.62,-0.35,-30.0,Yong-13
56,-2.89,-0.42,-30.0,Yong-13
56,-2.74,-0.65,-30.0,Yong-13
56,-2.45,2.45,-30.0,Yong-13
56,-3.31,0.0,-30.0,Yong-13
56,-2.88,0.02,-30.0,Yong-13
56,-2.53,-0.33,-30.0,Yong-13
56,-4.02,-0.33,-30.0,Yong-13
56,-2.72,-0.37,-30.0,Yong-13
56,-3.2,-0.94,-30.0,Yong-13
56,-2.87,-0.63,-30.0,Yong-13
56,-2.98,-0.76,-30.0,Yong-13
56,-3.17,-30.0,-30.0,Yong-13
56,-3.39,-0.78,-30.0,Yong-13
56,-2.57,1.75,-30.0,Yong-13
56,-2.84,0.2,-30.0,Yong-13
56,-2.78,-1.28,-30.0,Yong-13
56,-3.1,-0.48,-30.0,Yong-13
56,-2.59,-0.13,-30.0,Yong-13
56,-3.03,1.01,-30.0,Yong-13
56,-2.83,-0.32,-30.0,Yong-13
56,-3.27,-1.69,-30.0,Yong-13
56,-2.99,-1.2,-30.0,Yong-13
56,-2.0,1.76,-30.0,Yong-13
56,-3.05,-0.9,-30.0,Yong-13
56,-2.78,2.46,-30.0,Yong-13
56,-1.46,1.5,-30.0,Yong-13
56,-3.03,-0.89,-30.0,Yong-13
56,-2.96,-0.3,-30.0,Yong-13
56,-2.87,-0.94,-30.0,Yong-13
56,-3.38,-0.59,-30.0,Yong-13
56,-3.31,-30.0,-30.0,Yong-13
56,-2.78,2.3,-30.0,Yong-13
56,-3.97,-0.52,-30.0,Yong-13
56,-2.98,1.17,-30.0,Yong-13
56,-3.02,-0.05,-30.0,Yong-13
56,-3.44,-1.33,-30.0,Yong-13
56,-2.6,-0.43,-30.0,Yong-13
56,-2.12,-0.13,-30.0,Yong-13
56,-2.65,-0.37,-30.0,Yong-13
56,-2.43,-0.24,-30.0,Yong-13
56,-2.5,-30.0,-30.0,Yong-13
56,-3.19,-0.8,-30.0,Yong-13
22,-2.92,-30.0,0.32,Yong-13
22,-1.0,-30.0,0.21,Yong-13
22,-2.8,-30.0,0.5,Yong-13
22,-2.95,-30.0,0.7,Yong-13
22,-2.82,-30.0,0.35,Yong-13
22,-3.32,-30.0,0.53,Yong-13
22,-3.05,-30.0,0.72,Yong-13
22,-2.28,-30.0,0.67,Yong-13
22,-2.74,-30.0,0.47,Yong-13
22,-2.31,-30.0,0.5,Yong-13
22,-2.65,-30.0,0.3,Yong-13
22,-2.6,-30.0,0.35,Yong-13
22,-3.0,-30.0,0.56,Yong-13
22,-2.67,-30.0,0.37,Yong-13
22,-3.04,-30.0,0.51,Yong-13
22,-4.15,-30.0,0.29,Yong-13
22,-3.68,-30.0,0.4,Yong-13
22,-2.59,-30.0,0.59,Yong-13
22,-4.08,-30.0,0.4,Yong-13
22,-2.93,-30.0,0.15,Yong-13
22,-2.74,-30.0,0.45,Yong-13
22,-2.9,-30.0,0.26,Yong-13
22,-3.28,-30.0,0.35,Yong-13
22,-2.75,-30.0,0.49,Yong-13
22,-3.17,-30.0,0.41,Yong-13
22,-5.54,-30.0,0.04,Yong-13
22,-2.65,-30.0,-30.0,Yong-13
22,-2.39,-30.0,0.38,Yong-13
22,-3.14,-30.0,0.77,Yong-13
22,-2.64,-30.0,0.45,Yong-13
22,-2.7,-30.0,-0.04,Yong-13
22,-2.75,-30.0,0.38,Yong-13
22,-3.02,-30.0,0.5,Yong-13
22,-3.79,-30.0,0.5,Yong-13
22,-4.0,-30.0,0.5,Yong-13
22,-4.09,-30.0,0.04,Yong-13
22,-2.67,-30.0,0.37,Yong-13
22,-2.32,-30.0,0.42,Yong-13
22,-3.46,-30.0,0.18,Yong-13
22,-3.05,-30.0,0.14,Yong-13
22,-2.52,-30.0,0.5,Yong-13
22,-2.95,-30.0,0.31,Yong-13
22,-3.57,-30.0,0.57,Yong-13
22,-3.75,-30.0,0.57,Yong-13
22,-3.75,-30.0,0.38,Yong-13
22,-3.1,-30.0,0.65,Yong-13
22,-2.56,-30.0,0.09,Yong-13
22,-3.48,-30.0,0.12,Yong-13
22,-3.3,-30.0,0.2,Yong-13
22,-3.01,-30.0,0.62,Yong-13
22,-3.54,-30.0,0.44,Yong-13
22,-2.99,-30.0,0.26,Yong-13
22,-2.95,-30.0,0.3,Yong-13
22,-3.58,-30.0,0.02,Yong-13
22,-3.77,-30.0,0.26,Yong-13
22,-2.86,-30.0,0.36,Yong-13
22,-2.6,-30.0,0.13,Yong-13
22,-3.41,-30.0,0.89,Yong-13
22,-3.41,-30.0,0.95,Yong-13
22,-1.68,-30.0,0.43,Yong-13
22,-2.98,-30.0,0.47,Yong-13
22,-2.95,-30.0,-0.09,Yong-13
22,-3.07,-30.0,0.5,Yong-13
22,-2.77,-30.0,0.32,Yong-13
22,-2.7,-30.0,0.6,Yong-13
22,-1.32,-30.0,0.02,Yong-13
22,-2.4,-30.0,0.54,Yong-13
22,-4.81,-30.0,0.36,Yong-13
22,-2.96,-30.0,0.39,Yong-13
22,-2.98,-30.0,0.38,Yong-13
22,-2.68,-30.0,0.21,Yong-13
22,-3.77,-30.0,0.33,Yong-13
22,-3.78,-30.0,0.09,Yong-13
22,-3.09,-30.0,0.31,Yong-13
22,-2.98,-30.0,0.51,Yong-13
22,-3.47,-30.0,0.06,Yong-13
22,-3.25,-30.0,0.27,Yong-13
22,-2.79,-30.0,1.13,Yong-13
22,-2.87,-30.0,0.54,Yong-13
22,-2.89,-30.0,0.32,Yong-13
22,-3.49,-30.0,0.4,Yong-13
22,-3.48,-30.0,0.21,Yong-13
22,-3.44,-30.0,0.45,Yong-13
22,-3.53,-30.0,0.45,Yong-13
22,-2.77,-30.0,0.52,Yong-13
22,-2.84,-30.0,0.52,Yong-13
22,-3.47,-30.0,0.73,Yong-13
22,-3.86,-30.0,0.33,Yong-13
22,-3.92,-30.0,-0.1,Yong-13
22,-2.71,-30.0,0.18,Yong-13
22,-3.4,-30.0,0.57,Yong-13
22,-2.7,-30.0,-0.31,Yong-13
22,-2.93,-30.0,0.23,Yong-13
22,-3.16,-30.0,0.36,Yong-13
22,-3.51,-30.0,0.63,Yong-13
22,-3.75,-30.0,0.36,Yong-13
22,-3.34,-30.0,0.4,Yong-13
22,-2.65,-30.0,0.68,Yong-13
22,-2.68,-30.0,0.43,Yong-13
22,-2.22,-30.0,0.32,Yong-13
22,-3.69,-30.0,0.22,Yong-13
22,-5.76,-30.0,0.8,Yong-13
22,-3.8,-30.0,0.36,Yong-13
22,-2.84,-30.0,0.35,Yong-13
22,-3.57,-30.0,0.36,Yong-13
22,-3.58,-30.0,0.11,Yong-13
22,-3.71,-30.0,0.44,Yong-13
22,-3.63,-30.0,0.37,Yong-13
22,-2.83,-30.0,0.24,Yong-13
22,-2.54,-30.0,0.36,Yong-13
22,-3.17,-30.0,0.57,Yong-13
22,-3.19,-30.0,0.39,Yong-13
22,-3.54,-30.0,0.11,Yong-13
22,-4.05,-30.0,-0.04,Yong-13
22,-3.0,-30.0,0.4,Yong-13
22,-2.6,-30.0,0.36,Yong-13
22,-3.39,-30.0,0.32,Yong-13
22,-3.35,-30.0,0.32,Yong-13
22,-2.85,-30.0,0.19,Yong-13
22,-2.87,-30.0,0.3,Yong-13
22,-2.54,-30.0,-30.0,Yong-13
22,-2.73,-30.0,0.51,Yong-13
22,-3.54,-30.0,0.44,Yong-13
22,-2.56,-30.0,0.45,Yong-13
22,-3.22,-30.0,0.33,Yong-13
22,-2.56,-30.0,0.31,Yong-13
22,-2.66,-30.0,0.35,Yong-13
22,-3.3,-30.0,0.66,Yong-13
22,-3.2,-30.0,0.03,Yong-13
22,-2.94,-30.0,0.31,Yong-13
22,-2.51,-30.0,0.3,Yong-13
22,-2.94,-30.0,0.49,Yong-13
22,-3.31,-30.0,0.4,Yong-13
22,-3.23,-30.0,0.51,Yong-13
22,-2.03,-30.0,0.34,Yong-13
22,-2.17,-30.0,0.81,Yong-13
22,-2.52,-30.0,0.25,Yong-13
22,-3.32,-30.0,0.35,Yong-13
22,-2.85,-30.0,0.29,Yong-13
22,-2.68,-30.0,0.35,Yong-13
22,-2.99,-30.0,0.3,Yong-13
22,-3.2,-30.0,0.19,Yong-13
22,-2.74,-30.0,0.39,Yong-13
22,-3.86,-30.0,0.2,Yong-13
22,-3.39,-30.0,0.16,Yong-13
22,-2.93,-30.0,0.25,Yong-13
22,-3.63,-30.0,0.39,Yong-13
22,-2.44,-30.0,0.69,Yong-13
22,-4.1,-30.0,0.02,Yong-13
22,-3.05,-30.0,0.32,Yong-13
22,-2.29,-30.0,-30.0,Yong-13
22,-2.36,-30.0,0.45,Yong-13
22,-3.14,-30.0,0.24,Yong-13
22,-3.5,-30.0,0.19,Yong-13
22,-3.49,-30.0,0.12,Yong-13
22,-2.73,-30.0,0.52,Yong-13
22,-2.62,-30.0,0.47,Yong-13
22,-2.89,-30.0,0.4,Yong-13
22,-2.74,-30.0,0.37,Yong-13
22,-2.45,-30.0,0.44,Yong-13
22,-3.31,-30.0,0.21,Yong-13
22,-2.88,-30.0,0.4,Yong-13
22,-2.53,-30.0,0.33,Yong-13
22,-4.02,-30.0,0.31,Yong-13
22,-2.72,-30.0,0.25,Yong-13
22,-3.2,-30.0,0.46,Yong-13
22,-2.87,-30.0,0.18,Yong-13
22,-2.98,-30.0,0.31,Yong-13
22,-3.17,-30.0,0.22,Yong-13
22,-3.39,-30.0,0.32,Yong-13
22,-2.57,-30.0,1.03,Yong-13
22,-2.84,-30.0,0.38,Yong-13
22,-2.78,-30.0,0.46,Yong-13
22,-3.1,-30.0,0.31,Yong-13
22,-2.59,-30.0,0.37,Yong-13
22,-3.03,-30.0,0.22,Yong-13
22,-2.83,-30.0,0.23,Yong-13
22,-3.27,-30.0,0.2,Yong-13
22,-2.99,-30.0,0.28,Yong-13
22,-2.0,-30.0,0.34,Yong-13
22,-3.05,-30.0,0.31,Yong-13
22,-2.78,-30.0,0.27,Yong-13
22,-1.46,-30.0,0.35,Yong-13
22,-3.03,-30.0,0.36,Yong-13
22,-2.96,-30.0,0.32,Yong-13
22,-2.87,-30.0,0.13,Yong-13
22,-3.38,-30.0,0.28,Yong-13
22,-3.31,-30.0,0.62,Yong-13
22,-2.78,-30.0,0.66,Yong-13
22,-3.97,-30.0,0.45,Yong-13
22,-2.98,-30.0,0.29,Yong-13
22,-3.02,-30.0,0.73,Yong-13
22,-3.44,-30.0,0.14,Yong-13
22,-2.6,-30.0,0.49,Yong-13
22,-2.12,-30.0,0.33,Yong-13
22,-2.65,-30.0,0.68,Yong-13
22,-2.43,-30.0,0.43,Yong-13
22,-2.5,-30.0,-30.0,Yong-13
22,-3.19,-30.0,0.52,Yong-13