  ele   Z    A    013a000     015a000     020a000     025a000     030a000     040a000     060a000     080a000     120a000
  H     1    0  7.4389E-01  7.1584E-01  6.4682E-01  6.0957E-01  5.9490E-01  5.4327E-01  5.0364E-01  4.6582E-01  4.4463E-01
  He    2    0  1.5262E+00  1.4521E+00  1.4758E+00  1.3661E+00  1.4055E+00  1.3643E+00  1.5087E+00  1.5673E+00  1.7465E+00
  Li    3    0  8.7396E-03  9.3489E-03  1.1542E-02  1.1648E-02  1.2081E-02  1.2301E-02  1.1842E-02  1.1396E-02  1.1415E-02
  Be    4    0  1.2571E-02  1.2281E-02  2.1354E-02  2.0964E-02  2.1244E-02  2.0096E-02  1.9115E-02  1.5988E-02  1.5985E-02
  B     5    0  1.8142E-01  1.7456E-01  1.5964E-01  1.5334E-01  1.5224E-01  1.4457E-01  1.3990E-01  1.2982E-01  1.2323E-01
  C     6    0  4.2012E+00  6.9906E+00  9.4045E+00  1.1319E+01  1.2577E+01  1.3076E+01  2.2608E+01  2.3963E+01  2.1934E+01
  N     7    0  4.1394E+00  3.9444E+00  3.4237E+00  3.6988E+00  3.7727E+00  4.1394E+00  5.2911E+00  5.4619E+00  6.2362E+00
  O     8    0  3.7313E+00  7.6157E+00  1.1873E+01  1.8624E+01  2.0716E+01  2.6898E+01  2.4161E+01  2.6121E+01  2.2435E+01
  F     9    0  6.3077E-01  6.0077E-01  5.8618E-01  5.3266E-01  8.4479E-01  3.2120E+00  4.9859E-01  4.1025E-01  4.4077E-01
  Ne   10    0  3.1545E+00  8.4049E+00  1.8144E+01  3.0586E+01  1.7437E+01  2.7121E+01  1.6117E+01  1.2721E+01  8.5413E+00
  Na   11    0  3.0721E+00  6.2299E+00  1.2217E+01  3.1944E+01  1.7462E+01  2.7734E+01  1.7129E+01  1.1255E+01  6.4215E+00
  Mg   12    0  2.6698E+00  4.9671E+00  9.9841E+00  9.7417E+00  7.0664E+00  9.7620E+00  6.9919E+00  7.1364E+00  7.8866E+00
  Al   13    0  3.1522E+00  5.9285E+00  1.1705E+01  1.3686E+01  9.7691E+00  1.4367E+01  9.4512E+00  7.5091E+00  4.5264E+00
  Si   14    0  9.0571E+00  1.2526E+01  1.2198E+01  8.6806E+00  1.3620E+01  1.0668E+01  1.0256E+01  1.1894E+01  1.1072E+01
  P    15    0  6.7152E+00  1.0850E+01  1.1771E+01  1.1408E+01  1.7207E+01  1.5799E+01  1.4413E+01  1.5791E+01  1.3476E+01
  S    16    0  8.1008E+00  1.0565E+01  8.3379E+00  7.1861E+00  1.0961E+01  8.6313E+00  9.0018E+00  1.0875E+01  9.0349E+00
  Cl   17    0  1.9330E+00  2.7759E+00  2.5481E+00  3.9913E+00  5.2782E+00  5.0803E+00  4.9547E+00  5.2525E+00  3.7625E+00
  Ar   18    0  7.2054E+00  8.8915E+00  6.8731E+00  5.9683E+00  8.3228E+00  6.9219E+00  7.3882E+00  8.9121E+00  7.4432E+00
  K    19    0  2.0956E+00  2.8471E+00  2.5472E+00  3.2768E+00  4.2686E+00  4.1513E+00  4.3299E+00  4.7126E+00  3.8902E+00
  Ca   20    0  6.0769E+00  6.8365E+00  5.4905E+00  3.8512E+00  4.2158E+00  4.0174E+00  4.0654E+00  5.1045E+00  4.9843E+00
  Sc   21    0  1.9925E+00  2.6615E+00  5.2894E+00  1.0588E+01  1.4415E+01  1.9548E+01  1.9380E+01  2.1675E+01  1.5949E+01
  Ti   22    0  3.6064E+00  3.2770E+00  2.9611E+00  3.1191E+00  2.7453E+00  3.1963E+00  2.9822E+00  3.2258E+00  2.9623E+00
  V    23    0  3.7025E+00  4.2318E+00  3.6389E+00  2.4690E+00  2.6118E+00  2.3973E+00  2.4738E+00  2.8031E+00  2.8641E+00
  Cr   24    0  4.8949E+00  5.1090E+00  4.2190E+00  2.8264E+00  2.3150E+00  1.7985E+00  1.6727E+00  1.6662E+00  1.5327E+00
  Mn   25    0  4.0239E+00  4.6749E+00  3.9131E+00  2.2450E+00  1.8757E+00  1.3745E+00  1.3111E+00  1.4097E+00  1.3895E+00
  Fe   26    0  6.0507E+00  5.4235E+00  4.2248E+00  3.4271E+00  3.0196E+00  2.3932E+00  1.8843E+00  1.6380E+00  1.4260E+00
  Co   27    0  5.2778E+00  5.6013E+00  7.1027E+00  1.0071E+01  8.0367E+00  9.3498E+00  8.2205E+00  6.3412E+00  4.7740E+00
  Ni   28    0  9.5161E+00  8.4800E+00  6.6865E+00  5.8381E+00  5.4453E+00  4.8209E+00  3.9508E+00  3.7066E+00  2.9487E+00
  Cu   29    0  3.1588E+00  4.7561E+00  1.0851E+01  2.6618E+01  3.1727E+01  4.8793E+01  4.5811E+01  5.2136E+01  4.2019E+01
  Zn   30    0  2.4748E+00  2.8677E+00  4.6450E+00  9.8156E+00  1.5336E+01  2.5623E+01  2.4633E+01  3.1888E+01  2.8268E+01
  Ga   31    0  2.5839E+00  3.9841E+00  1.0689E+01  3.0235E+01  5.2003E+01  9.5104E+01  9.4150E+01  1.3104E+02  1.1808E+02
  Ge   32    0  1.7999E+00  2.4546E+00  5.7380E+00  1.7534E+01  3.2394E+01  5.9483E+01  6.1514E+01  8.4932E+01  7.1714E+01
  As   33    0  2.1899E+00  3.4522E+00  8.5318E+00  2.4955E+01  6.8590E+01  9.9577E+01  1.1335E+02  1.6312E+02  1.3710E+02
  Se   34    0  1.4164E+00  1.6966E+00  3.6230E+00  1.1508E+01  2.4408E+01  4.3061E+01  4.7501E+01  6.7759E+01  5.7245E+01
  Br   35    0  1.2993E+00  1.4977E+00  3.4656E+00  1.1605E+01  1.9782E+01  4.2407E+01  4.0902E+01  4.9945E+01  4.1404E+01
  Kr   36    0  1.1487E+00  1.2808E+00  2.2843E+00  5.5922E+00  8.4496E+00  1.9243E+01  2.1920E+01  4.0518E+01  4.5990E+01
  Rb   37    0  1.2785E+00  1.5698E+00  2.9858E+00  6.5282E+00  1.3376E+01  2.9018E+01  3.5276E+01  6.5053E+01  7.0005E+01
  Sr   38    0  1.2465E+00  1.5214E+00  2.4409E+00  3.9609E+00  5.8976E+00  1.5482E+01  2.0929E+01  4.6676E+01  5.4264E+01
  Y    39    0  1.1358E+00  1.2791E+00  1.7982E+00  3.0482E+00  4.3825E+00  9.8909E+00  1.2396E+01  2.3996E+01  2.5524E+01
  Zr   40    0  1.0332E+00  1.0917E+00  1.3461E+00  2.0252E+00  2.7352E+00  4.9038E+00  5.7279E+00  9.7647E+00  1.1922E+01
  Nb   41    0  9.8848E-01  1.0128E+00  1.2054E+00  1.8921E+00  1.8071E+00  3.5662E+00  3.4479E+00  4.9172E+00  4.9517E+00
  Mo   42    0  1.1824E+00  1.2017E+00  1.2849E+00  1.5327E+00  1.5816E+00  2.1423E+00  2.1849E+00  2.9553E+00  3.2399E+00
  Xe   54    0  9.7522E-01  9.6965E-01  9.8723E-01  1.0531E+00  1.0845E+00  1.3114E+00  1.3965E+00  1.8509E+00  1.9013E+00
  Cs   55    0  9.4529E-01  9.3799E-01  9.1836E-01  1.0015E+00  1.0224E+00  1.2420E+00  1.3217E+00  1.6217E+00  1.5362E+00
  Ba   56    0  1.0169E+00  1.0544E+00  1.1798E+00  1.3762E+00  1.3652E+00  1.8719E+00  1.8314E+00  2.1968E+00  2.2168E+00
  La   57    0  1.0096E+00  1.0427E+00  1.1747E+00  1.4283E+00  1.4987E+00  1.8762E+00  1.8606E+00  1.9698E+00  1.8055E+00
  Ce   58    0  9.9152E-01  9.9782E-01  1.0577E+00  1.1897E+00  1.2387E+00  1.4407E+00  1.4257E+00  1.5394E+00  1.4940E+00
  Pr   59    0  9.7981E-01  9.6510E-01  1.0015E+00  1.1895E+00  1.3908E+00  1.5995E+00  1.7047E+00  2.0093E+00  1.7407E+00
  Nd   60    0  1.0046E+00  1.0236E+00  1.0709E+00  1.1867E+00  1.1334E+00  1.3142E+00  1.2567E+00  1.3917E+00  1.3942E+00
  Hg   80    0  9.8923E-01  9.8567E-01  1.0210E+00  1.0882E+00  1.0580E+00  1.1933E+00  1.1803E+00  1.3098E+00  1.3971E+00
  Tl   81    0  9.7751E-01  9.8053E-01  1.0117E+00  1.0940E+00  1.0825E+00  1.2537E+00  1.2245E+00  1.2639E+00  1.2233E+00
  Pb   82    0  9.9286E-01  1.0022E+00  1.0613E+00  1.1768E+00  1.1621E+00  1.3480E+00  1.3185E+00  1.3890E+00  1.3328E+00
  Bi   83    0  9.7191E-01  9.6033E-01  9.6153E-01  9.8249E-01  9.3921E-01  9.5274E-01  9.6239E-01  9.7663E-01  9.8039E-01
  ele   Z    A    013a150     015a150     020a150     025a150     030a150     040a150     060a150     080a150     120a150
  H     1    0  6.1007E-01  5.6247E-01  5.0537E-01  4.7425E-01  4.3326E-01  4.2902E-01  4.1615E-01  4.0831E-01  3.9119E-01
  He    2    0  1.3824E+00  1.3358E+00  1.4077E+00  1.4103E+00  1.3848E+00  1.4803E+00  1.5389E+00  1.5742E+00  1.9267E+00
  Li    3    0  6.3668E-04  1.0479E-03  1.7755E-03  2.4059E-03  2.3580E-03  2.5522E-03  3.8763E-03  1.8178E-03  1.8438E-03
  Be    4    0  1.0609E-03  1.6733E-03  2.8286E-03  4.1075E-03  4.0688E-03  3.7674E-03  4.2800E-03  2.4780E-03  2.5606E-03
  B     5    0  6.5200E-02  6.1114E-02  5.0797E-02  4.4721E-02  4.0884E-02  4.1440E-02  4.4762E-02  3.7401E-02  4.6503E-02
  C     6    0  1.4424E+01  1.2176E+01  2.7435E+01  2.7349E+01  2.5717E+01  2.5702E+01  2.5486E+01  2.5673E+01  2.0410E+01
  N     7    0  5.2448E+00  4.6715E+00  5.7174E+00  5.5720E+00  5.6126E+00  6.2882E+00  6.2437E+00  6.4545E+00  7.1661E+00
  O     8    0  2.1189E+01  2.6455E+01  2.6581E+01  2.8472E+01  3.2287E+01  3.0390E+01  3.0356E+01  3.0825E+01  2.1582E+01
  F     9    0  2.6468E+00  1.0160E+02  1.3167E+01  1.4131E+00  5.9643E-01  6.5099E-01  7.3753E-01  3.8406E-01  4.5832E-01
  Ne   10    0  4.2235E+00  5.8342E+00  6.4063E+00  1.4392E+01  3.1933E+01  2.5251E+01  2.0912E+01  1.5329E+01  8.4993E+00
  Na   11    0  4.6496E+00  4.9167E+00  6.1241E+00  1.1155E+01  2.6773E+01  2.4324E+01  1.6855E+01  9.7587E+00  6.8962E+00
  Mg   12    0  2.9229E+00  4.4106E+00  5.0798E+00  8.5553E+00  1.2329E+01  1.0110E+01  1.0413E+01  9.4569E+00  7.1811E+00
  Al   13    0  3.0072E+00  3.1724E+00  4.6496E+00  1.0558E+01  1.6697E+01  1.3693E+01  1.0749E+01  7.5243E+00  4.5253E+00
  Si   14    0  1.4723E+01  1.3903E+01  2.0334E+01  2.0692E+01  1.3571E+01  1.2454E+01  1.3034E+01  1.4415E+01  1.0422E+01
  P    15    0  1.4318E+01  1.3995E+01  2.1749E+01  2.3428E+01  1.8755E+01  1.8045E+01  1.7614E+01  1.8401E+01  1.3091E+01
  S    16    0  1.5088E+01  1.4204E+01  1.8357E+01  1.5604E+01  1.0702E+01  1.0896E+01  1.2063E+01  1.3351E+01  8.3717E+00
  Cl   17    0  5.0061E+00  5.1157E+00  7.1372E+00  5.3078E+00  5.1335E+00  5.7881E+00  5.6389E+00  5.5297E+00  3.7128E+00
  Ar   18    0  1.3882E+01  1.2592E+01  1.4520E+01  1.2363E+01  8.9627E+00  9.2298E+00  1.0355E+01  1.1125E+01  6.8675E+00
  K    19    0  5.9789E+00  7.4292E+00  6.6419E+00  5.2113E+00  4.5224E+00  4.9446E+00  5.3698E+00  5.3247E+00  3.8902E+00
  Ca   20    0  9.8764E+00  6.7634E+00  8.2613E+00  8.2499E+00  6.4137E+00  5.7638E+00  6.3444E+00  7.2602E+00  4.3508E+00
  Sc   21    0  7.4542E+00  1.4408E+01  1.6286E+01  1.1945E+01  1.9141E+01  2.3690E+01  2.2288E+01  1.9908E+01  1.5242E+01
  Ti   22    0  4.8037E+00  4.0943E+00  4.0959E+00  4.2005E+00  4.7265E+00  3.8046E+00  3.7163E+00  3.5642E+00  2.9001E+00
  V    23    0  4.6587E+00  3.9398E+01  4.2606E+00  3.7732E+00  2.8217E+00  2.8332E+00  3.0947E+00  3.2198E+00  2.8154E+00
  Cr   24    0  5.2691E+00  4.5774E+01  3.7919E+00  3.9889E+00  2.5763E+00  2.0916E+00  1.8549E+00  1.7707E+00  1.5147E+00
  Mn   25    0  4.1234E+00  6.7145E+01  2.9440E+00  2.8860E+00  1.8377E+00  1.5846E+00  1.5029E+00  1.5338E+00  1.3603E+00
  Fe   26    0  6.3006E+00  1.9440E+01  4.2930E+00  3.5320E+00  2.9608E+00  2.4036E+00  1.9009E+00  1.6736E+00  1.4124E+00
  Co   27    0  6.8064E+00  8.9350E+00  9.7056E+00  8.6114E+00  1.1040E+01  9.8864E+00  7.1674E+00  6.2203E+00  4.6256E+00
  Ni   28    0  1.0397E+01  3.0810E+01  7.8923E+00  6.4033E+00  5.7884E+00  5.1025E+00  4.2257E+00  3.6962E+00  2.8433E+00
  Cu   29    0  2.1099E+01  3.4383E+01  3.5398E+01  3.5569E+01  5.1282E+01  5.6470E+01  5.5821E+01  5.1999E+01  3.9237E+01
  Zn   30    0  1.2471E+01  2.3249E+01  2.0045E+01  1.9972E+01  2.7445E+01  2.9677E+01  3.3568E+01  3.5619E+01  2.6281E+01
  Ga   31    0  3.7229E+01  1.0051E+02  6.6178E+01  7.0296E+01  1.0694E+02  1.1849E+02  1.3865E+02  1.5418E+02  1.1187E+02
  Ge   32    0  1.9282E+01  6.0163E+01  4.0235E+01  3.8869E+01  6.5601E+01  8.0775E+01  9.6389E+01  1.0305E+02  6.8115E+01
  As   33    0  2.7134E+01  1.0367E+02  5.5911E+01  6.5859E+01  1.0118E+02  1.3873E+02  1.7761E+02  1.9511E+02  1.3563E+02
  Se   34    0  1.3192E+01  4.8655E+01  3.0294E+01  2.5851E+01  4.8766E+01  6.8113E+01  8.7400E+01  8.4982E+01  5.5345E+01
  Br   35    0  9.2822E+00  3.1524E+01  1.9676E+01  2.0942E+01  4.7579E+01  6.5700E+01  7.6036E+01  6.3161E+01  3.9926E+01
  Kr   36    0  8.1999E+00  3.2150E+01  1.5465E+01  1.4982E+01  2.7341E+01  3.9128E+01  6.0849E+01  5.7184E+01  4.0563E+01
  Rb   37    0  9.1789E+00  4.6927E+01  2.0603E+01  1.9128E+01  3.4843E+01  5.9663E+01  9.8137E+01  8.8623E+01  6.1732E+01
  Sr   38    0  1.0524E+01  4.6333E+01  1.3977E+01  1.6808E+01  2.7115E+01  3.3564E+01  5.8876E+01  7.6661E+01  5.0908E+01
  Y    39    0  6.2777E+00  2.7452E+01  9.8434E+00  9.2184E+00  1.5644E+01  2.0977E+01  3.3992E+01  3.8414E+01  2.4685E+01
  Zr   40    0  3.5738E+00  1.2936E+01  5.9480E+00  4.3028E+00  6.8798E+00  9.5884E+00  1.4836E+01  1.5405E+01  1.1593E+01
  Nb   41    0  1.9202E+00  6.0637E+00  3.1303E+00  2.6702E+00  4.8171E+00  6.2045E+00  8.8242E+00  7.8863E+00  5.0601E+00
  Mo   42    0  1.6885E+00  3.2391E+00  2.0348E+00  2.1405E+00  2.6831E+00  3.1312E+00  4.3435E+00  4.0420E+00  3.2439E+00
  Xe   54    0  1.1135E+00  1.8059E+00  1.2606E+00  1.3083E+00  1.4835E+00  1.6695E+00  2.3545E+00  2.2417E+00  1.8431E+00
  Cs   55    0  1.0492E+00  1.5695E+00  1.1271E+00  1.1478E+00  1.3150E+00  1.5091E+00  2.0911E+00  1.8236E+00  1.5082E+00
  Ba   56    0  1.3837E+00  2.1996E+00  1.5890E+00  1.7084E+00  2.2135E+00  2.3830E+00  2.9148E+00  2.5968E+00  2.1303E+00
  La   57    0  1.2389E+00  1.7791E+00  1.4965E+00  1.5485E+00  2.0262E+00  2.2495E+00  2.4882E+00  2.1608E+00  1.7602E+00
  Ce   58    0  1.1162E+00  1.4022E+00  1.2621E+00  1.2743E+00  1.5228E+00  1.6446E+00  1.7426E+00  1.6602E+00  1.4617E+00
  Pr   59    0  1.0557E+00  1.5611E+00  1.9481E+00  1.1965E+00  1.3414E+00  1.8109E+00  1.7970E+00  1.9323E+00  1.7032E+00
  Nd   60    0  1.1072E+00  1.2511E+00  1.0930E+00  1.3587E+00  1.4411E+00  1.4176E+00  1.5124E+00  1.5182E+00  1.3647E+00
  Hg   80    0  1.1287E+00  1.2838E+00  1.1541E+00  1.1156E+00  1.2462E+00  1.2661E+00  1.4037E+00  1.3650E+00  1.3623E+00
  Tl   81    0  1.0152E+00  1.1415E+00  1.0192E+00  1.0657E+00  1.2447E+00  1.3111E+00  1.3924E+00  1.2860E+00  1.1970E+00
  Pb   82    0  1.0872E+00  1.2390E+00  1.1865E+00  1.2081E+00  1.4042E+00  1.4431E+00  1.4794E+00  1.4229E+00  1.3022E+00
  Bi   83    0  9.2148E-01  9.1521E-01  9.2050E-01  9.2365E-01  9.5149E-01  9.6231E-01  9.7534E-01  9.6333E-01  9.7632E-01
  ele   Z    A    013a300     015a300     020a300     025a300     030a300     040a300     060a300     080a300     120a300
  H     1    0  5.2303E-01  5.0042E-01  4.7684E-01  4.0169E-01  3.5918E-01  3.6048E-01  3.1696E-01  3.3898E-01  3.7052E-01
  He    2    0  1.4401E+00  1.3666E+00  1.3806E+00  1.5243E+00  1.5749E+00  1.6450E+00  1.9841E+00  2.1238E+00  2.2306E+00
  Li    3    0  2.9829E-04  5.2117E-04  1.1465E-03  1.9516E-03  1.9380E-03  2.5394E-03  2.0081E-03  1.9710E-03  8.6460E-04
  Be    4    0  4.3901E-04  7.5289E-04  1.6013E-03  2.6542E-03  3.0742E-03  4.0644E-03  3.0877E-03  3.1200E-03  1.5289E-03
  B     5    0  1.7028E-02  1.7186E-02  1.5605E-02  1.9111E-02  2.2026E-02  2.8967E-02  2.8062E-02  3.1498E-02  2.4081E-02
  C     6    0  2.0981E+01  1.7932E+01  2.5557E+01  2.8845E+01  2.6071E+01  2.7012E+01  2.2587E+01  1.8282E+01  1.3511E+01
  N     7    0  7.0042E+00  8.2991E+00  1.1239E+01  6.7516E+00  6.8911E+00  6.8318E+00  7.2381E+00  8.1898E+00  9.2190E+00
  O     8    0  2.4060E+01  2.6198E+01  3.0264E+01  3.0390E+01  3.2362E+01  3.1018E+01  2.4737E+01  1.9212E+01  1.4011E+01
  F     9    0  9.4741E+01  1.7316E+01  1.5105E+01  9.0928E-01  6.8845E-01  6.5012E-01  7.2433E-01  3.0741E-01  2.2744E-01
  Ne   10    0  8.6329E+00  9.4483E+00  9.1604E+00  1.9385E+01  3.1090E+01  2.4152E+01  1.8307E+01  1.2327E+01  7.1026E+00
  Na   11    0  7.9758E+00  7.1423E+00  9.0668E+00  1.7072E+01  2.2465E+01  2.2089E+01  1.8666E+01  1.4237E+01  1.0680E+01
  Mg   12    0  4.9521E+00  5.2563E+00  5.6720E+00  9.5638E+00  1.3445E+01  1.0128E+01  7.9838E+00  5.8650E+00  4.3580E+00
  Al   13    0  4.4806E+00  4.7098E+00  6.0991E+00  1.2571E+01  1.7631E+01  1.3424E+01  1.0239E+01  7.4299E+00  5.1639E+00
  Si   14    0  1.6271E+01  3.1596E+01  2.3000E+01  1.9762E+01  1.5169E+01  1.2889E+01  1.0692E+01  8.8574E+00  7.0698E+00
  P    15    0  1.1906E+01  2.2879E+01  3.5119E+01  2.3590E+01  2.0412E+01  1.9228E+01  1.4787E+01  1.2159E+01  8.9802E+00
  S    16    0  2.4695E+01  3.3804E+01  2.0782E+01  1.5546E+01  1.0997E+01  1.0695E+01  9.4490E+00  8.1276E+00  5.7956E+00
  Cl   17    0  7.7921E+00  1.1672E+01  8.4945E+00  5.5200E+00  4.8524E+00  5.8673E+00  4.8295E+00  4.2978E+00  2.7758E+00
  Ar   18    0  2.9521E+01  3.0191E+01  1.6887E+01  1.2521E+01  9.0958E+00  8.7502E+00  7.8821E+00  6.9130E+00  4.8604E+00
  K    19    0  1.8891E+01  2.6424E+01  7.8205E+00  5.3737E+00  4.4450E+00  4.9502E+00  4.4482E+00  3.9908E+00  2.6846E+00
  Ca   20    0  2.8145E+01  1.9091E+01  9.0190E+00  8.6335E+00  6.7485E+00  5.0078E+00  4.6588E+00  4.0612E+00  3.4621E+00
  Sc   21    0  2.4712E+01  3.0945E+01  1.5951E+01  1.4010E+01  2.0053E+01  2.2282E+01  2.1762E+01  1.6593E+01  1.1586E+01
  Ti   22    0  6.0355E+00  9.2040E+00  5.7485E+00  4.5354E+00  5.1769E+00  4.0742E+00  3.1417E+00  2.7295E+00  2.1801E+00
  V    23    0  5.5406E+00  4.1743E+01  6.8532E+00  3.6491E+00  3.1186E+00  2.9085E+00  2.5893E+00  2.3105E+00  1.9472E+00
  Cr   24    0  5.7708E+00  3.1323E+01  4.3931E+00  3.5263E+00  2.8984E+00  2.0249E+00  1.7179E+00  1.6015E+00  1.3869E+00
  Mn   25    0  6.9744E+00  6.2016E+01  3.6842E+00  2.5382E+00  1.9818E+00  1.4852E+00  1.3966E+00  1.3438E+00  1.2399E+00
  Fe   26    0  6.6285E+00  1.6979E+01  4.3847E+00  3.5111E+00  2.9662E+00  2.3951E+00  1.8866E+00  1.6552E+00  1.4360E+00
  Co   27    0  1.1129E+01  8.6167E+00  6.9185E+00  9.2264E+00  1.1100E+01  9.5031E+00  7.3913E+00  5.7913E+00  4.1409E+00
  Ni   28    0  1.1161E+01  2.6911E+01  7.9470E+00  6.5276E+00  5.8442E+00  5.0699E+00  4.0351E+00  3.3045E+00  2.5933E+00
  Cu   29    0  3.0264E+01  3.4811E+01  4.7777E+01  4.2585E+01  5.3727E+01  5.5468E+01  4.8837E+01  3.8084E+01  2.7810E+01
  Zn   30    0  1.5527E+01  2.2739E+01  3.3860E+01  2.4644E+01  2.9057E+01  3.0282E+01  2.6681E+01  2.1233E+01  1.5798E+01
  Ga   31    0  5.2657E+01  8.8432E+01  1.6710E+02  9.5378E+01  1.2052E+02  1.2290E+02  1.0313E+02  8.2924E+01  6.1007E+01
  Ge   32    0  3.4008E+01  6.1723E+01  9.3108E+01  5.4345E+01  7.3435E+01  8.3666E+01  7.0425E+01  5.5644E+01  3.8898E+01
  As   33    0  5.3566E+01  9.6768E+01  1.6024E+02  9.1852E+01  1.1847E+02  1.4188E+02  1.2536E+02  1.0310E+02  7.8045E+01
  Se   34    0  2.8564E+01  5.4043E+01  1.0023E+02  3.8999E+01  5.6025E+01  7.0120E+01  5.8931E+01  4.6795E+01  3.1946E+01
  Br   35    0  2.2001E+01  4.9053E+01  6.5593E+01  3.2974E+01  5.5128E+01  6.6241E+01  5.3493E+01  3.9707E+01  2.8090E+01
  Kr   36    0  1.8555E+01  5.4094E+01  7.8081E+01  2.3804E+01  3.2786E+01  4.0395E+01  3.4677E+01  2.7254E+01  2.0664E+01
  Rb   37    0  2.3119E+01  7.8109E+01  1.2570E+02  2.9435E+01  4.2506E+01  5.8644E+01  5.6186E+01  4.4309E+01  3.3135E+01
  Sr   38    0  2.3008E+01  9.2335E+01  1.1880E+02  2.6916E+01  3.2439E+01  3.8263E+01  3.0116E+01  2.5776E+01  2.0309E+01
  Y    39    0  1.5471E+01  6.7511E+01  8.5227E+01  1.4651E+01  1.8520E+01  2.2998E+01  1.7754E+01  1.5117E+01  1.0822E+01
  Zr   40    0  7.4953E+00  3.6851E+01  5.6247E+01  6.3773E+00  8.0740E+00  1.0164E+01  8.0156E+00  6.9669E+00  5.0192E+00
  Nb   41    0  4.6303E+00  2.4554E+01  2.1156E+01  3.8775E+00  5.5048E+00  6.3585E+00  4.9130E+00  4.0985E+00  3.1934E+00
  Mo   42    0  2.4737E+00  1.0017E+01  1.0924E+01  2.6996E+00  2.9767E+00  3.1895E+00  2.7799E+00  2.4759E+00  2.1312E+00
  Xe   54    0  1.4734E+00  5.2320E+00  4.5662E+00  1.4984E+00  1.5966E+00  1.6951E+00  1.6355E+00  1.5422E+00  1.3903E+00
  Cs   55    0  1.3211E+00  4.8305E+00  4.1333E+00  1.2115E+00  1.3688E+00  1.4995E+00  1.4865E+00  1.4112E+00  1.2900E+00
  Ba   56    0  1.9504E+00  5.6744E+00  5.1708E+00  2.0142E+00  2.3677E+00  2.4696E+00  2.0686E+00  1.8568E+00  1.6407E+00
  La   57    0  1.7840E+00  4.0957E+00  3.3861E+00  1.7726E+00  2.1128E+00  2.2531E+00  2.0033E+00  1.7894E+00  1.5344E+00
  Ce   58    0  1.3619E+00  2.3058E+00  2.1230E+00  1.3896E+00  1.5664E+00  1.6554E+00  1.5226E+00  1.4054E+00  1.3084E+00
  Pr   59    0  1.4127E+00  3.0298E+00  2.5359E+00  1.2819E+00  1.3946E+00  1.6049E+00  1.8892E+00  1.6989E+00  1.4604E+00
  Nd   60    0  1.1731E+00  1.5280E+00  1.6707E+00  1.4582E+00  1.4987E+00  1.4512E+00  1.3256E+00  1.2555E+00  1.2138E+00
  Hg   80    0  1.1389E+00  1.4425E+00  1.6700E+00  1.1792E+00  1.2912E+00  1.2862E+00  1.2319E+00  1.1867E+00  1.1546E+00
  Tl   81    0  1.1144E+00  1.2911E+00  1.3093E+00  1.1179E+00  1.2455E+00  1.2955E+00  1.2643E+00  1.1987E+00  1.1402E+00
  Pb   82    0  1.2298E+00  1.3528E+00  1.4361E+00  1.2893E+00  1.4285E+00  1.4431E+00  1.3701E+00  1.2814E+00  1.2037E+00
  Bi   83    0  9.3545E-01  9.1636E-01  9.0614E-01  9.3025E-01  9.4781E-01  9.5732E-01  9.7527E-01  9.7665E-01  9.8606E-01
  ele   Z    A    013b000     015b000     020b000     025b000     030b000     040b000     060b000     080b000     120b000
  H     1    0  7.2670E-01  7.0441E-01  6.3849E-01  6.1154E-01  5.6532E-01  5.0490E-01  4.5869E-01  4.2966E-01  3.7397E-01
  He    2    0  1.5988E+00  1.4403E+00  1.5202E+00  1.3955E+00  1.6060E+00  1.5646E+00  1.5161E+00  1.3820E+00  1.3332E+00
  Li    3    0  2.8386E-03  4.9444E-03  1.1115E-02  1.1417E-02  1.2081E-02  1.1565E-02  1.3949E-02  1.1841E-02  1.1073E-02
  Be    4    0  8.8407E-03  8.4805E-03  1.3726E-02  1.7331E-02  1.6475E-02  1.5286E-02  1.2853E-02  1.2468E-02  1.1732E-02
  B     5    0  1.5383E-01  1.4892E-01  1.3417E-01  1.3138E-01  1.2778E-01  1.2001E-01  1.0820E-01  1.0370E-01  9.4553E-02
  C     6    0  2.6527E+01  4.4388E+01  5.0343E+01  6.9757E+01  7.4437E+01  7.4309E+01  8.7162E+01  7.6121E+01  1.0507E+02
  N     7    0  9.6533E+00  8.8026E+00  8.6049E+00  8.1421E+00  1.1677E+01  1.2277E+01  1.2843E+01  1.0483E+01  1.3399E+01
  O     8    0  1.1962E+01  3.1819E+01  3.5912E+01  5.9427E+01  5.2771E+01  7.3572E+01  1.0092E+02  1.2797E+02  1.3607E+02
  F     9    0  6.7066E-01  6.4132E-01  6.9575E-01  2.2583E+00  1.9495E+00  2.7066E+00  2.9940E+01  9.8593E+00  2.3019E-01
  Ne   10    0  3.6910E+01  5.8620E+01  2.0857E+02  1.6984E+02  1.3928E+02  2.3799E+02  9.5168E+01  9.1862E+01  2.2783E+02
  Na   11    0  1.3391E+01  2.6362E+01  7.0151E+01  8.6348E+01  7.0385E+01  1.1501E+02  3.2499E+01  2.4334E+01  4.0447E+01
  Mg   12    0  1.5368E+01  1.9558E+01  5.1975E+01  3.2844E+01  2.8118E+01  4.1893E+01  2.8797E+01  4.0093E+01  1.1195E+02
  Al   13    0  2.3690E+01  3.1197E+01  6.9559E+01  5.3086E+01  4.5076E+01  6.8911E+01  4.0628E+01  4.7910E+01  8.3870E+01
  Si   14    0  2.6931E+01  4.7531E+01  3.6697E+01  4.7439E+01  4.0985E+01  3.7111E+01  5.8122E+01  7.5546E+01  6.8739E+01
  P    15    0  3.7905E+01  6.3139E+01  5.5636E+01  7.4391E+01  6.5976E+01  6.9653E+01  9.3786E+01  1.2353E+02  1.2470E+02
  S    16    0  2.1406E+01  4.0642E+01  2.4049E+01  3.5686E+01  3.0653E+01  2.8050E+01  5.0832E+01  6.2459E+01  5.3131E+01
  Cl   17    0  6.5342E+00  1.2423E+01  8.6641E+00  1.7409E+01  1.6138E+01  1.5780E+01  2.4351E+01  2.5797E+01  1.9832E+01
  Ar   18    0  1.7952E+01  3.2847E+01  1.8263E+01  2.5084E+01  2.1209E+01  2.1585E+01  3.9629E+01  5.1795E+01  4.7326E+01
  K    19    0  8.4671E+00  1.6046E+01  1.0282E+01  1.6436E+01  1.4849E+01  1.5805E+01  2.8084E+01  3.8260E+01  3.4411E+01
  Ca   20    0  1.5047E+01  2.5707E+01  1.3672E+01  1.5938E+01  1.2506E+01  1.5811E+01  2.8371E+01  3.8859E+01  3.6554E+01
  Sc   21    0  4.7550E+00  8.8575E+00  1.5088E+01  2.9621E+01  2.6002E+01  3.7941E+01  4.1171E+01  7.7392E+01  5.9463E+01
  Ti   22    0  9.9195E+00  1.1188E+01  7.5175E+00  7.1232E+00  6.4077E+00  6.7543E+00  7.7571E+00  9.5504E+00  1.0554E+01
  V    23    0  9.2849E+00  1.5961E+01  1.1097E+01  7.6155E+00  6.6269E+00  5.6085E+00  8.5689E+00  1.2536E+01  1.4841E+01
  Cr   24    0  2.1932E+01  3.2516E+01  2.0336E+01  1.6614E+01  1.3750E+01  8.3177E+00  8.7411E+00  9.1917E+00  7.9705E+00
  Mn   25    0  1.0960E+01  1.8592E+01  1.1996E+01  7.6748E+00  6.5534E+00  3.3412E+00  4.2250E+00  4.4348E+00  4.1147E+00
  Fe   26    0  5.0304E+01  4.4217E+01  3.2280E+01  2.6164E+01  2.1548E+01  1.6015E+01  1.1222E+01  8.9319E+00  6.1705E+00
  Co   27    0  3.3915E+01  2.6954E+01  2.2960E+01  1.7402E+01  1.6719E+01  1.2572E+01  9.3001E+00  1.0921E+01  6.8765E+00
  Ni   28    0  7.9480E+01  7.0058E+01  5.1236E+01  4.2105E+01  3.4649E+01  2.6243E+01  1.8833E+01  1.6388E+01  7.4884E+00
  Cu   29    0  5.2884E+00  8.6969E+00  1.4922E+01  3.5552E+01  3.4571E+01  5.2255E+01  5.9951E+01  7.3297E+01  7.0814E+01
  Zn   30    0  1.1364E+01  1.1589E+01  1.1562E+01  2.4981E+01  3.5180E+01  4.0558E+01  5.6879E+01  6.6124E+01  6.8938E+01
  Ga   31    0  2.6508E+00  6.2790E+00  1.2783E+01  5.9260E+01  6.2420E+01  1.4417E+02  2.4769E+02  3.4100E+02  3.3840E+02
  Ge   32    0  2.0130E+00  4.2487E+00  7.4458E+00  4.1465E+01  4.4890E+01  1.0388E+02  1.9493E+02  2.6788E+02  2.8524E+02
  As   33    0  1.8832E+00  4.3872E+00  7.6638E+00  6.1167E+01  6.7488E+01  1.5377E+02  3.5406E+02  5.7462E+02  4.8852E+02
  Se   34    0  1.5142E+00  2.2331E+00  3.5354E+00  2.6263E+01  3.0331E+01  7.6203E+01  1.7285E+02  2.4197E+02  2.4574E+02
  Br   35    0  1.4005E+00  1.7265E+00  3.2078E+00  2.2952E+01  2.7029E+01  7.9679E+01  1.5045E+02  2.1994E+02  2.1145E+02
  Kr   36    0  1.2259E+00  1.3983E+00  2.1131E+00  1.1237E+01  1.4839E+01  5.4129E+01  1.6037E+02  2.7309E+02  3.1982E+02
  Rb   37    0  1.2750E+00  1.5197E+00  2.2202E+00  1.4397E+01  1.8746E+01  6.5479E+01  1.9811E+02  3.6776E+02  3.7786E+02
  Sr   38    0  1.3162E+00  1.8298E+00  2.7786E+00  1.1775E+01  1.6841E+01  8.3919E+01  3.6854E+02  8.0928E+02  9.4150E+02
  Y    39    0  1.1864E+00  1.5903E+00  2.1305E+00  7.6361E+00  1.0331E+01  4.3971E+01  2.1465E+02  4.6832E+02  4.7809E+02
  Zr   40    0  1.0484E+00  1.2134E+00  1.4488E+00  3.6714E+00  4.5637E+00  1.4892E+01  7.0125E+01  1.7149E+02  1.9727E+02
  Nb   41    0  9.9125E-01  1.0205E+00  1.2565E+00  2.2775E+00  2.4848E+00  7.7693E+00  2.7347E+01  7.5226E+01  8.6482E+01
  Mo   42    0  1.1940E+00  1.2576E+00  1.3192E+00  1.7809E+00  1.8940E+00  3.8424E+00  1.1903E+01  3.4248E+01  4.1890E+01
  Xe   54    0  9.7316E-01  9.5963E-01  9.8213E-01  1.1839E+00  1.2441E+00  2.0266E+00  6.0516E+00  1.7124E+01  1.9833E+01
  Cs   55    0  9.3595E-01  9.2083E-01  9.2821E-01  1.1269E+00  1.1647E+00  1.8475E+00  4.2778E+00  1.0958E+01  1.2157E+01
  Ba   56    0  1.0349E+00  1.0836E+00  1.2224E+00  1.5346E+00  1.5839E+00  2.8402E+00  6.0881E+00  1.4161E+01  1.6938E+01
  La   57    0  1.0219E+00  1.0682E+00  1.2142E+00  1.5361E+00  1.5347E+00  2.3305E+00  3.8800E+00  7.1243E+00  8.4210E+00
  Ce   58    0  1.0000E+00  1.0116E+00  1.0914E+00  1.2724E+00  1.2802E+00  1.6902E+00  2.4711E+00  4.0207E+00  4.5495E+00
  Pr   59    0  9.7374E-01  9.9163E-01  9.9184E-01  1.2197E+00  1.1999E+00  1.4098E+00  1.9388E+00  5.1661E+00  3.7148E+00
  Nd   60    0  1.0141E+00  1.0592E+00  1.0884E+00  1.2417E+00  1.2576E+00  1.5996E+00  2.2769E+00  3.3896E+00  3.8523E+00
  Hg   80    0  9.9416E-01  9.8119E-01  1.0396E+00  1.1339E+00  1.1519E+00  1.3921E+00  1.8441E+00  2.3510E+00  2.6032E+00
  Tl   81    0  9.8015E-01  9.7136E-01  1.0354E+00  1.1430E+00  1.1446E+00  1.4316E+00  1.6839E+00  1.9895E+00  2.2652E+00
  Pb   82    0  1.0005E+00  1.0098E+00  1.0836E+00  1.1971E+00  1.1986E+00  1.4637E+00  1.7588E+00  2.1582E+00  2.3048E+00
  Bi   83    0  9.7196E-01  9.4581E-01  9.6135E-01  9.4308E-01  9.5335E-01  9.7481E-01  9.8349E-01  1.0385E+00  1.0195E+00
  ele   Z    A    013b150     015b150     020b150     025b150     030b150     040b150     060b150     080b150     120b150
  H     1    0  5.8508E-01  5.5355E-01  4.9282E-01  4.7320E-01  4.6689E-01  4.1963E-01  3.8494E-01  3.5501E-01  3.0132E-01
  He    2    0  1.4411E+00  1.4284E+00  1.4025E+00  1.3368E+00  1.3822E+00  1.0535E+00  1.2685E+00  1.2320E+00  1.8289E+00
  Li    3    0  1.6802E-02  2.7296E-02  9.6891E-03  5.4147E-03  4.1935E-02  1.9060E-02  4.4545E-01  2.6932E-01  9.3844E-04
  Be    4    0  3.9410E-04  5.9644E-04  1.2032E-03  1.7881E-03  2.2831E-03  2.9123E-03  8.6346E-04  1.0246E-03  1.3486E-03
  B     5    0  4.8522E-02  4.4121E-02  3.7412E-02  3.2774E-02  2.3952E-02  2.1109E-02  1.6074E-02  1.4754E-02  2.3472E-02
  C     6    0  6.5496E+01  7.2874E+01  7.8986E+01  7.1651E+01  8.5951E+01  1.2511E+02  1.6093E+02  1.7311E+02  1.3188E+02
  N     7    0  9.3056E+01  1.0943E+02  1.1535E+02  5.5028E+01  1.8140E+01  2.1928E+01  1.2540E+01  1.1695E+01  1.5694E+01
  O     8    0  5.6667E+01  7.4063E+01  9.6300E+01  1.0788E+02  1.0822E+02  1.4826E+02  1.2617E+02  1.3893E+02  1.0157E+02
  F     9    0  3.7830E+01  1.2664E+02  4.9217E+02  4.5429E+02  1.8630E+02  2.8761E+01  1.4619E+00  1.0343E+00  1.1690E+00
  Ne   10    0  6.0129E+01  8.2123E+01  9.5063E+01  2.4076E+02  1.5552E+02  2.2730E+02  2.7619E+02  2.3052E+02  1.5223E+02
  Na   11    0  2.3998E+01  3.2402E+01  3.0439E+01  7.0616E+01  5.6363E+01  7.0023E+01  7.4221E+01  2.1514E+01  2.2325E+01
  Mg   12    0  1.3457E+01  2.5059E+01  3.1200E+01  5.1725E+01  4.1253E+01  7.6898E+01  8.0630E+01  9.7997E+01  1.0051E+02
  Al   13    0  1.8119E+01  4.0962E+01  5.2470E+01  9.1385E+01  6.4470E+01  7.0269E+01  6.9981E+01  6.7787E+01  5.7156E+01
  Si   14    0  7.6738E+01  5.2607E+01  7.6591E+01  5.7522E+01  6.0414E+01  8.1458E+01  6.9693E+01  8.7860E+01  6.8323E+01
  P    15    0  6.8110E+01  7.4778E+01  1.3010E+02  1.1621E+02  1.1740E+02  1.3213E+02  1.1315E+02  1.4652E+02  1.0953E+02
  S    16    0  1.7897E+02  7.5720E+01  7.0457E+01  4.9337E+01  6.0237E+01  7.7087E+01  5.8695E+01  6.9910E+01  5.4630E+01
  Cl   17    0  1.0204E+02  1.3047E+01  2.7548E+01  2.1221E+01  2.5234E+01  3.2663E+01  2.5115E+01  2.7683E+01  1.8465E+01
  Ar   18    0  2.4952E+02  8.8634E+01  6.0275E+01  4.3298E+01  5.4546E+01  6.4064E+01  4.8976E+01  5.6740E+01  4.8246E+01
  K    19    0  5.0722E+02  1.5200E+01  3.7998E+01  2.6918E+01  3.0686E+01  3.8879E+01  3.2305E+01  4.0995E+01  3.3192E+01
  Ca   20    0  2.9247E+02  1.0735E+02  4.7947E+01  3.6733E+01  4.7052E+01  5.0360E+01  3.8489E+01  4.1857E+01  3.8250E+01
  Sc   21    0  1.4714E+02  3.8477E+01  4.0548E+01  4.8439E+01  7.4948E+01  8.5525E+01  6.4505E+01  5.6073E+01  4.4474E+01
  Ti   22    0  3.1865E+01  1.4455E+01  1.5272E+01  1.4961E+01  1.1347E+01  1.0893E+01  9.0915E+00  9.9898E+00  8.0652E+00
  V    23    0  4.1729E+01  1.9284E+01  1.3730E+01  1.2660E+01  1.2435E+01  1.2652E+01  1.1819E+01  1.3237E+01  1.1813E+01
  Cr   24    0  4.6807E+01  3.8794E+01  2.8741E+01  2.2020E+01  1.5083E+01  1.2272E+01  1.0885E+01  9.2189E+00  6.3775E+00
  Mn   25    0  2.5258E+01  2.3876E+01  1.1217E+01  9.0038E+00  6.5415E+00  5.6904E+00  5.6948E+00  4.7204E+00  3.7717E+00
  Fe   26    0  5.4013E+01  4.7558E+01  3.4218E+01  2.6473E+01  2.2452E+01  1.7056E+01  1.1604E+01  9.1156E+00  6.3898E+00
  Co   27    0  3.6621E+01  2.6085E+01  2.2530E+01  1.9114E+01  1.5329E+01  1.3343E+01  1.0959E+01  8.2363E+00  6.6299E+00
  Ni   28    0  8.6540E+01  7.7201E+01  5.5442E+01  4.3135E+01  3.7336E+01  2.9468E+01  1.9968E+01  1.5921E+01  9.6006E+00
  Cu   29    0  3.1515E+01  4.7185E+01  5.3509E+01  6.0782E+01  5.4919E+01  9.1863E+01  7.2874E+01  6.8942E+01  5.0878E+01
  Zn   30    0  3.6715E+01  3.9333E+01  4.7816E+01  5.7543E+01  5.0903E+01  7.6355E+01  7.3385E+01  6.9462E+01  5.4091E+01
  Ga   31    0  5.5301E+01  1.2882E+02  2.0212E+02  2.5380E+02  2.3675E+02  3.4254E+02  2.9663E+02  3.3369E+02  2.6053E+02
  Ge   32    0  4.4297E+01  8.8787E+01  1.4157E+02  2.0408E+02  2.1947E+02  2.9253E+02  2.5023E+02  2.8114E+02  2.1050E+02
  As   33    0  5.2237E+01  1.5093E+02  2.9342E+02  3.8427E+02  4.3596E+02  5.2133E+02  4.7693E+02  5.5454E+02  4.7787E+02
  Se   34    0  3.8766E+01  7.2782E+01  1.3224E+02  2.0930E+02  2.7878E+02  3.0838E+02  2.3823E+02  2.7264E+02  1.8632E+02
  Br   35    0  3.4829E+01  6.9921E+01  1.2746E+02  2.2447E+02  2.7898E+02  2.8858E+02  2.3088E+02  2.3911E+02  1.7758E+02
  Kr   36    0  3.7679E+01  5.7616E+01  1.0329E+02  1.9124E+02  3.6377E+02  3.2315E+02  2.3044E+02  2.7853E+02  2.2050E+02
  Rb   37    0  4.7754E+01  7.1327E+01  1.4437E+02  2.8578E+02  6.6725E+02  4.9739E+02  3.4583E+02  4.0249E+02  3.1642E+02
  Sr   38    0  5.0388E+01  9.8876E+01  2.1786E+02  4.7313E+02  7.9615E+02  5.9382E+02  5.3763E+02  8.2910E+02  6.4556E+02
  Y    39    0  3.7518E+01  6.6187E+01  1.3971E+02  2.9292E+02  6.1640E+02  3.9130E+02  3.3723E+02  4.9684E+02  3.4888E+02
  Zr   40    0  2.4687E+01  2.8403E+01  5.3600E+01  1.1930E+02  3.6170E+02  1.6754E+02  1.2303E+02  1.8685E+02  1.3870E+02
  Nb   41    0  1.3770E+01  1.7307E+01  2.5140E+01  6.5117E+01  2.2283E+02  8.8675E+01  6.6913E+01  7.7926E+01  6.1113E+01
  Mo   42    0  6.2388E+00  8.8924E+00  1.2583E+01  2.4175E+01  1.1143E+02  3.8449E+01  2.5313E+01  3.5607E+01  2.8417E+01
  Xe   54    0  3.0703E+00  3.9987E+00  5.5113E+00  1.1153E+01  7.5047E+01  1.9223E+01  1.2103E+01  1.7759E+01  1.3605E+01
  Cs   55    0  2.6549E+00  3.8009E+00  4.5364E+00  7.8042E+00  6.0365E+01  1.4925E+01  1.0163E+01  1.0519E+01  8.9486E+00
  Ba   56    0  3.4594E+00  4.7154E+00  6.1724E+00  1.2198E+01  4.8647E+01  1.8208E+01  1.0969E+01  1.4811E+01  1.1038E+01
  La   57    0  2.5671E+00  3.0995E+00  3.7045E+00  6.6793E+00  2.2674E+01  1.0415E+01  6.3816E+00  7.6681E+00  5.8356E+00
  Ce   58    0  1.7467E+00  2.0008E+00  2.2878E+00  3.5032E+00  1.2763E+01  5.7529E+00  3.6239E+00  4.1958E+00  3.3540E+00
  Pr   59    0  2.0750E+00  1.8202E+00  1.9466E+00  2.2163E+00  4.2778E+01  7.5127E+00  3.2332E+00  3.5704E+00  3.0624E+00
  Nd   60    0  1.3339E+00  1.7679E+00  2.1471E+00  2.7514E+00  5.1312E+00  3.7735E+00  2.7917E+00  3.5124E+00  2.9004E+00
  Hg   80    0  1.2407E+00  1.4712E+00  1.6555E+00  2.2047E+00  3.9295E+00  3.0128E+00  2.3833E+00  2.4862E+00  2.1400E+00
  Tl   81    0  1.1944E+00  1.3299E+00  1.4293E+00  1.9619E+00  3.0576E+00  2.6292E+00  2.1385E+00  2.1581E+00  1.8302E+00
  Pb   82    0  1.2793E+00  1.4650E+00  1.5881E+00  2.0208E+00  2.7259E+00  2.5925E+00  2.1533E+00  2.2150E+00  1.8893E+00
  Bi   83    0  9.3283E-01  9.3345E-01  9.1082E-01  9.6306E-01  1.1549E+00  1.0536E+00  1.0207E+00  9.9120E-01  9.8686E-01
  ele   Z    A    013b300     015b300     020b300     025b300     030b300     040b300     060b300     080b300     120b300
  H     1    0  5.4711E-01  5.1425E-01  4.8372E-01  4.6190E-01  4.1867E-01  4.0262E-01  3.6016E-01  3.3874E-01  3.1755E-01
  He    2    0  1.3595E+00  1.3527E+00  1.4591E+00  1.1291E+00  1.0926E+00  1.0278E+00  1.2431E+00  1.5353E+00  1.8588E+00
  Li    3    0  2.1422E-04  4.5205E-04  4.3969E-04  2.0041E-03  2.1234E-03  1.3676E-02  6.2607E-01  5.0311E-04  6.6644E-04
  Be    4    0  1.5762E-04  2.5448E-04  5.0880E-04  8.5665E-04  1.1226E-03  1.6579E-03  5.9086E-04  5.8977E-04  8.8365E-04
  B     5    0  1.2920E-02  1.1561E-02  4.7778E-03  6.2271E-03  7.5108E-03  1.0737E-02  1.1027E-02  4.7903E-03  9.4374E-03
  C     6    0  3.2341E+01  3.7553E+01  8.7944E+01  9.4465E+01  1.1969E+02  1.4320E+02  1.7330E+02  1.5503E+02  1.2403E+02
  N     7    0  7.1159E+01  7.8691E+01  5.0229E+01  3.7170E+01  3.2101E+01  3.8102E+01  1.5884E+01  1.3061E+01  1.6078E+01
  O     8    0  6.1603E+01  6.8719E+01  9.3377E+01  1.2609E+02  1.4345E+02  1.5044E+02  1.3373E+02  1.1742E+02  9.5227E+01
  F     9    0  4.0485E+01  1.7864E+02  3.0772E+02  9.2606E+02  2.0375E+03  8.9935E+01  1.4656E+00  1.7420E+00  1.4694E+00
  Ne   10    0  8.7730E+01  8.1999E+01  9.7526E+01  3.2001E+02  2.6588E+02  2.8875E+02  2.8269E+02  2.0064E+02  1.5355E+02
  Na   11    0  3.7748E+01  4.3113E+01  7.0936E+01  1.3913E+02  1.2597E+02  8.5581E+01  4.7825E+01  3.4372E+01  2.0757E+01
  Mg   12    0  3.9953E+01  3.3456E+01  3.3260E+01  5.9919E+01  5.5456E+01  7.7916E+01  9.6967E+01  7.1052E+01  8.4698E+01
  Al   13    0  1.0564E+01  1.1586E+01  5.4829E+01  1.2004E+02  1.0065E+02  8.1769E+01  6.3961E+01  4.9264E+01  4.5954E+01
  Si   14    0  2.0135E+02  2.1755E+02  6.6685E+01  6.8323E+01  7.7484E+01  7.3706E+01  7.2507E+01  6.7162E+01  6.4358E+01
  P    15    0  1.2480E+02  2.2450E+02  2.9458E+02  1.6830E+02  1.9469E+02  1.4064E+02  1.1863E+02  1.0349E+02  1.0539E+02
  S    16    0  4.1274E+02  4.8188E+02  7.3241E+01  5.9166E+01  7.5573E+01  6.6149E+01  6.3430E+01  5.8984E+01  4.9380E+01
  Cl   17    0  1.2776E+02  2.6537E+02  4.5696E+01  3.3631E+01  4.9058E+01  3.4441E+01  2.6560E+01  2.3169E+01  1.8877E+01
  Ar   18    0  5.0659E+02  7.4792E+02  6.4446E+01  4.9473E+01  6.3206E+01  5.2825E+01  5.2365E+01  5.1029E+01  4.1654E+01
  K    19    0  5.8651E+02  1.3140E+03  5.8875E+01  3.7059E+01  5.2096E+01  3.9804E+01  3.5536E+01  3.2201E+01  2.9190E+01
  Ca   20    0  5.0503E+02  6.0306E+02  3.3046E+01  3.7475E+01  4.2954E+01  3.5885E+01  4.0324E+01  4.1615E+01  3.1738E+01
  Sc   21    0  8.1129E+01  1.2475E+02  3.0155E+01  5.5357E+01  7.4325E+01  8.1103E+01  6.2348E+01  5.1572E+01  3.9600E+01
  Ti   22    0  7.7890E+01  1.5078E+02  2.0718E+01  1.7168E+01  1.5592E+01  1.1398E+01  9.6521E+00  8.5785E+00  7.1579E+00
  V    23    0  1.1124E+02  2.3427E+02  3.9146E+01  1.6603E+01  1.8296E+01  1.3909E+01  1.2102E+01  1.0920E+01  1.0603E+01
  Cr   24    0  1.1117E+02  1.3047E+02  3.1994E+01  1.7408E+01  1.7670E+01  1.2706E+01  1.0538E+01  8.9366E+00  6.3533E+00
  Mn   25    0  1.3109E+02  9.9533E+01  2.4422E+01  7.6619E+00  7.7631E+00  5.6539E+00  5.5610E+00  4.8283E+00  3.6852E+00
  Fe   26    0  7.6454E+01  5.6507E+01  3.5762E+01  2.6946E+01  2.2882E+01  1.6886E+01  1.1633E+01  9.0284E+00  6.2871E+00
  Co   27    0  3.9592E+01  3.1026E+01  2.1391E+01  1.8316E+01  1.5927E+01  1.2752E+01  9.8671E+00  8.4521E+00  5.9612E+00
  Ni   28    0  1.1551E+02  8.8629E+01  5.6410E+01  4.3789E+01  3.7669E+01  2.8711E+01  1.9989E+01  1.5680E+01  1.0804E+01
  Cu   29    0  1.4705E+01  1.4498E+01  2.0116E+01  5.4153E+01  5.9516E+01  8.3426E+01  7.4426E+01  6.4296E+01  4.6994E+01
  Zn   30    0  1.7748E+01  1.4662E+01  2.1449E+01  6.1282E+01  5.9205E+01  7.4019E+01  6.9906E+01  6.4703E+01  4.9075E+01
  Ga   31    0  4.7529E+01  4.7556E+01  9.1436E+01  3.2769E+02  3.1855E+02  3.4902E+02  3.2124E+02  2.8438E+02  2.4543E+02
  Ge   32    0  4.5810E+01  4.6185E+01  8.2192E+01  3.0235E+02  3.1537E+02  3.0851E+02  2.7098E+02  2.3655E+02  1.9627E+02
  As   33    0  4.8944E+01  4.9138E+01  1.1384E+02  6.1035E+02  6.7932E+02  5.8073E+02  4.8537E+02  4.4581E+02  4.6270E+02
  Se   34    0  5.4081E+01  6.3806E+01  1.2638E+02  4.1178E+02  4.5132E+02  3.4665E+02  2.6089E+02  2.2039E+02  1.8009E+02
  Br   35    0  4.9911E+01  5.1200E+01  9.1975E+01  4.5508E+02  4.5505E+02  3.3759E+02  2.4275E+02  2.0364E+02  1.6971E+02
  Kr   36    0  1.0080E+02  9.5569E+01  1.9330E+02  5.1025E+02  6.1696E+02  3.9857E+02  2.6280E+02  2.2716E+02  1.9459E+02
  Rb   37    0  1.0815E+02  8.6467E+01  2.6748E+02  8.0016E+02  1.1172E+03  6.4815E+02  3.6103E+02  3.1026E+02  3.1333E+02
  Sr   38    0  8.7926E+02  1.0441E+03  1.8350E+03  1.8646E+03  2.1173E+03  8.4279E+02  6.8307E+02  6.0871E+02  5.8467E+02
  Y    39    0  1.1961E+03  1.2846E+03  2.3389E+03  1.6690E+03  1.9279E+03  5.9638E+02  4.3439E+02  3.6604E+02  3.4233E+02
  Zr   40    0  2.1038E+03  4.8293E+03  4.3680E+03  1.0022E+03  1.2513E+03  2.8072E+02  1.6059E+02  1.3373E+02  1.3352E+02
  Nb   41    0  1.3348E+03  1.2177E+03  2.1786E+03  7.1744E+02  8.1200E+02  1.5766E+02  7.9986E+01  6.3792E+01  5.7863E+01
  Mo   42    0  1.5918E+03  1.7083E+03  4.7943E+03  4.3342E+02  4.1124E+02  7.0109E+01  3.1411E+01  2.6285E+01  2.6728E+01
  Xe   54    0  1.0399E+03  9.0191E+02  1.8100E+03  2.0440E+02  2.5008E+02  3.6264E+01  1.5015E+01  1.2933E+01  1.3054E+01
  Cs   55    0  7.9582E+02  7.8304E+02  1.6105E+03  1.4556E+02  2.0627E+02  2.9670E+01  1.0783E+01  8.6575E+00  8.3570E+00
  Ba   56    0  4.7837E+03  4.9537E+03  6.6610E+03  3.3485E+02  2.8617E+02  3.3385E+01  1.3929E+01  1.1453E+01  1.0294E+01
  La   57    0  5.7737E+03  6.5057E+03  6.7588E+03  2.1584E+02  1.7678E+02  1.8004E+01  7.5777E+00  6.3128E+00  5.4738E+00
  Ce   58    0  5.0373E+03  5.0604E+03  5.0161E+03  1.0868E+02  8.2033E+01  9.1599E+00  4.1348E+00  3.5860E+00  3.1672E+00
  Pr   59    0  1.0615E+04  4.0954E+03  4.1928E+03  6.1188E+01  1.4577E+02  1.2757E+01  3.5217E+00  3.1853E+00  2.8395E+00
  Nd   60    0  3.4761E+03  4.5280E+03  4.6463E+03  6.7372E+01  2.9751E+01  5.0932E+00  3.1539E+00  2.8710E+00  2.7380E+00
  Hg   80    0  3.6194E+03  4.3210E+03  4.8643E+03  5.1766E+01  2.9272E+01  4.1213E+00  2.5707E+00  2.2952E+00  2.1012E+00
  Tl   81    0  3.4662E+03  3.9293E+03  2.8515E+03  3.2660E+01  2.3413E+01  3.5351E+00  2.2222E+00  2.0059E+00  1.7742E+00
  Pb   82    0  3.9921E+03  4.1569E+03  2.4133E+03  1.9652E+01  1.1133E+01  3.0019E+00  2.2901E+00  2.0737E+00  1.8080E+00
  Bi   83    0  5.6686E+02  4.6116E+02  1.6781E+02  1.4140E+00  1.5958E+00  1.1137E+00  1.0280E+00  1.0146E+00  9.8150E-01
  ele   Z    A    013c000     015c000     020c000     025c000     030c000     040c000     060c000     080c000     120c000
  H     1    0  7.2601E-01  6.9590E-01  6.3794E-01  5.9979E-01  5.6502E-01  5.1648E-01  4.4980E-01  4.1751E-01  3.5645E-01
  He    2    0  1.6372E+00  1.6144E+00  1.5532E+00  1.5156E+00  1.6401E+00  1.5576E+00  1.5565E+00  1.5179E+00  1.3613E+00
  Li    3    0  2.5134E-03  1.1305E-02  1.1028E-02  1.1383E-02  1.7243E-02  8.7133E-03  7.4416E-03  8.2782E-02  1.0903E-02
  Be    4    0  3.6246E-03  1.3378E-02  1.2150E-02  1.1642E-02  5.0255E-03  6.8294E-03  6.9623E-03  1.0923E-02  1.0473E-02
  B     5    0  1.1222E-01  1.0669E-01  9.5300E-02  9.2363E-02  8.6440E-02  7.8110E-02  7.0941E-02  6.8202E-02  6.2460E-02
  C     6    0  3.1309E+02  4.4807E+02  5.0378E+02  6.3535E+02  7.0767E+02  7.1078E+02  8.8634E+02  8.8263E+02  6.7928E+02
  N     7    0  1.0792E+01  1.0536E+01  9.3822E+00  1.0298E+01  1.3037E+01  1.3052E+01  1.4082E+01  1.3919E+01  1.3324E+01
  O     8    0  1.1790E+02  2.0587E+02  3.6660E+02  5.0653E+02  5.2183E+02  7.6668E+02  1.0444E+03  1.2179E+03  1.6038E+03
  F     9    0  6.3812E-01  6.1725E-01  7.4488E-01  1.0730E+00  1.7677E+00  3.1111E+00  2.2515E+01  2.2393E+01  8.4898E+00
  Ne   10    0  8.7350E+01  2.8046E+02  2.0522E+03  2.6425E+03  1.9082E+03  2.2137E+03  1.0800E+03  8.0715E+02  1.6864E+03
  Na   11    0  1.9585E+01  3.8637E+01  4.6816E+02  6.8590E+02  4.7020E+02  5.0459E+02  1.7502E+02  8.8133E+01  1.7839E+02
  Mg   12    0  8.0400E+01  1.5729E+02  4.8353E+02  3.9792E+02  3.2206E+02  4.0507E+02  2.9339E+02  3.1252E+02  6.3849E+02
  Al   13    0  4.7561E+01  1.8635E+02  4.0535E+02  2.6773E+02  2.1543E+02  2.9128E+02  2.0958E+02  1.8156E+02  4.3890E+02
  Si   14    0  3.1904E+02  4.0527E+02  3.4940E+02  2.6697E+02  3.2372E+02  3.9648E+02  5.2803E+02  5.9782E+02  5.6090E+02
  P    15    0  2.0823E+02  3.7479E+02  2.9449E+02  1.9076E+02  2.1027E+02  2.8234E+02  3.2577E+02  3.4443E+02  5.4498E+02
  S    16    0  2.7970E+02  3.2566E+02  2.3704E+02  1.9072E+02  2.1548E+02  2.9662E+02  3.7838E+02  4.5808E+02  4.0711E+02
  Cl   17    0  4.0461E+01  6.5793E+01  4.0130E+01  3.5270E+01  4.5968E+01  5.1711E+01  7.5857E+01  7.9206E+01  6.9517E+01
  Ar   18    0  2.3985E+02  2.6711E+02  1.9238E+02  1.5828E+02  1.4919E+02  2.5852E+02  2.8256E+02  3.7506E+02  3.6428E+02
  K    19    0  8.6573E+01  1.0166E+02  6.8690E+01  4.3812E+01  6.0292E+01  6.7172E+01  1.1275E+02  1.6473E+02  1.5156E+02
  Ca   20    0  2.0782E+02  2.2316E+02  1.6432E+02  1.4968E+02  1.0845E+02  2.5811E+02  2.2428E+02  3.1663E+02  3.2632E+02
  Sc   21    0  1.9275E+01  2.3118E+01  1.9574E+01  1.9226E+01  1.6970E+01  3.9734E+01  5.3340E+01  7.8285E+01  1.0281E+02
  Ti   22    0  9.3915E+01  8.0463E+01  5.7804E+01  4.8232E+01  4.1830E+01  3.8155E+01  3.1224E+01  3.1116E+01  4.8268E+01
  V    23    0  8.3563E+01  7.4740E+01  6.4431E+01  2.1006E+01  2.4290E+01  1.0851E+01  1.4409E+01  1.5565E+01  1.7056E+01
  Cr   24    0  3.0019E+02  2.3260E+02  1.9228E+02  1.1591E+02  1.2210E+02  8.2242E+01  7.2214E+01  6.1463E+01  7.1198E+01
  Mn   25    0  1.2139E+02  9.7306E+01  8.7487E+01  3.1924E+01  3.4994E+01  1.7208E+01  1.8012E+01  1.6738E+01  1.8415E+01
  Fe   26    0  4.9658E+02  4.2514E+02  3.1233E+02  2.4524E+02  2.0381E+02  1.5180E+02  1.0260E+02  7.8161E+01  5.1014E+01
  Co   27    0  2.6490E+02  2.3506E+02  1.6624E+02  1.2464E+02  1.1109E+02  8.0336E+01  5.0916E+01  4.3475E+01  2.1756E+01
  Ni   28    0  7.8675E+02  6.7370E+02  4.9504E+02  3.8960E+02  3.2299E+02  2.4342E+02  1.6464E+02  1.2743E+02  3.6352E+01
  Cu   29    0  1.9324E+01  1.6150E+01  1.2985E+01  1.5991E+01  2.9283E+01  7.7461E+01  5.6692E+01  5.6568E+01  8.0140E+01
  Zn   30    0  9.3139E+01  7.8811E+01  5.7796E+01  5.2652E+01  1.5511E+02  2.0454E+02  9.2880E+01  6.4010E+01  5.5750E+01
  Ga   31    0  1.2167E+00  1.1692E+00  1.4059E+00  1.9304E+00  2.4173E+00  6.9296E+00  2.0190E+01  3.7858E+01  7.5933E+01
  Ge   32    0  1.0919E+00  1.0838E+00  1.1880E+00  1.4862E+00  1.8639E+00  4.5061E+00  1.3744E+01  2.4861E+01  4.0465E+01
  As   33    0  1.0641E+00  1.0693E+00  1.1474E+00  1.3437E+00  1.4977E+00  3.1136E+00  9.8593E+00  2.0269E+01  4.5575E+01
  Se   34    0  1.0256E+00  1.0131E+00  1.0366E+00  1.1203E+00  1.2149E+00  1.9727E+00  5.3463E+00  1.0303E+01  1.5026E+01
  Br   35    0  9.9221E-01  9.8538E-01  1.0125E+00  1.0796E+00  1.1206E+00  1.6139E+00  3.2123E+00  6.3383E+00  1.2155E+01
  Kr   36    0  1.0110E+00  1.0209E+00  1.0828E+00  1.1575E+00  1.1890E+00  1.5781E+00  3.1375E+00  5.8580E+00  1.1060E+01
  Rb   37    0  1.0289E+00  1.0309E+00  1.0524E+00  1.0897E+00  1.1180E+00  1.3912E+00  2.4256E+00  4.4648E+00  8.5902E+00
  Sr   38    0  1.0887E+00  1.1422E+00  1.3644E+00  1.6893E+00  1.7849E+00  2.7644E+00  4.8891E+00  7.9484E+00  1.3680E+01
  Y    39    0  1.0469E+00  1.0536E+00  1.1456E+00  1.3662E+00  1.4980E+00  2.2660E+00  3.9925E+00  5.8079E+00  7.3355E+00
  Zr   40    0  9.8571E-01  9.8620E-01  1.0110E+00  1.1013E+00  1.1807E+00  1.4812E+00  2.2608E+00  2.8880E+00  3.8110E+00
  Nb   41    0  9.4682E-01  9.2857E-01  9.4856E-01  9.8559E-01  9.8296E-01  1.1034E+00  1.3543E+00  1.6794E+00  2.2865E+00
  Mo   42    0  1.1809E+00  1.1930E+00  1.1831E+00  1.1873E+00  1.2055E+00  1.2852E+00  1.4132E+00  1.6222E+00  2.0852E+00
  Xe   54    0  9.7197E-01  9.6038E-01  9.4396E-01  9.2305E-01  9.2128E-01  9.0810E-01  9.7414E-01  1.0415E+00  1.2134E+00
  Cs   55    0  9.2280E-01  9.1065E-01  8.8458E-01  8.6303E-01  8.6531E-01  8.5140E-01  9.4430E-01  9.0844E-01  1.0101E+00
  Ba   56    0  9.9965E-01  1.0088E+00  1.0803E+00  1.1542E+00  1.1552E+00  1.2794E+00  1.4409E+00  1.6030E+00  1.9474E+00
  La   57    0  9.8172E-01  9.8244E-01  1.0218E+00  1.0835E+00  1.0947E+00  1.2422E+00  1.3977E+00  1.5457E+00  1.8221E+00
  Ce   58    0  9.7856E-01  9.7630E-01  9.9048E-01  1.0108E+00  1.0144E+00  1.0842E+00  1.1903E+00  1.3069E+00  1.5117E+00
  Pr   59    0  9.5561E-01  9.4679E-01  9.2681E-01  9.3746E-01  9.4196E-01  9.4660E-01  1.1196E+00  1.7580E+00  2.3501E+00
  Nd   60    0  9.9415E-01  1.0076E+00  1.0157E+00  1.0283E+00  1.0433E+00  1.1076E+00  1.1985E+00  1.2632E+00  1.5147E+00
  Hg   80    0  9.9395E-01  9.8723E-01  9.9701E-01  1.0025E+00  9.9721E-01  1.0108E+00  1.0671E+00  1.0552E+00  1.1169E+00
  Tl   81    0  9.6728E-01  9.6428E-01  9.9395E-01  1.0181E+00  1.0047E+00  1.0202E+00  1.0432E+00  1.0222E+00  1.0787E+00
  Pb   82    0  9.8205E-01  9.8087E-01  1.0087E+00  1.0414E+00  1.0402E+00  1.0975E+00  1.1738E+00  1.2548E+00  1.3835E+00
  Bi   83    0  9.6708E-01  9.5910E-01  9.5978E-01  9.5965E-01  9.5154E-01  9.3411E-01  9.1221E-01  9.0709E-01  9.0959E-01
  ele   Z    A    013c150     015c150     020c150     025c150     030c150     040c150     060c150     080c150     120c150
  H     1    0  5.8857E-01  5.6769E-01  5.3905E-01  5.2473E-01  4.8507E-01  4.4941E-01  3.8343E-01  3.5480E-01  6.3521E-01
  He    2    0  1.4574E+00  1.4344E+00  1.3981E+00  1.2680E+00  1.0157E+00  8.6318E-01  7.7348E-01  7.7722E-01  2.0823E+00
  Li    3    0  4.1939E-02  2.3432E-02  1.0788E-03  6.8649E-02  1.3359E-03  2.6163E-01  1.5101E-01  6.1345E-02  1.6083E-03
  Be    4    0  5.2975E-05  8.2563E-05  1.6834E-04  2.6628E-04  3.5131E-04  2.4364E-04  1.1954E-04  1.1390E-04  4.1575E-04
  B     5    0  2.1490E-02  1.9908E-02  1.5797E-02  6.4072E-03  3.1905E-03  2.9752E-03  1.6811E-03  1.5919E-03  3.9133E-03
  C     6    0  6.3254E+02  6.8952E+02  7.3974E+02  8.8325E+02  1.2162E+03  1.4428E+03  1.4201E+03  1.1715E+03  2.5248E+02
  N     7    0  7.9603E+02  7.9174E+02  8.5094E+02  5.4377E+01  5.9696E+01  8.8070E+01  8.9278E+01  9.7339E+01  1.8659E+02
  O     8    0  6.6352E+02  6.3920E+02  8.9091E+02  1.0366E+03  1.3432E+03  1.5567E+03  1.8306E+03  1.9383E+03  2.4641E+01
  F     9    0  9.5405E+02  1.7641E+03  1.9909E+03  1.2977E+03  3.5763E+03  8.2022E+02  4.5452E+02  4.2368E+02  3.3170E-01
  Ne   10    0  9.6772E+02  5.9102E+02  5.4476E+02  1.6260E+03  2.5555E+03  2.9198E+03  3.1403E+03  3.3480E+03  2.6737E+00
  Na   11    0  1.6144E+02  1.1594E+02  1.0640E+02  2.5857E+02  6.3236E+02  4.3526E+02  1.4232E+02  1.6445E+02  6.9465E+00
  Mg   12    0  2.4687E+02  1.0754E+02  2.3807E+02  4.6965E+02  4.9779E+02  8.1249E+02  1.5647E+03  1.6351E+03  9.8688E-01
  Al   13    0  2.2374E+02  8.3124E+01  2.5866E+02  6.0818E+02  3.5612E+02  4.3946E+02  3.9262E+02  6.4818E+02  5.2886E+00
  Si   14    0  4.1583E+02  9.0864E+02  7.1521E+02  5.9190E+02  6.6386E+02  7.6021E+02  9.5574E+02  1.1725E+03  1.0388E+00
  P    15    0  3.0175E+02  5.1811E+02  6.3849E+02  8.1951E+02  4.5047E+02  6.8588E+02  7.6373E+02  1.0793E+03  1.1281E+00
  S    16    0  3.6754E+02  2.2986E+03  7.0053E+02  4.7320E+02  5.3965E+02  5.7731E+02  7.4657E+02  1.0130E+03  1.0003E+00
  Cl   17    0  5.7221E+01  1.0116E+03  1.2702E+02  1.2752E+02  1.0900E+02  1.5051E+02  1.4187E+02  1.6961E+02  1.2005E+00
  Ar   18    0  3.3284E+02  3.1959E+03  6.5272E+02  4.0988E+02  4.3477E+02  4.3782E+02  6.3115E+02  9.2643E+02  9.8832E-01
  K    19    0  1.0237E+02  4.8442E+03  2.0114E+02  1.9762E+02  1.4974E+02  1.9754E+02  3.1209E+02  3.9832E+02  1.2119E+00
  Ca   20    0  3.1416E+02  3.7470E+03  6.2236E+02  3.5687E+02  3.7010E+02  3.4532E+02  5.2492E+02  8.2856E+02  9.9652E-01
  Sc   21    0  5.0311E+01  1.3027E+03  8.7142E+01  8.2772E+01  1.2341E+02  1.2407E+02  1.3320E+02  1.5173E+02  1.7201E+00
  Ti   22    0  1.1941E+02  2.5946E+02  1.1238E+02  9.4046E+01  5.7637E+01  5.1995E+01  4.9824E+01  5.9117E+01  1.0162E+00
  V    23    0  7.2240E+01  2.4786E+02  7.5547E+01  4.7728E+01  1.9860E+01  3.3366E+01  3.3653E+01  3.8510E+01  9.9390E-01
  Cr   24    0  2.8543E+02  4.5734E+02  2.9954E+02  1.8783E+02  1.3042E+02  1.1809E+02  1.0014E+02  8.0192E+01  9.9788E-01
  Mn   25    0  9.5535E+01  1.5987E+02  1.0259E+02  5.4067E+01  2.4658E+01  3.4999E+01  3.2640E+01  3.0850E+01  1.0013E+00
  Fe   26    0  5.1618E+02  4.4784E+02  3.3271E+02  2.5856E+02  2.1378E+02  1.6153E+02  1.1059E+02  8.6021E+01  9.9610E-01
  Co   27    0  2.6743E+02  1.3181E+02  1.4498E+02  1.1705E+02  7.8298E+01  8.5419E+01  4.2456E+01  3.1744E+01  1.4854E+00
  Ni   28    0  8.1932E+02  7.2153E+02  5.3409E+02  4.1207E+02  3.4460E+02  2.5977E+02  1.8029E+02  8.0284E+01  1.0366E+00
  Cu   29    0  9.1918E+01  2.8063E+02  7.7544E+01  5.8277E+01  1.2708E+02  1.3016E+02  1.1397E+02  1.1258E+02  2.1701E+00
  Zn   30    0  1.6259E+02  2.3600E+02  1.2251E+02  1.0204E+02  1.3409E+02  2.9417E+02  1.0610E+02  1.0576E+02  1.2769E+00
  Ga   31    0  4.3313E+01  6.7382E+01  1.4045E+02  2.1953E+02  8.4986E+01  2.9477E+02  3.0204E+02  3.7580E+02  1.3517E+00
  Ge   32    0  3.3102E+01  5.4487E+01  1.0565E+02  2.1335E+02  8.2694E+01  2.5780E+02  2.3909E+02  2.9447E+02  1.1472E+00
  As   33    0  2.9277E+01  5.2869E+01  1.6574E+02  4.0237E+02  8.1374E+01  3.6997E+02  3.2737E+02  4.8738E+02  1.0760E+00
  Se   34    0  3.1621E+01  5.6112E+01  9.0121E+01  2.7253E+02  9.9900E+01  2.3428E+02  1.6941E+02  2.0251E+02  1.0364E+00
  Br   35    0  2.8892E+01  5.3316E+01  7.5436E+01  3.0539E+02  9.9114E+01  2.1841E+02  1.4399E+02  1.8626E+02  1.0153E+00
  Kr   36    0  2.8221E+01  6.3142E+01  6.6157E+01  3.2627E+02  1.8226E+02  2.3425E+02  1.4262E+02  2.1852E+02  1.0492E+00
  Rb   37    0  3.2650E+01  6.0223E+01  9.0767E+01  5.3002E+02  3.5280E+02  2.9726E+02  1.4300E+02  2.1018E+02  1.0078E+00
  Sr   38    0  6.7269E+01  1.2393E+02  1.2459E+02  1.4139E+03  1.2463E+02  3.8203E+02  2.5835E+02  4.6700E+02  1.1640E+00
  Y    39    0  5.5722E+01  1.0620E+02  8.9172E+01  1.2928E+03  1.1067E+02  2.5699E+02  1.3990E+02  2.2133E+02  1.0747E+00
  Zr   40    0  3.2223E+01  7.4765E+01  3.7139E+01  8.1964E+02  6.4006E+01  9.7528E+01  3.8601E+01  6.8640E+01  9.9552E-01
  Nb   41    0  2.2361E+01  5.4058E+01  1.6518E+01  5.0746E+02  4.2950E+01  4.1107E+01  1.4292E+01  2.4057E+01  1.0080E+00
  Mo   42    0  1.3531E+01  4.0566E+01  7.8072E+00  2.8046E+02  1.9198E+01  1.8938E+01  8.4438E+00  1.4695E+01  1.1538E+00
  Xe   54    0  7.3673E+00  2.1885E+01  3.7025E+00  1.5490E+02  1.4260E+01  8.6640E+00  3.7936E+00  5.9946E+00  9.9194E-01
  Cs   55    0  5.3622E+00  1.5551E+01  3.4502E+00  1.1581E+02  1.1922E+01  7.2922E+00  2.8372E+00  4.3572E+00  9.8293E-01
  Ba   56    0  1.1174E+01  3.9698E+01  4.3812E+00  2.0974E+02  7.6753E+00  8.7851E+00  5.1412E+00  7.2048E+00  1.0358E+00
  La   57    0  6.4958E+00  2.6340E+01  2.8696E+00  1.2328E+02  3.8546E+00  5.5978E+00  3.6687E+00  4.6272E+00  1.0238E+00
  Ce   58    0  3.4471E+00  1.4162E+01  1.9258E+00  5.4116E+01  2.7671E+00  3.5072E+00  2.5399E+00  3.0068E+00  1.0102E+00
  Pr   59    0  2.4260E+00  8.5364E+00  1.7502E+00  6.2294E+01  1.3165E+01  4.3201E+00  2.1901E+00  2.2949E+00  9.9220E-01
  Nd   60    0  2.3354E+00  8.9946E+00  1.7491E+00  2.2787E+01  1.5887E+00  2.8037E+00  2.5413E+00  3.1843E+00  1.0041E+00
  Hg   80    0  1.9492E+00  7.3179E+00  1.6065E+00  1.8242E+01  1.2877E+00  2.1421E+00  1.7816E+00  1.9466E+00  1.0071E+00
  Tl   81    0  1.5816E+00  4.9336E+00  1.2800E+00  1.2886E+01  1.1874E+00  2.0158E+00  1.6962E+00  1.8411E+00  1.0069E+00
  Pb   82    0  1.4798E+00  3.1402E+00  1.4346E+00  6.4392E+00  1.6776E+00  2.1944E+00  1.9315E+00  2.0462E+00  1.0155E+00
  Bi   83    0  9.1772E-01  9.3718E-01  9.0094E-01  1.1757E+00  1.0772E+00  1.0046E+00  9.1051E-01  8.9123E-01  9.9720E-01
  ele   Z    A    013c300     015c300     020c300     025c300     030c300     040c300     060c300     080c300     120c300
  H     1    0  5.3812E-01  5.2935E-01  5.1658E-01  4.8868E-01  4.7526E-01  4.3198E-01  3.6236E-01  3.3051E-01  2.2030E-01
  He    2    0  1.4159E+00  1.4087E+00  1.2577E+00  9.8354E-01  9.8746E-01  7.5205E-01  6.9746E-01  9.0520E-01  1.0815E+00
  Li    3    0  1.8902E-03  3.0395E-04  1.5811E-04  1.6672E-02  7.2216E-02  1.6671E-01  2.5580E-02  2.2130E-04  1.5856E-04
  Be    4    0  2.1920E-05  3.4975E-05  7.3306E-05  1.2347E-04  1.6870E-04  2.3301E-04  6.8886E-05  6.7770E-05  9.4567E-05
  B     5    0  1.2388E-03  1.0395E-03  3.8047E-04  5.0992E-04  6.8087E-04  1.0140E-03  3.2962E-04  2.9919E-04  4.2097E-04
  C     6    0  3.0747E+02  3.3217E+02  4.3943E+02  1.0674E+03  1.4222E+03  1.5108E+03  1.5751E+03  1.4282E+03  1.5622E+03
  N     7    0  9.2893E+02  7.5251E+02  1.5259E+02  8.4729E+01  9.8090E+01  2.4100E+02  2.4587E+02  1.3275E+02  7.6552E+01
  O     8    0  5.8787E+02  6.5344E+02  1.1285E+03  1.3518E+03  1.3091E+03  1.6711E+03  1.9840E+03  1.8499E+03  2.2628E+03
  F     9    0  5.0143E+02  7.8305E+02  2.3783E+03  7.2636E+03  1.0724E+03  2.7156E+03  6.3319E+02  1.9071E+02  3.0817E-01
  Ne   10    0  9.1931E+02  1.0318E+03  1.4574E+03  2.9855E+03  3.1476E+03  3.3854E+03  2.6652E+03  3.3920E+03  2.1394E+03
  Na   11    0  2.2450E+02  3.3245E+02  2.8880E+02  1.1013E+03  9.5623E+02  6.0497E+02  3.1660E+02  1.9262E+02  7.7724E+01
  Mg   12    0  3.8582E+02  4.6617E+02  5.4893E+02  5.4548E+02  6.3234E+02  1.1386E+03  1.1245E+03  1.6385E+03  5.8331E+02
  Al   13    0  9.6893E+01  1.3295E+02  3.5207E+02  1.0323E+03  7.1559E+02  8.5727E+02  8.0214E+02  6.7294E+02  1.1554E+02
  Si   14    0  2.0231E+03  1.9704E+03  7.2543E+02  7.3837E+02  7.4110E+02  8.1513E+02  1.1813E+03  9.8622E+02  1.9329E+02
  P    15    0  1.3167E+03  1.7949E+03  1.7776E+03  1.5704E+03  8.8215E+02  1.5470E+03  1.9009E+03  1.1493E+03  1.8592E+02
  S    16    0  4.5001E+03  4.0660E+03  1.0969E+03  6.5100E+02  6.2904E+02  7.0707E+02  9.7749E+02  7.0490E+02  1.6412E+02
  Cl   17    0  1.6497E+03  1.8236E+03  5.7266E+02  3.0822E+02  1.7587E+02  3.3648E+02  3.0715E+02  1.6744E+02  3.8127E+01
  Ar   18    0  6.3632E+03  5.3073E+03  1.1140E+03  5.4187E+02  5.5906E+02  5.5349E+02  8.3604E+02  5.9264E+02  1.4484E+02
  K    19    0  8.5101E+03  8.2390E+03  9.0238E+02  3.5649E+02  2.0921E+02  3.9938E+02  5.2444E+02  3.6397E+02  6.2698E+01
  Ca   20    0  6.2575E+03  4.8297E+03  7.9798E+02  4.0997E+02  5.3509E+02  3.5916E+02  6.4791E+02  4.5111E+02  1.2941E+02
  Sc   21    0  9.6483E+02  7.7971E+02  1.8128E+02  9.9026E+01  1.1593E+02  1.0937E+02  1.2757E+02  1.0933E+02  8.1594E+01
  Ti   22    0  1.1788E+03  9.5774E+02  1.6856E+02  1.0514E+02  7.9736E+01  7.3934E+01  7.8802E+01  5.7543E+01  3.5031E+01
  V    23    0  1.3336E+03  1.4779E+03  1.9890E+02  6.8547E+01  3.8097E+01  7.0660E+01  7.7010E+01  4.8510E+01  1.6390E+01
  Cr   24    0  1.1436E+03  1.0989E+03  2.9631E+02  1.6574E+02  1.3205E+02  1.3149E+02  1.0951E+02  7.8800E+01  4.5584E+01
  Mn   25    0  7.8591E+02  1.2254E+03  1.7552E+02  6.3066E+01  4.1848E+01  5.6790E+01  5.6214E+01  2.9390E+01  1.0008E+01
  Fe   26    0  6.1208E+02  6.2544E+02  3.6831E+02  2.6609E+02  2.1527E+02  1.6551E+02  1.1884E+02  8.2743E+01  4.8874E+01
  Co   27    0  3.0693E+02  3.3581E+02  1.7266E+02  1.3305E+02  9.4110E+01  7.9169E+01  4.7191E+01  3.2236E+01  2.2263E+01
  Ni   28    0  9.5648E+02  9.4455E+02  5.8705E+02  4.2413E+02  3.4687E+02  2.6318E+02  1.9023E+02  9.8325E+01  4.5233E+01
  Cu   29    0  2.9559E+01  2.6864E+01  2.6590E+01  4.2724E+01  9.9992E+01  3.5389E+01  2.5634E+01  7.0188E+01  1.4700E+02
  Zn   30    0  8.5455E+01  7.4458E+01  6.2961E+01  8.0004E+01  1.2691E+02  1.0421E+02  3.9159E+01  8.4892E+01  1.4413E+02
  Ga   31    0  3.6721E+01  4.3598E+01  6.2417E+01  1.8556E+02  2.9695E+02  1.4818E+02  1.2267E+02  3.9874E+02  5.6139E+02
  Ge   32    0  3.4315E+01  3.9016E+01  5.9276E+01  1.8960E+02  3.0371E+02  1.7079E+02  1.2947E+02  3.9358E+02  4.9558E+02
  As   33    0  3.5003E+01  4.0321E+01  1.1100E+02  3.8317E+02  5.3794E+02  3.2871E+02  2.4979E+02  7.8787E+02  5.8452E+02
  Se   34    0  4.1334E+01  3.9349E+01  8.6128E+01  2.9614E+02  4.0568E+02  2.7858E+02  1.7670E+02  4.1753E+02  4.2945E+02
  Br   35    0  3.4888E+01  3.4509E+01  7.3168E+01  3.2818E+02  4.7072E+02  2.9405E+02  1.7482E+02  4.2504E+02  3.8291E+02
  Kr   36    0  7.1773E+01  6.6914E+01  1.7800E+02  4.4153E+02  7.8359E+02  5.3945E+02  2.9648E+02  7.0212E+02  7.6039E+02
  Rb   37    0  7.4049E+01  4.5666E+01  3.2738E+02  7.5788E+02  1.3097E+03  9.4646E+02  4.7582E+02  8.2385E+02  4.2115E+02
  Sr   38    0  5.5502E+02  5.8539E+02  2.0749E+03  3.8380E+03  2.2887E+03  4.8216E+03  4.8506E+03  4.2215E+03  2.8959E+03
  Y    39    0  6.9731E+02  7.1386E+02  2.7559E+03  4.6625E+03  2.2755E+03  6.6747E+03  6.6286E+03  3.4869E+03  1.9528E+03
  Zr   40    0  2.4801E+03  1.2753E+03  5.0594E+03  4.7468E+03  1.5555E+03  8.4095E+03  1.0262E+04  2.1254E+03  8.5466E+02
  Nb   41    0  7.7721E+02  7.6388E+02  2.8960E+03  3.6468E+03  1.0127E+03  6.1502E+03  7.1856E+03  1.1278E+03  5.0232E+02
  Mo   42    0  1.1406E+03  1.3317E+03  6.0815E+03  3.3005E+03  6.0603E+02  7.2553E+03  1.3682E+04  8.7133E+02  2.5526E+02
  Xe   54    0  6.9202E+02  6.0131E+02  3.1209E+03  1.7818E+03  3.8267E+02  4.1514E+03  6.1199E+03  4.0811E+02  1.0593E+02
  Cs   55    0  5.4176E+02  5.2742E+02  2.4333E+03  1.5466E+03  2.8800E+02  3.4334E+03  5.7268E+03  2.9447E+02  6.9098E+01
  Ba   56    0  4.9201E+03  5.4245E+03  7.6176E+03  3.7179E+03  4.8037E+02  9.4607E+03  1.9541E+04  4.3581E+02  1.1786E+02
  La   57    0  7.0159E+03  8.2189E+03  7.5493E+03  3.0883E+03  3.0935E+02  8.4930E+03  2.0193E+04  1.9948E+02  4.8189E+01
  Ce   58    0  7.2883E+03  8.4641E+03  6.0599E+03  1.5272E+03  1.8574E+02  5.3755E+03  1.4974E+04  7.8901E+01  2.0166E+01
  Pr   59    0  1.5170E+04  6.0058E+03  2.5085E+04  8.0935E+02  4.5858E+02  7.5934E+03  1.3396E+04  4.8322E+01  1.0994E+01
  Nd   60    0  6.5603E+03  1.0082E+04  4.3231E+03  9.1933E+02  8.2376E+01  3.5466E+03  1.3672E+04  4.4176E+01  1.1833E+01
  Hg   80    0  6.7515E+03  9.1963E+03  3.5141E+03  7.3623E+02  6.2572E+01  2.8683E+03  1.0872E+04  2.4281E+01  8.2975E+00
  Tl   81    0  7.0177E+03  9.6703E+03  2.4797E+03  5.8719E+02  5.2103E+01  2.2623E+03  8.8374E+03  1.6375E+01  6.8044E+00
  Pb   82    0  1.8467E+04  3.1592E+04  2.2920E+03  2.3893E+02  2.8502E+01  1.1327E+03  5.2250E+03  7.8628E+00  5.2910E+00
  Bi   83    0  6.1976E+03  1.1803E+04  3.5464E+02  6.1189E+00  2.4747E+00  5.2601E+01  2.4535E+02  1.3225E+00  1.3741E+00
  ele   Z    A    013d000     015d000     020d000     025d000     030d000     040d000     060d000     080d000     120d000
  H     1    0  7.2314E-01  7.0380E-01  6.3896E-01  6.0162E-01  5.6737E-01  5.2450E-01  4.7437E-01  4.3397E-01  3.6003E-01
  He    2    0  1.6367E+00  1.4799E+00  1.5366E+00  1.4785E+00  1.4685E+00  1.4650E+00  1.3590E+00  1.4304E+00  1.3417E+00
  Li    3    0  1.7766E-03  3.5222E-03  1.1103E-02  1.1117E-02  1.2349E-03  1.3010E-02  1.7921E-03  1.5435E-03  2.9717E-03
  Be    4    0  1.7784E-03  3.5121E-03  1.1054E-02  1.1012E-02  7.2924E-04  8.7584E-04  1.0465E-03  1.3502E-03  2.9066E-03
  B     5    0  7.6769E-02  7.3422E-02  6.4968E-02  5.9811E-02  5.8034E-02  5.2654E-02  4.6610E-02  4.3219E-02  3.8070E-02
  C     6    0  3.2895E+03  4.7116E+03  5.1716E+03  5.6780E+03  6.7935E+03  7.5542E+03  8.9931E+03  8.7894E+03  8.6958E+03
  N     7    0  1.2896E+01  1.1535E+01  1.0786E+01  1.0596E+01  1.2967E+01  1.3644E+01  1.4056E+01  1.3676E+01  1.3487E+01
  O     8    0  1.2517E+03  3.0310E+03  3.8305E+03  5.6167E+03  6.6637E+03  8.6804E+03  1.1807E+04  1.2606E+04  1.6452E+04
  F     9    0  5.1760E-01  5.1147E-01  1.7517E+00  2.5214E+00  2.9957E+00  3.6003E+00  4.0836E+01  2.3738E+01  8.9485E+00
  Ne   10    0  8.9224E+02  1.5497E+03  2.1522E+04  2.4534E+04  2.6543E+04  1.7527E+04  9.8388E+03  7.7612E+03  1.5403E+04
  Na   11    0  1.2047E+02  1.8827E+02  4.9895E+03  4.7935E+03  5.4135E+03  3.2406E+03  7.4386E+02  5.7235E+02  7.6025E+02
  Mg   12    0  9.1136E+02  1.1220E+03  4.2605E+03  4.1590E+03  4.2393E+03  3.3139E+03  3.4319E+03  3.1966E+03  3.3094E+03
  Al   13    0  8.3470E+02  6.5123E+02  2.8890E+03  2.3382E+03  2.2816E+03  1.8460E+03  2.4468E+03  1.3037E+03  7.9522E+02
  Si   14    0  3.1650E+03  4.9276E+03  2.9170E+03  3.2753E+03  3.3277E+03  4.1900E+03  5.5875E+03  6.0837E+03  1.7577E+03
  P    15    0  2.5818E+03  1.5676E+03  2.0877E+03  1.9658E+03  1.9466E+03  2.1142E+03  3.4282E+03  2.6373E+03  9.8866E+02
  S    16    0  2.6375E+03  8.4355E+03  1.9957E+03  2.2140E+03  2.1631E+03  2.9461E+03  4.0471E+03  4.6207E+03  1.5979E+03
  Cl   17    0  4.7947E+02  1.6222E+03  3.4040E+02  3.2266E+02  3.5251E+02  4.9108E+02  6.6626E+02  6.1958E+02  1.8283E+02
  Ar   18    0  2.2500E+03  1.0294E+04  1.6719E+03  1.8614E+03  1.6685E+03  2.1566E+03  3.1639E+03  3.8441E+03  1.5308E+03
  K    19    0  8.2662E+02  5.8732E+03  6.3761E+02  4.1493E+02  4.3153E+02  7.2653E+02  1.1651E+03  1.4197E+03  3.2954E+02
  Ca   20    0  1.9862E+03  9.8913E+03  1.4647E+03  1.8325E+03  1.5145E+03  1.6851E+03  2.6512E+03  3.3599E+03  1.5241E+03
  Sc   21    0  1.9191E+02  1.9975E+03  1.2973E+02  1.5597E+02  1.3841E+02  1.7193E+02  3.1384E+02  3.8851E+02  1.4487E+02
  Ti   22    0  8.5158E+02  1.3013E+03  5.7944E+02  5.6177E+02  4.5631E+02  3.6631E+02  2.9272E+02  2.8303E+02  4.2184E+02
  V    23    0  6.4175E+02  8.1487E+02  6.2796E+02  1.1083E+02  1.5736E+02  1.1106E+02  1.1035E+02  1.0853E+02  6.5187E+01
  Cr   24    0  2.4424E+03  3.5002E+03  1.9665E+03  9.9422E+02  1.1684E+03  9.5511E+02  7.1729E+02  6.2770E+02  7.6591E+02
  Mn   25    0  8.9842E+02  9.9134E+02  8.3225E+02  1.7321E+02  2.5539E+02  1.6254E+02  1.5185E+02  1.3879E+02  9.8292E+01
  Fe   26    0  4.9510E+03  4.2940E+03  3.1136E+03  2.4574E+03  2.0238E+03  1.5249E+03  1.0222E+03  7.7183E+02  4.7296E+02
  Co   27    0  2.8597E+03  1.6161E+03  1.6409E+03  1.1936E+03  5.8472E+02  5.4951E+02  3.6966E+02  2.9853E+02  2.3782E+02
  Ni   28    0  7.8479E+03  6.8241E+03  4.9342E+03  3.9116E+03  3.2156E+03  2.4211E+03  1.6323E+03  1.2462E+03  3.0809E+02
  Cu   29    0  1.8670E+02  2.0941E+03  1.1354E+02  5.9607E+02  8.8805E+02  2.9360E+02  1.9974E+02  1.3064E+02  4.5599E+02
  Zn   30    0  9.9965E+02  3.0257E+03  6.2041E+02  1.4834E+03  8.9259E+02  6.9856E+02  6.6452E+02  5.4597E+02  1.1227E+03
  Ga   31    0  1.0785E+00  1.9487E+00  1.1440E+00  2.0359E+00  1.3028E+00  1.3784E+00  2.5737E+00  4.6623E+00  2.0308E+00
  Ge   32    0  1.0259E+00  1.5600E+00  1.0334E+00  1.5770E+00  1.0794E+00  1.1726E+00  1.9574E+00  2.9409E+00  1.4522E+00
  As   33    0  1.0266E+00  1.0617E+00  1.0309E+00  1.0740E+00  1.0761E+00  1.1449E+00  1.6629E+00  2.1220E+00  1.2576E+00
  Se   34    0  9.9965E-01  1.0537E+00  9.9917E-01  1.0769E+00  1.0084E+00  1.0270E+00  1.4973E+00  1.5909E+00  1.0678E+00
  Br   35    0  9.8263E-01  9.8489E-01  9.8842E-01  9.9521E-01  9.9560E-01  9.9599E-01  1.3709E+00  1.2817E+00  9.6498E-01
  Kr   36    0  9.9683E-01  9.9481E-01  1.0277E+00  1.0482E+00  1.0597E+00  1.1017E+00  1.4563E+00  1.4737E+00  1.3118E+00
  Rb   37    0  1.0090E+00  9.9918E-01  1.0032E+00  1.0040E+00  1.0017E+00  1.0320E+00  1.7403E+00  1.4706E+00  1.0705E+00
  Sr   38    0  1.0484E+00  1.0682E+00  1.1362E+00  1.1958E+00  1.2479E+00  1.4050E+00  1.6877E+00  2.3409E+00  2.1518E+00
  Y    39    0  1.0105E+00  1.0186E+00  1.0339E+00  1.0664E+00  1.0911E+00  1.1905E+00  1.3792E+00  1.9271E+00  1.3757E+00
  Zr   40    0  9.7064E-01  1.0239E+00  9.8364E-01  1.0050E+00  1.0234E+00  1.0913E+00  1.1899E+00  1.2953E+00  1.0911E+00
  Nb   41    0  9.3056E-01  9.0539E-01  9.1140E-01  9.0199E-01  8.9741E-01  8.9080E-01  9.5388E-01  9.6669E-01  9.4001E-01
  Mo   42    0  1.1935E+00  1.2108E+00  1.2277E+00  1.2459E+00  1.2551E+00  1.2480E+00  1.1688E+00  1.1809E+00  1.1076E+00
  Xe   54    0  9.6731E-01  9.4860E-01  9.5529E-01  9.4392E-01  9.3925E-01  9.2978E-01  9.3921E-01  8.9991E-01  8.9398E-01
  Cs   55    0  9.1847E-01  8.9306E-01  8.8327E-01  8.6544E-01  8.5236E-01  8.4072E-01  8.0333E-01  8.4746E-01  7.7962E-01
  Ba   56    0  9.8874E-01  9.7895E-01  1.0232E+00  1.0333E+00  1.0479E+00  1.0736E+00  1.1637E+00  1.2745E+00  1.3149E+00
  La   57    0  9.7686E-01  9.6237E-01  9.9072E-01  9.8848E-01  9.9309E-01  9.9452E-01  1.0472E+00  1.1407E+00  1.1043E+00
  Ce   58    0  9.7708E-01  9.6246E-01  9.8295E-01  9.7802E-01  9.7867E-01  9.7175E-01  9.9879E-01  1.0180E+00  1.0227E+00
  Pr   59    0  9.5455E-01  9.3946E-01  9.2759E-01  9.1219E-01  9.0408E-01  8.7947E-01  1.6067E+00  1.1452E+00  8.5975E-01
  Nd   60    0  9.9801E-01  1.0088E+00  1.0082E+00  1.0168E+00  1.0187E+00  1.0365E+00  9.6390E-01  1.0470E+00  1.0307E+00
  Hg   80    0  9.8876E-01  9.7206E-01  1.0115E+00  1.0098E+00  1.0163E+00  1.0001E+00  9.3425E-01  9.7524E-01  1.0433E+00
  Tl   81    0  9.6377E-01  9.4053E-01  9.7710E-01  9.7224E-01  9.7537E-01  9.6474E-01  9.0165E-01  9.6610E-01  1.0397E+00
  Pb   82    0  9.7740E-01  9.6144E-01  9.8954E-01  9.8678E-01  9.9175E-01  9.9077E-01  1.0431E+00  1.0656E+00  1.0983E+00
  Bi   83    0  9.6724E-01  9.4358E-01  9.6475E-01  9.5150E-01  9.4874E-01  9.2624E-01  9.0578E-01  8.7208E-01  9.4357E-01
  ele   Z    A    013d150     015d150     020d150     025d150     030d150     040d150     060d150     080d150     120d150
  H     1    0  5.9653E-01  5.5855E-01  5.5144E-01  5.1751E-01  4.6443E-01  4.2143E-01  3.4446E-01  3.4562E-01  2.8662E-01
  He    2    0  1.4807E+00  1.4400E+00  1.3761E+00  1.2989E+00  1.0520E+00  7.5459E-01  6.9912E-01  6.4131E-01  8.4714E-01
  Li    3    0  5.2407E-03  7.1996E-03  1.6625E-03  1.3155E-03  1.3341E-04  9.2173E-02  2.0794E-02  5.7710E-03  1.1998E-03
  Be    4    0  1.1948E-04  2.8529E-04  1.3680E-04  1.7189E-04  4.8616E-05  2.2389E-05  1.2159E-05  1.0888E-05  4.2535E-05
  B     5    0  9.4810E-03  1.2305E-02  5.8992E-03  4.3074E-03  7.1499E-04  2.8808E-04  2.2526E-04  4.1189E-04  1.7986E-03
  C     6    0  5.7414E+03  6.5902E+03  7.2574E+03  6.4217E+03  1.1691E+04  1.3367E+04  9.3851E+03  8.5095E+03  1.1720E+04
  N     7    0  4.4837E+03  1.9781E+03  4.4484E+03  5.6743E+03  2.2292E+03  1.2282E+02  2.6491E+02  2.0844E+02  1.1541E+03
  O     8    0  6.6202E+03  7.6538E+03  8.9324E+03  1.0496E+04  1.3496E+04  1.7963E+04  2.0484E+04  2.1450E+04  2.3509E+04
  F     9    0  1.8352E+04  2.3436E+05  1.1800E+05  1.8853E+04  1.3331E+05  1.2504E+04  7.7968E+03  1.0535E+04  8.3934E-01
  Ne   10    0  4.9194E+03  5.3928E+03  7.7373E+03  1.9612E+04  3.0769E+04  2.6575E+04  3.9942E+04  4.1126E+04  2.4452E+04
  Na   11    0  4.5440E+02  5.2022E+02  1.1497E+03  2.9561E+03  5.9327E+03  2.4786E+03  1.3525E+03  1.7356E+03  6.2680E+02
  Mg   12    0  1.4981E+03  8.4226E+02  2.8679E+03  4.2146E+03  5.7230E+03  9.4285E+03  2.3353E+04  2.3016E+04  6.9635E+03
  Al   13    0  1.0905E+03  4.1960E+02  1.8887E+03  3.8021E+03  3.0487E+03  3.9852E+03  3.8197E+03  6.2605E+03  8.8883E+02
  Si   14    0  4.1977E+03  8.2296E+03  5.5674E+03  5.4791E+03  6.3022E+03  9.2509E+03  1.0604E+04  9.4690E+03  1.6994E+03
  P    15    0  1.8688E+03  3.3616E+03  3.4504E+03  4.4525E+03  3.3437E+03  7.0557E+03  8.0766E+03  9.5525E+03  1.3219E+03
  S    16    0  4.4724E+03  1.5078E+04  4.8343E+03  4.3237E+03  4.8395E+03  7.9952E+03  9.5858E+03  7.9215E+03  1.5015E+03
  Cl   17    0  6.5126E+02  5.0237E+03  7.0034E+02  7.2513E+02  7.2679E+02  1.6561E+03  1.6880E+03  1.5043E+03  2.5786E+02
  Ar   18    0  4.2133E+03  1.5169E+04  4.2948E+03  3.8462E+03  3.9531E+03  6.7219E+03  8.5841E+03  7.1384E+03  1.3929E+03
  K    19    0  1.4441E+03  1.4357E+04  1.2695E+03  1.1518E+03  9.2317E+02  3.0913E+03  3.8061E+03  3.7465E+03  4.1005E+02
  Ca   20    0  3.8913E+03  8.3603E+03  3.9793E+03  3.6678E+03  3.5927E+03  5.6371E+03  7.5768E+03  5.9985E+03  1.3489E+03
  Sc   21    0  4.8316E+02  1.6024E+03  4.0217E+02  4.3463E+02  4.0060E+02  7.6164E+02  9.5446E+02  7.8328E+02  2.0744E+02
  Ti   22    0  1.1978E+03  1.2678E+03  9.9921E+02  8.4505E+02  5.3282E+02  5.5783E+02  5.0324E+02  5.6213E+02  2.3220E+02
  V    23    0  6.8003E+02  9.9042E+02  3.1803E+02  1.8905E+02  1.4014E+02  3.3581E+02  2.7317E+02  3.0482E+02  5.8767E+01
  Cr   24    0  3.3316E+03  3.8190E+03  2.8949E+03  1.7952E+03  1.3733E+03  1.3021E+03  9.4231E+02  8.5692E+02  3.9752E+02
  Mn   25    0  9.1511E+02  1.2069E+03  5.0294E+02  2.7402E+02  2.2748E+02  4.1641E+02  3.0627E+02  3.0405E+02  7.1098E+01
  Fe   26    0  5.1914E+03  4.3847E+03  3.2620E+03  2.5494E+03  2.1129E+03  1.6459E+03  1.1477E+03  8.1504E+02  4.8459E+02
  Co   27    0  1.7827E+03  1.9121E+03  8.8939E+02  8.6269E+02  6.9055E+02  6.4798E+02  3.7559E+02  2.3346E+02  2.3177E+02
  Ni   28    0  8.2425E+03  6.9604E+03  5.1845E+03  4.0763E+03  3.3984E+03  2.6389E+03  1.8790E+03  6.3766E+02  5.4900E+02
  Cu   29    0  3.4155E+03  5.7971E+02  1.2936E+03  1.5439E+03  6.3566E+02  3.0512E+02  1.5963E+02  1.3581E+02  3.9588E+02
  Zn   30    0  3.3153E+03  1.2814E+03  1.2186E+03  1.8773E+03  1.2587E+03  1.3325E+03  3.1667E+02  2.1480E+02  5.2102E+02
  Ga   31    0  2.2375E+01  2.0534E+01  5.8673E+01  6.0685E+01  4.1790E+01  3.8975E+02  4.1685E+02  4.8251E+02  5.6514E+02
  Ge   32    0  1.7376E+01  1.4642E+01  5.1189E+01  4.1179E+01  4.1952E+01  3.5794E+02  3.7935E+02  4.2196E+02  5.0493E+02
  As   33    0  1.6055E+01  1.3228E+01  5.0086E+01  3.8288E+01  4.1874E+01  5.2965E+02  5.6880E+02  6.8936E+02  5.8717E+02
  Se   34    0  1.9724E+01  1.3999E+01  5.7155E+01  2.0351E+01  5.7187E+01  3.4764E+02  3.4495E+02  3.4834E+02  4.4647E+02
  Br   35    0  1.8711E+01  1.3104E+01  5.5371E+01  1.5659E+01  5.7734E+01  3.2577E+02  3.2047E+02  3.3395E+02  3.9677E+02
  Kr   36    0  2.0877E+01  1.1572E+01  9.1798E+01  1.2046E+01  1.4795E+02  4.0128E+02  3.8716E+02  4.6379E+02  8.1589E+02
  Rb   37    0  2.5987E+01  1.5057E+01  1.6149E+02  9.2267E+00  2.7422E+02  4.7034E+02  4.4221E+02  4.5071E+02  4.4145E+02
  Sr   38    0  4.2103E+01  2.0416E+01  8.8357E+01  1.5629E+01  1.6434E+02  1.0219E+03  1.2409E+03  1.4743E+03  3.4233E+03
  Y    39    0  3.4848E+01  1.5996E+01  7.5989E+01  8.6944E+00  2.0126E+02  7.9579E+02  9.1480E+02  8.8910E+02  2.4664E+03
  Zr   40    0  2.0551E+01  8.6248E+00  5.3555E+01  3.9644E+00  2.7825E+02  3.1976E+02  3.6455E+02  3.6718E+02  1.1717E+03
  Nb   41    0  1.4431E+01  5.3834E+00  3.7257E+01  2.2631E+00  1.8884E+02  1.4845E+02  1.6005E+02  1.6179E+02  7.3210E+02
  Mo   42    0  9.7812E+00  3.1966E+00  2.2405E+01  1.9602E+00  1.6022E+02  7.1801E+01  9.2962E+01  9.4094E+01  3.9773E+02
  Xe   54    0  4.9278E+00  1.8434E+00  2.1511E+01  1.1572E+00  1.7290E+02  3.0361E+01  3.9494E+01  3.9879E+01  1.7076E+02
  Cs   55    0  3.4233E+00  1.5506E+00  1.8109E+01  1.0524E+00  1.2328E+02  2.1153E+01  2.8767E+01  2.8882E+01  1.1265E+02
  Ba   56    0  7.1536E+00  2.3465E+00  1.4747E+01  1.7834E+00  2.3646E+02  2.7952E+01  3.8643E+01  3.8049E+01  2.0377E+02
  La   57    0  4.3848E+00  1.7638E+00  8.3155E+00  1.6463E+00  1.7351E+02  1.4399E+01  1.8615E+01  1.7751E+01  8.5415E+01
  Ce   58    0  2.5177E+00  1.3414E+00  5.5602E+00  1.3688E+00  1.5596E+02  7.3917E+00  8.6197E+00  8.4222E+00  3.4201E+01
  Pr   59    0  1.8538E+00  1.1311E+00  2.8201E+01  1.0961E+00  6.7955E+02  8.8520E+00  7.6173E+00  6.2096E+00  1.8204E+01
  Nd   60    0  1.8748E+00  1.2089E+00  2.0565E+00  1.4023E+00  1.2991E+02  4.8412E+00  5.9450E+00  6.3728E+00  1.8646E+01
  Hg   80    0  1.5609E+00  1.1288E+00  2.1231E+00  1.1614E+00  1.1173E+02  3.3257E+00  3.6921E+00  3.8737E+00  1.2539E+01
  Tl   81    0  1.3324E+00  1.0540E+00  1.6308E+00  1.1272E+00  7.7483E+01  2.8760E+00  3.2432E+00  3.3495E+00  9.7090E+00
  Pb   82    0  1.3160E+00  1.1856E+00  1.7258E+00  1.2798E+00  6.9523E+01  2.9109E+00  3.0207E+00  3.1457E+00  6.4555E+00
  Bi   83    0  9.0899E-01  8.9789E-01  1.0059E+00  8.9541E-01  1.2088E+01  1.0502E+00  1.0096E+00  1.0339E+00  1.4841E+00
  ele   Z    A    013d300     015d300     020d300     025d300     030d300     040d300     060d300     080d300     120d300
  H     1    0  5.4239E-01  5.2283E-01  5.1545E-01  4.7763E-01  4.5286E-01  4.2718E-01  3.8719E-01  3.0044E-01  2.4964E-01
  He    2    0  1.4805E+00  1.4856E+00  1.5062E+00  1.0266E+00  8.6266E-01  6.8192E-01  6.3305E-01  6.2438E-01  8.9467E-01
  Li    3    0  1.5223E-03  1.2356E-03  1.5836E-02  3.1476E-04  1.9686E-02  6.8785E-02  6.7203E-02  1.5992E-04  8.0197E-05
  Be    4    0  5.6584E-05  2.1568E-04  8.1386E-05  3.8074E-05  2.5975E-05  1.1618E-05  6.5784E-06  6.4248E-06  2.1428E-05
  B     5    0  4.2245E-04  7.3497E-04  2.2379E-04  1.3416E-04  8.8963E-05  4.2830E-05  1.8860E-05  1.0001E-04  5.1123E-05
  C     6    0  7.2359E+03  7.5906E+03  8.4977E+03  1.0563E+04  1.2814E+04  1.4607E+04  1.2035E+04  1.3244E+04  3.4486E+04
  N     7    0  1.7889E+04  1.7362E+04  1.2146E+03  1.3169E+03  1.7882E+03  7.4968E+02  7.3590E+02  1.6085E+03  2.7245E+03
  O     8    0  6.9740E+03  7.2911E+03  8.4214E+03  1.3460E+04  1.5512E+04  1.8363E+04  1.9762E+04  2.4499E+04  2.1079E+04
  F     9    0  7.2783E+03  7.9434E+03  1.5237E+04  6.8380E+04  1.3987E+05  4.7350E+04  6.1364E+04  1.1917E+03  7.9121E+00
  Ne   10    0  9.4554E+03  7.3422E+03  7.2387E+03  2.9898E+04  3.2572E+04  2.4785E+04  3.8106E+04  2.7008E+04  6.0086E+03
  Na   11    0  5.9130E+03  3.5426E+03  2.6817E+03  7.0413E+03  1.1825E+04  2.5566E+03  2.9196E+03  5.5329E+03  8.8740E+02
  Mg   12    0  2.0218E+03  1.7290E+03  2.2098E+03  5.7486E+03  7.5274E+03  1.0229E+04  1.7243E+04  8.6042E+03  1.3214E+03
  Al   13    0  3.7594E+03  3.2054E+03  3.8599E+03  5.7805E+03  9.0926E+03  6.1265E+03  6.7195E+03  7.5546E+03  1.4047E+02
  Si   14    0  6.7252E+03  9.8199E+03  6.7465E+03  7.1996E+03  7.4027E+03  9.3177E+03  9.1166E+03  5.7866E+03  4.2054E+00
  P    15    0  1.2203E+04  1.6767E+04  1.6376E+04  6.8945E+03  1.2106E+04  1.4397E+04  1.2717E+04  9.2697E+03  1.1190E+02
  S    16    0  1.0644E+04  1.3039E+04  7.4834E+03  5.8653E+03  6.3004E+03  8.0309E+03  7.9809E+03  4.1292E+03  1.5340E+00
  Cl   17    0  4.6594E+03  8.3462E+03  3.2722E+03  1.2426E+03  2.5525E+03  3.0176E+03  2.1726E+03  1.2085E+03  5.3858E+00
  Ar   18    0  1.2266E+04  1.2987E+04  6.6251E+03  5.1318E+03  5.0051E+03  6.3789E+03  7.1907E+03  3.5498E+03  5.7503E-01
  K    19    0  1.1719E+04  3.3005E+04  4.5151E+03  1.6962E+03  3.1979E+03  4.0011E+03  4.1096E+03  2.0977E+03  5.2352E+00
  Ca   20    0  1.0297E+04  8.2813E+03  4.8608E+03  4.7700E+03  3.5934E+03  4.6965E+03  5.9755E+03  2.7956E+03  5.2790E-01
  Sc   21    0  4.5743E+03  2.9103E+04  6.9646E+02  5.5313E+02  5.4592E+02  7.0483E+02  7.8987E+02  3.7948E+02  4.5071E+01
  Ti   22    0  2.4593E+03  4.1278E+03  1.2895E+03  8.0216E+02  6.9008E+02  6.7436E+02  6.0550E+02  7.5307E+02  1.4046E+01
  V    23    0  3.8445E+03  2.0670E+04  1.7122E+03  2.3501E+02  4.7769E+02  5.2465E+02  4.9862E+02  3.6192E+02  1.3837E+01
  Cr   24    0  5.1851E+03  1.4802E+04  2.8762E+03  1.5977E+03  1.4950E+03  1.3688E+03  1.0612E+03  1.1520E+03  3.1381E+00
  Mn   25    0  3.7324E+03  2.0062E+04  1.8045E+03  3.2869E+02  5.6345E+02  5.7588E+02  5.1423E+02  3.7107E+02  6.3529E-01
  Fe   26    0  5.3715E+03  6.6669E+03  3.4176E+03  2.6072E+03  2.1765E+03  1.6744E+03  1.1461E+03  7.6033E+02  3.6929E-01
  Co   27    0  2.9144E+03  1.4200E+03  1.5404E+03  8.9678E+02  9.1968E+02  7.2683E+02  4.1749E+02  1.2565E+02  1.5295E+00
  Ni   28    0  8.4972E+03  1.0558E+04  5.4218E+03  4.1919E+03  3.4592E+03  2.6649E+03  1.8474E+03  4.8551E+02  9.2590E-01
  Cu   29    0  3.2984E+02  8.1243E+01  1.4215E+02  9.1866E+02  1.1320E+02  1.4984E+02  6.2575E+01  1.1673E+02  2.9753E+01
  Zn   30    0  1.4422E+03  2.5713E+02  5.1193E+02  1.0595E+03  3.9096E+02  8.8741E+02  1.8571E+02  3.2801E+02  3.1573E+01
  Ga   31    0  7.9912E+01  8.4321E+01  6.7899E+01  2.8193E+02  1.2023E+02  1.1821E+02  1.3822E+02  1.6538E+02  1.9837E+02
  Ge   32    0  7.4831E+01  7.3323E+01  6.2101E+01  2.5365E+02  1.3940E+02  1.2853E+02  1.5672E+02  1.7510E+02  2.0404E+02
  As   33    0  1.1898E+02  1.1763E+02  9.4805E+01  3.5516E+02  2.6940E+02  2.7752E+02  2.9389E+02  2.8535E+02  2.3917E+02
  Se   34    0  1.0448E+02  9.7635E+01  9.3991E+01  2.5106E+02  2.3266E+02  2.0348E+02  2.2632E+02  2.1196E+02  2.2021E+02
  Br   35    0  8.7320E+01  7.8635E+01  7.6185E+01  2.5483E+02  2.6188E+02  2.1691E+02  2.3348E+02  2.1583E+02  1.9414E+02
  Kr   36    0  1.5972E+02  1.5078E+02  1.3771E+02  2.4540E+02  5.3969E+02  4.7354E+02  4.0449E+02  4.5593E+02  5.3206E+02
  Rb   37    0  2.1231E+02  2.0029E+02  1.8749E+02  3.1389E+02  9.7708E+02  8.4689E+02  6.1371E+02  4.3582E+02  3.0580E+02
  Sr   38    0  1.4101E+03  1.4285E+03  1.4025E+03  4.8150E+02  4.0821E+03  4.3944E+03  5.4909E+03  6.7206E+03  7.0783E+03
  Y    39    0  1.8965E+03  1.8356E+03  1.8693E+03  3.4945E+02  5.8744E+03  6.4214E+03  7.3865E+03  9.1082E+03  9.7184E+03
  Zr   40    0  3.0219E+03  3.2310E+03  3.9474E+03  1.5149E+02  7.8786E+03  9.6155E+03  9.6975E+03  1.1184E+04  1.0889E+04
  Nb   41    0  1.7512E+03  1.6411E+03  1.9229E+03  8.3104E+01  6.1947E+03  6.6785E+03  7.1083E+03  8.9945E+03  1.0040E+04
  Mo   42    0  3.3263E+03  3.6688E+03  5.9219E+03  3.6478E+01  7.2083E+03  1.0451E+04  1.0150E+04  1.1994E+04  9.9831E+03
  Xe   54    0  1.4276E+03  1.3600E+03  1.7415E+03  1.7943E+01  4.3699E+03  5.5226E+03  5.3137E+03  6.2863E+03  6.2399E+03
  Cs   55    0  1.2362E+03  1.1985E+03  1.6830E+03  1.5003E+01  4.0528E+03  4.5317E+03  4.2872E+03  4.9914E+03  4.2343E+03
  Ba   56    0  5.5854E+03  5.6645E+03  8.1987E+03  2.1352E+01  1.1347E+04  1.5305E+04  1.5312E+04  2.0135E+04  2.2683E+04
  La   57    0  7.9161E+03  6.5553E+03  9.5202E+03  1.1678E+01  1.1504E+04  1.5213E+04  1.4908E+04  1.8561E+04  2.0859E+04
  Ce   58    0  5.5073E+03  5.1672E+03  8.3167E+03  6.0400E+00  7.6369E+03  1.1615E+04  1.0257E+04  1.2340E+04  1.3967E+04
  Pr   59    0  5.2247E+03  6.8670E+03  9.8259E+03  6.7115E+00  1.3512E+04  2.1838E+04  1.0737E+04  7.5517E+03  7.8586E+03
  Nd   60    0  4.2284E+03  4.4627E+03  9.0207E+03  3.8260E+00  4.9813E+03  9.6629E+03  7.9333E+03  1.0070E+04  1.0239E+04
  Hg   80    0  4.0443E+03  5.0346E+03  9.8562E+03  2.9438E+00  4.4495E+03  7.7468E+03  6.2829E+03  7.4773E+03  8.9520E+03
  Tl   81    0  3.8377E+03  3.6116E+03  6.0199E+03  2.5103E+00  4.2434E+03  5.7679E+03  5.3956E+03  6.3959E+03  7.5059E+03
  Pb   82    0  4.6422E+03  4.3744E+03  7.2484E+03  2.4866E+00  2.8426E+03  4.0663E+03  2.9378E+03  3.0483E+03  3.6541E+03
  Bi   83    0  7.2156E+02  6.8912E+02  9.1696E+02  9.8442E-01  3.0214E+02  3.3031E+02  1.2914E+02  9.9027E+01  1.0993E+02
