 ele  Z   A   PFAv000     PFAv150     PFAv300     PFBv000     PFBv150     PFBv300     PFCv000     PFCv150     PFCv300     PFDv000     PFDv150     PFDv300      YAv000      YAv150      YAv300      YBv000      YBv150      YBv300      YCv000      YCv150      YCv300      YDv000      YDv150      YDv300     PFAvavg     PFBvavg     PFCvavg     PFDvavg      YAvavg      YBvavg      YCvavg      YDvavg       iniA        iniB        iniC        iniD 
H       1    1  6.7777E-01  5.3604E-01  4.5696E-01  7.0398E-01  5.6095E-01  5.4506E-01  6.6277E-01  6.3819E-01  6.1761E-01  6.5158E-01  6.5867E-01  6.5248E-01  3.8976E-01  3.0315E-01  2.6151E-01  3.0301E-01  2.7106E-01  2.8021E-01  2.0108E-01  2.8193E-01  2.8689E-01  1.8924E-01  2.7336E-01  2.9080E-01  6.7776E-01  7.0397E-01  6.6277E-01  6.5158E-01  3.8976E-01  3.0301E-01  2.0109E-01  1.8924E-01  7.2155E-01  7.4676E-01  7.5968E-01  7.5997E-01
H2      1    2  1.2401E-02  1.2924E-04  5.5557E-05  1.5922E-02  2.3539E-05  2.2199E-05  2.0536E-02  3.8705E-06  3.6840E-06  9.7785E-03  8.2427E-07  7.6745E-07  2.9095E-07  2.9820E-09  1.2972E-09  2.7295E-07  4.5304E-10  4.5454E-10  2.4394E-07  6.6943E-11  6.6998E-11  1.1115E-07  1.3388E-11  1.3386E-11  1.2400E-02  1.5921E-02  2.0535E-02  9.7777E-03  2.9093E-07  2.7294E-07  2.4393E-07  1.1114E-07  2.9439E-05  2.9743E-05  2.9743E-05  2.9743E-05
He3     2    3  8.5555E-01  4.8626E-01  3.0084E-01  9.0669E-01  4.4993E-01  2.4412E-01  6.3811E-01  3.0841E-01  1.4738E-01  4.5527E-01  2.3102E-01  6.5440E-02  2.1271E-05  1.1890E-05  7.4435E-06  1.6471E-05  9.1765E-06  5.2968E-06  8.0321E-06  5.6525E-06  2.8403E-06  5.4836E-06  3.9764E-06  1.2096E-06  8.5553E-01  9.0666E-01  6.3809E-01  4.5525E-01  2.1271E-05  1.6471E-05  8.0320E-06  5.4835E-06  3.1196E-05  3.1518E-05  3.1518E-05  3.1518E-05
He4     2    4  1.6283E+00  1.7064E+00  1.9430E+00  1.5021E+00  1.6301E+00  1.6582E+00  1.5408E+00  1.4404E+00  1.3924E+00  1.5022E+00  1.3383E+00  1.3409E+00  3.4390E-01  3.5443E-01  4.0837E-01  2.1644E-01  2.6370E-01  2.8538E-01  1.4768E-01  2.0103E-01  2.0434E-01  1.3777E-01  1.7540E-01  1.8872E-01  1.6283E+00  1.5021E+00  1.5408E+00  1.5022E+00  3.4390E-01  2.1644E-01  1.4768E-01  1.3778E-01  2.6500E-01  2.5000E-01  2.4000E-01  2.4000E-01
Li6     3    6  1.2656E-02  1.7152E-03  1.2448E-03  1.6010E-02  8.6877E-04  5.2088E-04  2.0546E-02  1.4488E-04  8.2382E-05  9.7796E-03  1.1024E-04  5.8550E-05  6.0120E-12  8.0129E-13  5.8842E-13  1.2440E-12  7.5787E-14  4.8341E-14  1.1062E-12  1.1358E-14  6.7907E-15  5.0383E-13  8.1158E-15  4.6288E-15  1.2656E-02  1.6009E-02  2.0545E-02  9.7789E-03  6.0117E-12  1.2440E-12  1.1061E-12  5.0380E-13  5.9602E-10  1.3481E-10  1.3481E-10  1.3481E-10
Li7     3    7  1.3425E-02  2.6492E-03  1.9188E-03  1.6827E-02  1.5692E-01  1.3356E-01  2.0692E-02  1.2751E-01  5.7229E-02  9.8354E-03  3.1566E-02  3.9001E-02  9.0581E-11  1.7579E-11  1.2884E-11  1.8572E-11  1.9445E-10  1.7606E-10  1.5824E-11  1.4199E-10  6.7008E-11  7.1974E-12  3.3010E-11  4.3798E-11  1.3424E-02  1.6835E-02  2.0700E-02  9.8370E-03  9.0577E-11  1.8581E-11  1.5831E-11  7.1987E-12  8.4661E-09  1.9149E-09  1.9149E-09  1.9149E-09
Be9     4    9  2.1576E-02  3.7237E-03  2.8771E-03  2.1443E-02  2.0256E-03  1.0166E-03  2.1792E-02  2.7727E-04  1.5200E-04  9.7846E-03  1.4899E-04  7.7523E-05  2.7322E-12  4.6374E-13  3.6256E-13  1.9839E-13  2.1039E-14  1.1233E-14  1.3969E-14  2.5880E-16  1.4918E-16  6.0018E-16  1.3059E-17  7.2972E-18  2.1575E-02  2.1442E-02  2.1790E-02  9.7839E-03  2.7321E-12  1.9838E-13  1.3969E-14  6.0015E-16  1.5889E-10  1.6051E-11  1.6051E-12  1.6051E-13
B10     5   10  3.5779E-02  5.3780E-03  4.1229E-03  3.6787E-02  2.9366E-03  1.4066E-03  2.5308E-02  3.8534E-04  1.9646E-04  1.1203E-02  1.7570E-04  8.9490E-05  2.0932E-11  3.0942E-12  2.4003E-12  1.5723E-12  1.4091E-13  7.1804E-14  7.4946E-14  1.6616E-15  8.9074E-16  3.1747E-15  7.1149E-17  3.8915E-17  3.5778E-02  3.6785E-02  2.5306E-02  1.1203E-02  2.0931E-11  1.5722E-12  7.4942E-14  3.1745E-15  7.3404E-10  7.4151E-11  7.4151E-12  7.4151E-13
B11     5   11  2.0726E-01  6.5453E-02  3.2139E-02  2.1902E-01  4.5123E-02  1.3182E-02  1.3841E-01  1.3725E-02  1.0386E-03  8.1275E-02  6.8504E-03  3.0231E-04  5.3685E-10  1.6674E-10  8.2844E-11  4.1447E-11  9.5865E-12  2.9794E-12  1.8149E-12  2.6204E-13  2.0851E-14  1.0197E-13  1.2282E-14  5.8208E-16  2.0725E-01  2.1901E-01  1.3840E-01  8.1270E-02  5.3683E-10  4.1445E-11  1.8148E-12  1.0197E-13  3.2501E-09  3.2832E-10  3.2832E-11  3.2832E-12
C12     6   12  6.4518E+00  1.5374E+01  1.5231E+01  3.4879E+01  6.4421E+01  5.8940E+01  4.8760E+02  5.0010E+02  4.1799E+02  5.0079E+03  4.5196E+03  5.4024E+03  1.2091E-02  2.8334E-02  2.8405E-02  8.8014E-03  1.8250E-02  1.7764E-02  8.5254E-03  1.2732E-02  1.1189E-02  8.3786E-03  1.0805E-02  1.3870E-02  6.4522E+00  3.4881E+01  4.8760E+02  5.0079E+03  1.2092E-02  8.8019E-03  8.5257E-03  8.3787E-03  2.3514E-03  4.3780E-04  4.3780E-05  4.3780E-06
C13     6   13  1.8498E+00  3.0865E+00  4.3207E+00  1.8897E+00  6.1828E+00  8.7159E+00  1.6831E+00  1.1733E+02  1.4451E+02  1.3997E+00  1.8436E+02  1.8677E+02  4.2007E-05  6.8933E-05  9.7644E-05  5.7785E-06  2.1225E-05  3.1833E-05  3.5661E-07  3.6198E-05  4.6878E-05  2.8378E-08  5.3414E-06  5.8108E-06  1.8498E+00  1.8900E+00  1.6921E+00  1.4136E+00  4.2008E-05  5.7793E-06  3.5851E-07  2.8661E-08  2.8494E-05  5.3052E-06  5.3052E-07  5.3052E-08
N14     7   14  5.1719E+00  6.9238E+00  9.3272E+00  1.0436E+01  6.1321E+01  4.4795E+01  9.8442E+00  4.4073E+02  3.5033E+02  1.1069E+01  2.6840E+03  4.6696E+03  2.8656E-03  3.7727E-03  5.1428E-03  4.1814E-04  2.7582E-03  2.1436E-03  2.7328E-05  1.7815E-03  1.4890E-03  2.9404E-06  1.0189E-03  1.9035E-03  5.1720E+00  1.0439E+01  9.8776E+00  1.1272E+01  2.8656E-03  4.1826E-04  2.7422E-05  2.9945E-06  6.9520E-04  6.9511E-05  6.9511E-06  6.9511E-07
N15     7   15  3.5597E-01  3.5319E-01  5.6918E-01  5.7148E-01  6.1004E+02  3.7747E+02  6.2381E-01  2.2211E+03  1.1196E+03  4.8311E+00  1.5787E+04  1.2739E+04  4.8501E-07  4.7327E-07  7.7176E-07  5.6306E-08  6.7479E-05  4.4420E-05  4.2587E-09  2.2078E-05  1.1702E-05  3.1559E-09  1.4737E-05  1.2771E-05  3.5597E-01  6.0788E-01  7.9579E-01  6.0307E+00  4.8501E-07  5.9893E-08  5.4329E-09  3.9396E-09  1.7096E-06  1.7094E-07  1.7094E-08  1.7094E-09
O16     8   16  5.9485E+00  1.2814E+01  1.3418E+01  2.5571E+01  5.0356E+01  4.8195E+01  3.1988E+02  5.2041E+02  5.7405E+02  3.7999E+03  5.8047E+03  5.6549E+03  2.7285E-02  5.7802E-02  6.1248E-02  3.0093E-02  6.6533E-02  6.7745E-02  2.6084E-02  6.1790E-02  7.1668E-02  2.9650E-02  6.4724E-02  6.7711E-02  5.9488E+00  2.5572E+01  3.1990E+02  3.8000E+03  2.7286E-02  3.0095E-02  2.6086E-02  2.9652E-02  5.7553E-03  2.0418E-03  2.0418E-04  2.0418E-05
O17     8   17  9.4903E-01  1.0380E+00  1.4775E+00  1.3209E+00  2.2231E+01  2.1475E+01  5.5520E+00  2.2904E+02  9.2967E+01  9.4509E+00  1.3812E+03  1.3471E+03  1.7571E-06  1.8900E-06  2.7223E-06  6.2747E-07  1.1856E-05  1.2185E-05  1.8274E-07  1.0977E-05  4.6849E-06  2.9766E-08  6.2163E-06  6.5110E-06  9.4903E-01  1.3222E+00  5.5693E+00  9.5551E+00  1.7571E-06  6.2807E-07  1.8331E-07  3.0095E-08  2.3231E-06  8.2416E-07  8.2416E-08  8.2416E-09
O18     8   18  1.0292E+01  6.2541E-01  1.4137E+00  8.7652E+00  3.6243E+02  5.1690E+02  1.1794E+01  2.2235E+03  4.3862E+03  8.5224E+00  2.2045E+04  3.4250E+04  1.0647E-04  6.3627E-06  1.4554E-05  2.3265E-05  1.0800E-03  1.6387E-03  2.1691E-06  5.9542E-04  1.2351E-03  1.4998E-07  5.5438E-04  9.2493E-04  1.0292E+01  8.7864E+00  1.1966E+01  1.0197E+01  1.0646E-04  2.3321E-05  2.2007E-06  1.7946E-07  1.2980E-05  4.6050E-06  4.6050E-07  4.6050E-08
F19     9   19  5.7920E-01  1.6084E+01  9.2792E+00  9.0660E-01  1.8858E+02  2.1454E+02  7.8479E-01  1.0254E+03  1.7476E+03  1.4740E+00  7.7273E+04  1.6119E+04  2.3443E-07  6.4024E-06  3.7375E-06  2.6534E-08  6.1963E-06  7.4998E-06  1.5915E-09  3.0277E-06  5.4260E-06  2.8604E-10  2.1428E-05  4.8000E-06  5.8001E-01  9.1781E-01  8.6415E-01  7.3476E+00  2.3476E-07  2.6862E-08  1.7525E-09  1.4258E-09  5.0785E-07  5.0778E-08  5.0778E-09  5.0778E-10
Ne20   10   20  8.9769E+00  3.7954E+00  4.6976E+00  9.6908E+01  6.3286E+01  5.3687E+01  1.5661E+03  5.1388E+02  6.8621E+02  1.5789E+04  5.3021E+03  6.6355E+03  8.3327E-03  3.4648E-03  4.3394E-03  6.5050E-03  4.7693E-03  4.3043E-03  7.2841E-03  3.4802E-03  4.8865E-03  7.0271E-03  3.3721E-03  4.5319E-03  8.9766E+00  9.6906E+01  1.5660E+03  1.5788E+04  8.3325E-03  6.5049E-03  7.2839E-03  7.0269E-03  1.1647E-03  1.1646E-04  1.1646E-05  1.1646E-06
Ne21   10   21  4.0007E+00  6.2710E+00  7.0368E+00  2.7345E+01  6.5808E+01  1.1595E+02  1.6160E+02  6.5772E+02  1.7296E+03  1.1907E+03  9.3974E+03  1.3409E+04  9.3477E-06  1.4410E-05  1.6362E-05  4.6201E-06  1.2483E-05  2.3399E-05  1.8919E-06  1.1211E-05  3.1001E-05  1.3338E-06  1.5043E-05  2.3051E-05  4.0008E+00  2.7347E+01  1.6164E+02  1.1913E+03  9.3479E-06  4.6205E-06  1.8924E-06  1.3345E-06  2.9317E-06  2.9313E-07  2.9313E-08  2.9313E-09
Ne22   10   22  8.8127E+00  1.5137E+01  2.6154E+01  3.1603E+01  1.8676E+02  4.1001E+02  4.7370E+01  1.0044E+03  4.5358E+03  5.4289E+01  2.2545E+04  2.7840E+04  6.6167E-04  1.1177E-03  1.9541E-03  1.7158E-04  1.1384E-03  2.6587E-03  1.7820E-05  5.5015E-04  2.6124E-03  1.9542E-06  1.1597E-03  1.5379E-03  8.8131E+00  3.1612E+01  4.7444E+01  5.5999E+01  6.6170E-04  1.7163E-04  1.7848E-05  2.0158E-06  9.4207E-05  9.4194E-06  9.4194E-07  9.4194E-08
Na23   11   23  9.0938E+00  5.7466E+00  7.8614E+00  3.8514E+01  2.5910E+01  4.4198E+01  3.4458E+02  9.8677E+01  2.9804E+02  3.0933E+03  9.1749E+02  2.6990E+03  2.1325E-04  1.3253E-04  1.8346E-04  6.5309E-05  4.9326E-05  8.9517E-05  4.0486E-05  1.6882E-05  5.3615E-05  3.4778E-05  1.4741E-05  4.6566E-05  9.0936E+00  3.8513E+01  3.4456E+02  3.0932E+03  2.1325E-04  6.5308E-05  4.0485E-05  3.4777E-05  2.9424E-05  2.9420E-06  2.9420E-07  2.9420E-08
Mg24   12   24  4.3521E+00  2.5546E+00  2.7755E+00  2.6858E+01  2.0719E+01  1.2810E+01  3.9389E+02  1.9259E+02  1.5377E+02  3.7797E+03  1.9369E+03  1.7660E+03  1.9271E-03  1.1125E-03  1.2230E-03  1.5293E-03  1.3245E-03  8.7118E-04  1.5540E-03  1.1064E-03  9.2883E-04  1.4269E-03  1.0449E-03  1.0231E-03  4.3520E+00  2.6858E+01  3.9388E+02  3.7796E+03  1.9271E-03  1.5293E-03  1.5540E-03  1.4269E-03  5.5560E-04  9.8788E-05  9.8788E-06  9.8788E-07
Mg25   12   25  4.0837E+00  5.4544E+00  6.0443E+00  8.6534E+00  1.3308E+01  4.0362E+01  3.2043E+01  6.8703E+01  6.2936E+02  2.0142E+02  8.8976E+02  1.7560E+03  2.3846E-04  3.1324E-04  3.5124E-04  6.4980E-05  1.1219E-04  3.6200E-04  1.6672E-05  5.2049E-05  5.0135E-04  1.0028E-05  6.3303E-05  1.3416E-04  4.0838E+00  8.6537E+00  3.2046E+01  2.0147E+02  2.3847E-04  6.4982E-05  1.6674E-05  1.0031E-05  7.3269E-05  1.3028E-05  1.3028E-06  1.3028E-07
Mg26   12   26  3.9232E+00  4.7017E+00  6.1512E+00  8.8499E+00  1.2980E+01  6.6237E+01  4.5344E+01  5.7990E+01  9.3207E+02  3.0669E+02  6.0007E+02  2.3449E+03  2.6232E-04  3.0917E-04  4.0930E-04  7.6091E-05  1.2529E-04  6.8021E-04  2.7013E-05  5.0303E-05  8.5014E-04  1.7483E-05  4.8882E-05  2.0513E-04  3.9232E+00  8.8501E+00  4.5345E+01  3.0671E+02  2.6232E-04  7.6093E-05  2.7015E-05  1.7485E-05  8.3896E-05  1.4917E-05  1.4917E-06  1.4917E-07
Al27   13   27  5.3600E+00  3.2957E+00  4.0900E+00  3.3526E+01  3.2742E+01  3.0364E+01  2.6113E+02  1.8626E+02  2.5778E+02  1.9021E+03  1.2616E+03  2.5690E+03  2.3931E-04  1.4471E-04  1.8172E-04  1.0824E-04  1.1868E-04  1.1709E-04  5.8415E-05  6.0670E-05  8.8287E-05  4.0714E-05  3.8590E-05  8.4388E-05  5.3599E+00  3.3526E+01  2.6113E+02  1.9020E+03  2.3930E-04  1.0824E-04  5.8415E-05  4.0714E-05  5.6020E-05  5.6013E-06  5.6013E-07  5.6013E-08
Si28   14   28  7.0953E+00  1.4057E+01  1.6375E+01  4.6727E+01  6.8859E+01  9.2710E+01  5.0111E+02  7.6432E+02  1.0832E+03  6.0635E+03  7.6976E+03  7.3921E+03  3.4788E-03  6.7780E-03  7.9897E-03  4.2583E-03  7.0451E-03  1.0091E-02  3.1643E-03  7.0274E-03  1.0472E-02  3.6637E-03  6.6464E-03  6.8541E-03  7.0956E+00  4.6728E+01  5.0113E+02  6.0636E+03  3.4789E-03  4.2585E-03  3.1645E-03  3.6639E-03  6.1519E-04  1.5811E-04  1.5811E-05  1.5811E-06
Si29   14   29  3.9375E+00  5.0620E+00  6.8439E+00  8.2504E+00  1.1320E+01  2.1687E+01  4.7652E+01  6.2872E+01  1.4758E+02  3.2351E+02  3.9942E+02  1.6043E+03  1.0153E-04  1.2836E-04  1.7561E-04  3.9541E-05  6.0909E-05  1.2414E-04  1.5824E-05  3.0400E-05  7.5033E-05  1.0280E-05  1.8137E-05  7.8230E-05  3.9375E+00  8.2505E+00  4.7653E+01  3.2351E+02  1.0153E-04  3.9542E-05  1.5825E-05  1.0280E-05  3.2353E-05  8.3150E-06  8.3150E-07  8.3150E-08
Si30   14   30  6.9503E+00  9.7728E+00  1.4487E+01  1.5004E+01  2.3177E+01  4.4414E+01  7.9112E+01  1.0504E+02  2.3947E+02  4.1409E+02  4.8630E+02  3.3289E+03  1.2221E-04  1.6900E-04  2.5350E-04  4.9038E-05  8.5043E-05  1.7337E-04  1.7915E-05  3.4634E-05  8.3029E-05  8.9730E-06  1.5059E-05  1.1069E-04  6.9505E+00  1.5005E+01  7.9114E+01  4.1410E+02  1.2222E-04  4.9040E-05  1.7916E-05  8.9734E-06  2.2063E-05  5.6703E-06  5.6703E-07  5.6703E-08
P31    15   31  5.7940E+00  9.4819E+00  1.2605E+01  4.0358E+01  5.9361E+01  1.1910E+02  2.6982E+02  3.8724E+02  9.7673E+02  1.9496E+03  2.3738E+03  8.4251E+03  2.7087E-05  4.3595E-05  5.8646E-05  1.3643E-05  2.2530E-05  4.8091E-05  6.3203E-06  1.3208E-05  3.5028E-05  4.3697E-06  7.6031E-06  2.8979E-05  5.7942E+00  4.0359E+01  2.6983E+02  1.9496E+03  2.7088E-05  1.3644E-05  6.3206E-06  4.3699E-06  5.8660E-06  5.8652E-07  5.8652E-08  5.8652E-09
S32    16   32  6.1759E+00  1.4666E+01  1.7583E+01  5.0186E+01  1.0130E+02  1.5543E+02  5.1433E+02  1.2217E+03  1.8382E+03  8.1026E+03  1.1298E+04  9.5359E+03  1.4510E-03  3.3888E-03  4.1112E-03  1.9088E-03  4.3254E-03  7.0610E-03  1.3555E-03  4.6882E-03  7.4168E-03  2.0433E-03  4.0715E-03  3.6903E-03  6.1764E+00  5.0189E+01  5.1439E+02  8.1028E+03  1.4511E-03  1.9090E-03  1.3557E-03  2.0434E-03  2.9480E-04  6.5989E-05  6.5989E-06  6.5989E-07
S33    16   33  5.9859E+00  1.3164E+01  1.7245E+01  2.5734E+01  4.3086E+01  8.9438E+01  1.9681E+02  4.6778E+02  8.0616E+02  2.4159E+03  3.6046E+03  5.3949E+03  1.1611E-05  2.5113E-05  3.3290E-05  8.0810E-06  1.5190E-05  3.3545E-05  4.2822E-06  1.4820E-05  2.6856E-05  5.0300E-06  1.0725E-05  1.7237E-05  5.9863E+00  2.5735E+01  1.9683E+02  2.4160E+03  1.1612E-05  8.0814E-06  4.2828E-06  5.0303E-06  2.4339E-06  5.4482E-07  5.4482E-08  5.4482E-09
S34    16   34  7.1445E+00  1.6641E+01  2.2050E+01  1.9806E+01  2.7904E+01  1.4550E+02  1.0999E+02  1.5911E+02  1.1104E+03  8.3143E+02  1.3406E+03  6.6011E+03  8.0599E-05  1.8463E-04  2.4755E-04  3.6172E-05  5.7213E-05  3.1737E-04  1.3918E-05  2.9316E-05  2.1512E-04  1.0067E-05  2.3196E-05  1.2266E-04  7.1450E+00  1.9807E+01  1.0999E+02  8.3147E+02  8.0604E-05  3.6173E-05  1.3919E-05  1.0068E-05  1.4155E-05  3.1685E-06  3.1685E-07  3.1685E-08
S36    16   36  2.2719E+00  2.7069E+00  6.8651E+00  1.7485E+00  2.8315E+00  1.2874E+01  1.4078E+00  3.3620E+00  4.7252E+01  1.8547E+00  3.6281E+00  1.3821E+03  1.2651E-07  1.4825E-07  3.8045E-07  1.5763E-08  2.8658E-08  1.3862E-07  8.7937E-10  3.0579E-09  4.5190E-08  1.1086E-10  3.0989E-10  1.2678E-07  2.2719E+00  1.7485E+00  1.4079E+00  1.8548E+00  1.2652E-07  1.5764E-08  8.7948E-10  1.1087E-10  6.9873E-08  1.5641E-08  1.5641E-09  1.5641E-10
Cl35   17   35  1.9672E+00  3.3530E+00  4.6194E+00  8.8064E+00  1.6803E+01  6.2297E+01  4.6612E+01  2.1800E+02  5.9709E+02  5.9888E+02  1.2389E+03  3.0961E+03  9.6808E-06  1.6227E-05  2.2622E-05  3.1337E-06  6.7128E-06  2.6477E-05  1.1493E-06  7.8265E-06  2.2540E-05  1.4129E-06  4.1768E-06  1.1209E-05  1.9673E+00  8.8069E+00  4.6625E+01  5.9893E+02  9.6811E-06  3.1339E-06  1.1496E-06  1.4131E-06  6.1745E-06  6.1737E-07  6.1737E-08  6.1737E-09
Cl37   17   37  1.8501E+00  3.1424E+00  4.1256E+00  6.4282E+00  1.7183E+01  5.5666E+01  3.5718E+01  2.7721E+02  4.8229E+02  1.0073E+03  1.4778E+03  1.4617E+03  3.0761E-06  5.1383E-06  6.8263E-06  7.7285E-07  2.3193E-06  7.9935E-06  2.9755E-07  3.3625E-06  6.1512E-06  8.0298E-07  1.6834E-06  1.7880E-06  1.8502E+00  6.4288E+00  3.5736E+01  1.0074E+03  3.0762E-06  7.7293E-07  2.9771E-07  8.0303E-07  2.0862E-06  2.0859E-07  2.0859E-08  2.0859E-09
Ar36   18   36  5.8213E+00  1.4033E+01  1.6878E+01  5.0817E+01  1.2639E+02  1.7948E+02  5.5194E+02  1.6009E+03  2.1332E+03  9.9911E+03  1.3252E+04  9.9827E+03  2.6127E-04  6.1941E-04  7.5385E-04  3.6923E-04  1.0310E-03  1.5576E-03  2.7787E-04  1.1736E-03  1.6443E-03  4.8131E-04  9.1232E-04  7.3799E-04  5.8217E+00  5.0821E+01  5.5202E+02  9.9914E+03  2.6129E-04  3.6926E-04  2.7792E-04  4.8134E-04  5.6315E-05  1.2606E-05  1.2606E-06  1.2606E-07
Ar38   18   38  4.0919E+00  1.0578E+01  1.5344E+01  1.0725E+01  1.9252E+01  2.9143E+02  5.6900E+01  1.7631E+02  2.0745E+03  1.0832E+03  1.5999E+03  6.0931E+03  3.5247E-05  8.9610E-05  1.3152E-04  1.4955E-05  3.0139E-05  4.8539E-04  5.4977E-06  2.4804E-05  3.0688E-04  1.0015E-05  2.1138E-05  8.6448E-05  4.0923E+00  1.0725E+01  5.6909E+01  1.0832E+03  3.5250E-05  1.4956E-05  5.4987E-06  1.0015E-05  1.0808E-05  2.4193E-06  2.4193E-07  2.4193E-08
Ar40   18   40  2.3700E+00  4.3619E+00  7.8278E+00  1.7521E+00  5.9568E+00  1.0090E+01  1.1329E+00  8.4609E+00  1.5634E+01  1.0405E+00  1.0252E+01  2.8354E+03  3.4369E-08  6.2209E-08  1.1297E-07  4.1132E-09  1.5700E-08  2.8293E-08  1.8428E-10  2.0040E-09  3.8936E-09  1.6196E-11  2.2802E-10  6.7725E-08  2.3701E+00  1.7523E+00  1.1335E+00  1.0412E+00  3.4370E-08  4.1138E-09  1.8438E-10  1.6207E-11  1.8196E-08  4.0730E-09  4.0730E-10  4.0730E-11
K39    19   39  1.7959E+00  3.5329E+00  6.4954E+00  9.4691E+00  3.7902E+01  2.4031E+02  6.5463E+01  8.4001E+02  2.0898E+03  1.8542E+03  3.3405E+03  7.8347E+03  4.1009E-06  7.9338E-06  1.4760E-05  1.5635E-06  7.0261E-06  4.7393E-05  7.4895E-07  1.3993E-05  3.6605E-05  2.0299E-06  5.2259E-06  1.3162E-05  1.7960E+00  9.4708E+00  6.5523E+01  1.8543E+03  4.1011E-06  1.5638E-06  7.4965E-07  2.0301E-06  2.8651E-06  2.8647E-07  2.8647E-08  2.8647E-09
K40    19   40  8.6065E+00  2.1006E+01  6.2788E+01  2.4091E+01  9.5775E+01  2.6110E+02  2.6684E+01  4.4997E+02  1.4025E+03  1.2487E+02  5.4001E+02  6.8300E+04  3.1815E-08  7.6368E-08  2.3098E-07  6.4398E-09  2.8742E-08  8.3363E-08  4.9422E-10  1.2135E-08  3.9772E-08  2.2131E-10  1.3677E-09  1.8576E-07  8.6072E+00  2.4095E+01  2.6716E+01  1.2490E+02  3.1818E-08  6.4410E-09  4.9484E-10  2.2137E-10  4.6383E-09  4.6377E-10  4.6377E-11  4.6377E-12
K41    19   41  2.6301E+00  5.6827E+00  1.1630E+01  1.1610E+01  1.0217E+02  3.2147E+02  7.4431E+01  2.3236E+03  2.6413E+03  4.2581E+03  3.2817E+03  6.1417E+03  4.5564E-07  9.6818E-07  2.0051E-06  1.4544E-07  1.4369E-06  4.8099E-06  6.4606E-08  2.9367E-06  3.5102E-06  3.5367E-07  3.8950E-07  7.8280E-07  2.6302E+00  1.1615E+01  7.4605E+01  4.2580E+03  4.5566E-07  1.4551E-07  6.4758E-08  3.5367E-07  2.1737E-07  2.1734E-08  2.1734E-09  2.1734E-10
Ca40   20   40  4.8094E+00  1.1237E+01  1.3765E+01  4.1756E+01  1.2571E+02  1.7294E+02  4.8088E+02  1.5937E+03  2.0361E+03  9.2070E+03  1.1291E+04  8.5439E+03  2.3938E-04  5.5004E-04  6.8179E-04  3.3644E-04  1.1372E-03  1.6643E-03  2.6846E-04  1.2955E-03  1.7404E-03  4.9185E-04  8.6198E-04  7.0042E-04  4.8098E+00  4.1761E+01  4.8096E+02  9.2072E+03  2.3940E-04  3.3648E-04  2.6852E-04  4.9187E-04  6.2452E-05  1.3979E-05  1.3979E-06  1.3979E-07
Ca42   20   42  3.9652E+00  1.0427E+01  1.5884E+01  8.9001E+00  2.3941E+01  3.3011E+02  3.8677E+01  2.7964E+02  2.2705E+03  1.1275E+03  1.7397E+03  5.9124E+03  1.3831E-06  3.5767E-06  5.5133E-06  5.0255E-07  1.5177E-06  2.2263E-05  1.5132E-07  1.5931E-06  1.3600E-05  4.2210E-07  9.3074E-07  3.3968E-06  3.9656E+00  8.9010E+00  3.8696E+01  1.1275E+03  1.3832E-06  5.0261E-07  1.5140E-07  4.2213E-07  4.3765E-07  9.7966E-08  9.7966E-09  9.7966E-10
Ca43   20   43  2.5454E+00  3.9291E+00  5.9950E+00  3.4791E+00  5.7066E+00  9.1216E+00  2.8535E+00  1.8475E+01  3.3965E+01  6.5069E+00  2.0051E+01  1.0809E+03  1.8967E-07  2.8792E-07  4.4453E-07  4.1967E-08  7.7281E-08  1.3142E-07  2.3850E-09  2.2484E-08  4.3464E-08  5.2040E-10  2.2916E-09  1.3266E-07  2.5455E+00  3.4793E+00  2.8547E+00  6.5080E+00  1.8967E-07  4.1969E-08  2.3860E-09  5.2050E-10  9.3493E-08  2.0928E-08  2.0928E-09  2.0928E-10
Ca44   20   44  1.5303E+00  1.7293E+00  2.0426E+00  2.8825E+00  5.1440E+00  4.8893E+00  1.9119E+01  5.1858E+01  3.9207E+01  2.5796E+02  2.4330E+02  2.6088E+02  1.8029E-06  2.0036E-06  2.3947E-06  5.4975E-07  1.1014E-06  1.1137E-06  2.5266E-07  9.9783E-07  7.9325E-07  3.2619E-07  4.3964E-07  5.0623E-07  1.5304E+00  2.8826E+00  1.9122E+01  2.5796E+02  1.8029E-06  5.4978E-07  2.5270E-07  3.2620E-07  1.4782E-06  3.3089E-07  3.3089E-08  3.3089E-09
Ca46   20   46  5.2034E+00  3.7894E+01  3.1590E+01  4.7307E+00  1.5101E+01  2.2787E+01  1.0395E+00  2.4839E+01  5.6045E+01  9.6529E-01  6.9458E+01  9.4993E+02  1.2289E-08  8.8016E-08  7.4245E-08  1.8087E-09  6.4820E-09  1.0406E-08  2.7540E-11  9.5816E-10  2.2732E-09  2.4470E-12  2.5161E-10  3.6953E-09  5.2051E+00  4.7313E+00  1.0414E+00  9.7049E-01  1.2293E-08  1.8090E-09  2.7589E-11  2.4602E-12  2.9634E-09  6.6334E-10  6.6334E-11  6.6334E-12
Ca48   20   48  9.7501E-01  9.3861E-01  9.6428E-01  9.5324E-01  9.1422E-01  9.0962E-01  9.4509E-01  9.0263E-01  9.1005E-01  9.3051E-01  9.6755E-01  9.0193E-01  1.1233E-07  1.0635E-07  1.1056E-07  1.7780E-08  1.9144E-08  2.0264E-08  1.2214E-09  1.6985E-09  1.8007E-09  1.1507E-10  1.7098E-10  1.7116E-10  9.7501E-01  9.5324E-01  9.4509E-01  9.3051E-01  1.1233E-07  1.7780E-08  1.2214E-09  1.1507E-10  1.4456E-07  3.2360E-08  3.2360E-09  3.2360E-10
Sc45   21   45  3.2464E+00  7.0723E+00  1.0057E+01  1.1356E+01  3.1527E+01  3.7866E+01  1.9987E+01  2.7387E+02  2.4969E+02  6.8797E+02  5.7499E+02  5.5236E+03  1.2107E-07  2.5939E-07  3.7325E-07  3.0624E-08  9.5453E-08  1.2197E-07  3.7347E-09  7.4515E-08  7.1432E-08  1.2301E-08  1.4691E-08  1.5156E-07  3.2466E+00  1.1357E+01  2.0007E+01  6.8796E+02  1.2108E-07  3.0628E-08  3.7385E-09  1.2301E-08  4.6794E-08  4.6788E-09  4.6788E-10  4.6788E-11
Ti46   22   46  3.1855E+00  9.1541E+00  1.2842E+01  8.6137E+00  2.5523E+01  3.0857E+02  4.3528E+01  3.3064E+02  2.7331E+03  1.3788E+03  1.0907E+03  6.0034E+03  6.3213E-07  1.7865E-06  2.5359E-06  2.4663E-07  8.2043E-07  1.0552E-05  8.6353E-08  9.5512E-07  8.3015E-06  2.6174E-07  2.9587E-07  1.7489E-06  3.1858E+00  8.6147E+00  4.3550E+01  1.3788E+03  6.3220E-07  2.4666E-07  8.6399E-08  2.6174E-07  2.4899E-07  4.9675E-08  4.9675E-09  4.9675E-10
Ti47   22   47  1.2940E+00  1.8989E+00  2.7743E+00  1.6743E+00  3.1385E+00  8.5390E+00  2.5020E+00  1.5085E+01  4.5395E+01  1.8372E+01  1.7519E+01  6.8811E+02  2.3662E-07  3.4147E-07  5.0482E-07  4.4172E-08  9.2958E-08  2.6906E-07  4.5735E-09  4.0151E-08  1.2705E-07  3.2136E-09  4.3791E-09  1.8470E-07  1.2941E+00  1.6744E+00  2.5030E+00  1.8372E+01  2.3662E-07  4.4174E-08  4.5754E-09  3.2136E-09  2.2943E-07  4.5771E-08  4.5771E-09  4.5771E-10
Ti48   22   48  2.2315E+00  2.9477E+00  3.3755E+00  1.3940E+01  1.9991E+01  1.5238E+01  1.6246E+02  2.1399E+02  1.8085E+02  2.1063E+03  2.3582E+03  1.8262E+03  4.1292E-06  5.3640E-06  6.2156E-06  3.7214E-06  5.9916E-06  4.8589E-06  3.0052E-06  5.7637E-06  5.1220E-06  3.7282E-06  5.9649E-06  4.9604E-06  2.2316E+00  1.3940E+01  1.6246E+02  2.1063E+03  4.1292E-06  3.7215E-06  3.0053E-06  3.7283E-06  2.3217E-06  4.6318E-07  4.6318E-08  4.6318E-09
Ti49   22   49  2.8677E+00  5.4287E+00  7.7680E+00  1.3247E+01  2.2863E+01  2.7006E+01  1.1819E+02  1.8152E+02  2.3949E+02  1.5096E+03  1.5830E+03  2.8167E+03  3.9751E-07  7.4008E-07  1.0716E-06  2.6494E-07  5.1336E-07  6.4512E-07  1.6379E-07  3.6627E-07  5.0812E-07  2.0018E-07  2.9997E-07  5.7316E-07  2.8678E+00  1.3248E+01  1.1820E+02  1.5096E+03  3.9753E-07  2.6495E-07  1.6380E-07  2.0019E-07  1.7393E-07  3.4699E-08  3.4699E-09  3.4699E-10
Ti50   22   50  1.6922E+00  3.6801E+00  5.3357E+00  2.2441E+00  1.0187E+01  2.4082E+01  1.5228E+00  1.2028E+01  2.7844E+01  1.0544E+00  5.4243E+00  6.7816E+01  2.2917E-07  4.9015E-07  7.1912E-07  4.3852E-08  2.2348E-07  5.6205E-07  2.0618E-09  2.3712E-08  5.7720E-08  1.3660E-10  1.0042E-09  1.3483E-08  1.6923E+00  2.2446E+00  1.5236E+00  1.0547E+00  2.2918E-07  4.3862E-08  2.0630E-09  1.3665E-10  1.6993E-07  3.3902E-08  3.3902E-09  3.3902E-10
V50    23   50  7.2517E+00  2.8710E+01  4.7319E+01  1.6685E+01  6.3478E+01  5.9957E+01  7.7285E+00  6.1902E+01  1.6516E+02  1.5186E+01  4.2885E+01  4.1241E+04  4.5267E-09  1.7625E-08  2.9394E-08  7.5312E-10  3.2168E-09  3.2324E-09  2.4171E-11  2.8190E-10  7.9086E-10  4.5446E-12  1.8340E-11  1.8940E-08  7.2528E+00  1.6688E+01  7.7327E+00  1.5188E+01  4.5274E-09  7.5325E-10  2.4185E-11  4.5454E-12  7.8323E-10  7.8312E-11  7.8312E-12  7.8312E-13
V51    23   51  3.2481E+00  9.8755E+00  1.0590E+01  2.8550E+01  3.5828E+01  8.8094E+01  2.2921E+02  2.6488E+02  7.7835E+02  2.3336E+03  1.7825E+03  7.0919E+03  8.2516E-07  2.4673E-06  2.6773E-06  5.2447E-07  7.3893E-07  1.9329E-06  2.9175E-07  4.9092E-07  1.5169E-06  2.8423E-07  3.1025E-07  1.3256E-06  3.2484E+00  2.8550E+01  2.2921E+02  2.3336E+03  8.2524E-07  5.2449E-07  2.9177E-07  2.8423E-07  3.1876E-07  3.1872E-08  3.1872E-09  3.1872E-10
Cr50   24   50  5.2095E+00  6.5318E+01  4.7470E+01  3.7255E+01  5.4926E+01  3.5147E+02  2.1611E+02  4.4434E+02  3.5561E+03  2.7256E+03  1.8303E+03  1.7194E+04  2.8985E-06  3.5741E-05  2.6284E-05  1.4989E-06  2.4810E-06  1.6890E-05  6.0245E-07  1.8037E-06  1.5178E-05  7.2708E-07  6.9770E-07  7.0385E-06  5.2126E+00  3.7256E+01  2.1612E+02  2.7256E+03  2.9003E-06  1.4990E-06  6.0252E-07  7.2708E-07  6.9813E-07  6.9804E-08  6.9804E-09  6.9804E-10
Cr52   24   52  3.9582E+00  8.8278E+00  7.9304E+00  6.6346E+01  9.4480E+01  7.6739E+01  8.4765E+02  1.0031E+03  9.1528E+02  1.0938E+04  1.1449E+04  9.2550E+03  4.4167E-05  9.6876E-05  8.8063E-05  5.3533E-05  8.5586E-05  7.3956E-05  4.7390E-05  8.1660E-05  7.8346E-05  5.8515E-05  8.7528E-05  7.5979E-05  3.9584E+00  6.6347E+01  8.4766E+02  1.0938E+04  4.4170E-05  5.3535E-05  4.7392E-05  5.8516E-05  1.4001E-05  1.3999E-06  1.3999E-07  1.3999E-08
Cr53   24   53  4.3190E+00  2.0109E+01  1.3833E+01  5.2828E+01  7.0325E+01  9.2706E+01  5.5007E+02  6.3821E+02  1.0200E+03  6.5180E+03  6.2978E+03  1.0193E+04  5.5701E-06  2.5505E-05  1.7753E-05  4.9267E-06  7.3630E-06  1.0326E-05  3.5545E-06  6.0049E-06  1.0091E-05  4.0303E-06  5.5647E-06  9.6716E-06  4.3198E+00  5.2829E+01  5.5008E+02  6.5180E+03  5.5712E-06  4.9268E-06  3.5546E-06  4.0303E-06  1.6182E-06  1.6180E-07  1.6180E-08  1.6180E-09
Cr54   24   54  1.6866E+00  2.4947E+00  2.7879E+00  1.9742E+00  3.1340E+00  7.7846E+00  1.9449E+00  3.4567E+00  2.2660E+01  1.6961E+00  3.3518E+00  3.9871E+01  5.5166E-07  8.0246E-07  9.0745E-07  4.6692E-08  8.3216E-08  2.1991E-07  3.1873E-09  8.2484E-09  5.6855E-08  2.6598E-10  7.5109E-10  9.5946E-09  1.6867E+00  1.9742E+00  1.9450E+00  1.6963E+00  5.5167E-07  4.6694E-08  3.1876E-09  2.6600E-10  4.1040E-07  4.1034E-08  4.1034E-09  4.1034E-10
Mn55   25   55  3.6454E+00  1.7997E+01  1.3290E+01  3.5209E+01  4.5272E+01  7.4201E+01  3.2695E+02  3.3990E+02  8.1050E+02  3.3389E+03  2.6667E+03  7.8815E+03  3.1662E-05  1.5373E-04  1.1487E-04  2.2112E-05  3.1920E-05  5.5659E-05  1.4227E-05  2.1537E-05  5.3999E-05  1.3903E-05  1.5868E-05  5.0362E-05  3.6462E+00  3.5210E+01  3.2695E+02  3.3389E+03  3.1669E-05  2.2113E-05  1.4228E-05  1.3903E-05  1.0898E-05  1.0896E-06  1.0896E-07  1.0896E-08
Fe54   26   54  4.2787E+00  5.0990E+01  3.2915E+01  3.2019E+01  4.4630E+01  1.2173E+02  2.0273E+02  2.2421E+02  1.2839E+03  1.9389E+03  1.3683E+03  1.2237E+04  2.5057E-04  2.9366E-03  1.9182E-03  1.3559E-04  2.1217E-04  6.1567E-04  5.9483E-05  9.5790E-05  5.7675E-04  5.4437E-05  5.4896E-05  5.2722E-04  4.2812E+00  3.2020E+01  2.0273E+02  1.9389E+03  2.5071E-04  1.3559E-04  5.9485E-05  5.4437E-05  7.3478E-05  7.3468E-06  7.3468E-07  7.3468E-08
Fe56   26   56  2.6663E+00  2.7727E+00  2.6585E+00  2.4587E+01  2.1928E+01  2.0973E+01  3.4237E+02  2.3540E+02  2.2834E+02  3.5692E+03  2.4979E+03  2.3351E+03  2.5419E-03  2.5996E-03  2.5222E-03  1.6949E-03  1.6971E-03  1.7268E-03  1.6353E-03  1.6372E-03  1.6699E-03  1.6313E-03  1.6315E-03  1.6378E-03  2.6663E+00  2.4587E+01  3.4236E+02  3.5691E+03  2.5419E-03  1.6949E-03  1.6353E-03  1.6313E-03  1.1962E-03  1.1960E-04  1.1960E-05  1.1960E-06
Fe57   26   57  3.4512E+00  7.1709E+00  3.5389E+00  2.1844E+01  1.1721E+01  1.9379E+01  2.6865E+02  1.1047E+02  1.8082E+02  2.1381E+03  8.9975E+02  1.9705E+03  7.7341E-05  1.5804E-04  7.8920E-05  3.5397E-05  2.1323E-05  3.7508E-05  3.0164E-05  1.8060E-05  3.1085E-05  2.2972E-05  1.3814E-05  3.2488E-05  3.4514E+00  2.1843E+01  2.6864E+02  2.1380E+03  7.7345E-05  3.5396E-05  3.0163E-05  2.2971E-05  2.8118E-05  2.8114E-06  2.8114E-07  2.8114E-08
Fe58   26   58  4.8299E+00  7.8669E+00  7.7633E+00  6.1407E+00  8.3773E+00  4.6485E+00  6.7458E+00  8.0005E+00  5.9199E+00  2.4791E+00  1.2112E+01  9.2060E+00  1.4657E-05  2.3478E-05  2.3444E-05  1.3475E-06  2.0638E-06  1.2184E-06  1.0257E-07  1.7713E-07  1.3781E-07  3.6069E-09  2.5181E-08  2.0554E-08  4.8301E+00  6.1409E+00  6.7459E+00  2.4798E+00  1.4657E-05  1.3476E-06  1.0257E-07  3.6081E-09  3.8076E-06  3.8072E-07  3.8072E-08  3.8072E-09
Co59   27   59  3.6823E+00  6.9902E+01  3.8576E+00  7.4654E+00  4.0536E+00  5.0434E+00  4.9860E+01  1.3737E+01  3.5965E+01  2.8900E+02  1.7852E+01  1.9975E+02  1.2456E-05  2.3255E-04  1.2986E-05  1.8262E-06  1.1132E-06  1.4735E-06  8.4510E-07  3.3901E-07  9.3330E-07  4.6872E-07  4.1374E-08  4.9714E-07  3.6857E+00  7.4652E+00  4.9858E+01  2.8898E+02  1.2468E-05  1.8261E-06  8.4507E-07  4.6870E-07  4.2445E-06  4.2440E-07  4.2440E-08  4.2440E-09
Ni58   28   58  3.4216E+00  2.0126E+02  6.3551E+00  1.2378E+01  9.4579E+00  2.5039E+01  9.4663E+01  5.6300E+01  2.2605E+02  6.4030E+02  4.0589E+02  2.8356E+03  1.3155E-04  7.6098E-03  2.4314E-04  3.4413E-05  2.9520E-05  8.3144E-05  1.8235E-05  1.5791E-05  6.6670E-05  1.1802E-05  1.0691E-05  8.0208E-05  3.4319E+00  1.2378E+01  9.4660E+01  6.4028E+02  1.3195E-04  3.4413E-05  1.8235E-05  1.1802E-05  4.8240E-05  4.8234E-06  4.8234E-07  4.8234E-08
Ni60   28   60  2.4912E+00  2.1362E+02  2.0120E+00  1.2283E+01  2.4943E+00  5.0234E+00  1.5875E+02  1.6755E+01  4.3772E+01  1.0257E+03  6.2331E+01  2.1528E+02  3.8166E-05  3.2186E-03  3.0676E-05  1.3607E-05  3.1022E-06  6.6467E-06  1.2186E-05  1.8727E-06  5.1442E-06  7.5340E-06  6.5422E-07  2.4265E-06  2.5022E+00  1.2282E+01  1.5874E+02  1.0257E+03  3.8335E-05  1.3606E-05  1.2185E-05  7.5337E-06  1.9223E-05  1.9220E-06  1.9220E-07  1.9220E-08
Ni61   28   61  5.1714E+00  5.2755E+01  6.9402E+00  1.4985E+01  7.3852E+00  6.2350E+00  1.2745E+02  1.2127E+01  3.8299E+01  6.7053E+02  3.2593E+01  2.9098E+02  3.5013E-06  3.5127E-05  4.6761E-06  7.3363E-07  4.0593E-07  3.6459E-07  4.3235E-07  5.9900E-08  1.9892E-07  2.1766E-07  1.5118E-08  1.4495E-07  5.1739E+00  1.4984E+01  1.2744E+02  6.7048E+02  3.5030E-06  7.3361E-07  4.3233E-07  2.1765E-07  8.4952E-07  8.4941E-08  8.4941E-09  8.4941E-10
Ni62   28   62  7.3071E+00  1.0240E+02  7.3459E+00  2.0805E+01  9.1280E+00  1.1491E+01  1.5898E+02  1.2140E+01  9.2639E+01  7.0188E+02  2.3069E+01  1.2436E+03  1.6033E-05  2.2096E-04  1.6040E-05  3.3009E-06  1.6259E-06  2.1776E-06  1.7478E-06  1.9432E-07  1.5593E-06  7.3834E-07  3.4678E-08  2.0076E-06  7.3121E+00  2.0804E+01  1.5897E+02  7.0183E+02  1.6044E-05  3.3008E-06  1.7477E-06  7.3830E-07  2.7531E-06  2.7527E-07  2.7527E-08  2.7527E-09
Ni64   28   64  4.6066E+00  1.3343E+01  1.5836E+01  6.2730E+00  2.2359E+01  1.4121E+01  1.4057E+00  2.2906E+01  1.1959E+01  9.8954E-01  1.7777E+01  1.9190E+01  2.6571E-06  7.5693E-06  9.0902E-06  2.6164E-07  1.0470E-06  7.0348E-07  4.0626E-09  9.6388E-08  5.2917E-08  2.7365E-10  7.0250E-09  8.1438E-09  4.6070E+00  6.2740E+00  1.4074E+00  9.9082E-01  2.6574E-06  2.6169E-07  4.0675E-09  2.7401E-10  7.2374E-07  7.2364E-08  7.2364E-09  7.2364E-10
Cu63   29   63  6.4470E+00  3.2201E+01  1.2706E+01  9.2724E+00  1.9416E+01  8.4603E+00  4.1001E+00  1.9686E+01  8.4415E+00  6.2336E+01  3.5475E+01  1.9288E+01  2.5529E-06  1.2540E-05  5.0070E-06  2.6551E-07  6.2417E-07  2.8935E-07  8.1348E-09  5.6872E-08  2.5643E-08  1.1835E-08  9.6243E-09  5.6194E-09  6.4483E+00  9.2730E+00  4.1013E+00  6.2334E+01  2.5535E-06  2.6553E-07  8.1374E-09  1.1835E-08  4.9686E-07  4.9680E-08  4.9680E-09  4.9680E-10
Cu65   29   65  6.7524E+00  2.7797E+01  3.3613E+01  1.5342E+01  4.8446E+01  2.6571E+01  5.1040E+00  4.1217E+01  2.3078E+01  1.5311E+01  3.0995E+01  4.2520E+01  1.2296E-06  4.9782E-06  6.0914E-06  2.0202E-07  7.1620E-07  4.1790E-07  4.6569E-09  5.4757E-08  3.2238E-08  1.3368E-09  3.8669E-09  5.6968E-09  6.7535E+00  1.5344E+01  5.1068E+00  1.5312E+01  1.2298E-06  2.0205E-07  4.6596E-09  1.3369E-09  2.2849E-07  2.2846E-08  2.2846E-09  2.2846E-10
Zn64   30   64  1.6172E+00  2.7329E+02  3.2803E+00  4.5434E+00  5.8243E+00  2.6617E+00  1.9106E+01  7.3998E+00  4.5930E+00  1.7058E+02  1.6609E+01  1.3687E+01  1.0722E-06  1.7819E-04  2.1643E-06  2.1782E-07  3.1349E-07  1.5241E-07  6.3466E-08  3.5792E-08  2.3360E-08  5.4220E-08  7.5441E-09  6.6762E-09  1.6314E+00  4.5434E+00  1.9105E+01  1.7056E+02  1.0816E-06  2.1782E-07  6.3464E-08  5.4217E-08  8.3188E-07  8.3177E-08  8.3177E-09  8.3177E-10
Zn66   30   66  4.1142E+00  2.2838E+01  1.7413E+01  1.0154E+01  3.0503E+01  1.5529E+01  1.3244E+01  2.7924E+01  1.6995E+01  5.3797E+01  1.6444E+01  7.5807E+01  1.6138E-06  8.8102E-06  6.7974E-06  2.8803E-07  9.7135E-07  5.2609E-07  2.6030E-08  7.9913E-08  5.1140E-08  1.0117E-08  4.4192E-09  2.1878E-08  4.1152E+00  1.0155E+01  1.3245E+01  5.3794E+01  1.6142E-06  2.8806E-07  2.6032E-08  1.0117E-08  4.9218E-07  4.9212E-08  4.9212E-09  4.9212E-10
Zn67   30   67  4.5721E+00  1.2031E+01  1.5989E+01  1.0486E+01  3.5566E+01  2.1721E+01  1.6012E+00  2.9033E+01  1.5629E+01  1.4535E+00  1.8733E+01  2.9422E+01  2.6755E-07  6.9236E-07  9.3112E-07  4.4370E-08  1.6896E-07  1.0978E-07  4.6947E-10  1.2394E-08  7.0156E-09  4.0779E-11  7.5102E-10  1.2667E-09  4.5725E+00  1.0487E+01  1.6033E+00  1.4548E+00  2.6757E-07  4.4377E-08  4.7010E-10  4.0817E-11  7.3424E-08  7.3414E-09  7.3414E-10  7.3414E-11
Zn68   30   68  4.2087E+00  2.6712E+01  2.2803E+01  8.3177E+00  4.7998E+01  3.4467E+01  1.2124E+00  3.9431E+01  2.5867E+01  1.0184E+00  1.8592E+01  3.8533E+01  1.1431E-06  7.1351E-06  6.1633E-06  1.6336E-07  1.0584E-06  8.0854E-07  1.6500E-09  7.8132E-08  5.3894E-08  1.3261E-10  3.4596E-09  7.7000E-09  4.2099E+00  8.3201E+00  1.2154E+00  1.0197E+00  1.1434E-06  1.6341E-07  1.6540E-09  1.3279E-10  3.4079E-07  3.4075E-08  3.4075E-09  3.4075E-10
Zn70   30   70  3.0694E+00  9.1733E+01  1.3835E+02  4.1827E+00  3.8567E+01  4.6422E+01  9.1951E-01  7.8362E+01  2.5233E+01  9.2336E-01  3.2672E+00  4.4483E+01  2.8377E-08  8.3404E-07  1.2728E-06  2.7963E-09  2.8947E-08  3.7069E-08  4.2594E-11  5.2855E-09  1.7896E-09  4.0929E-12  2.0695E-11  3.0258E-10  3.0741E+00  4.1847E+00  9.2550E-01  9.2354E-01  2.8420E-08  2.7977E-09  4.2873E-11  4.0938E-12  1.1600E-08  1.1599E-09  1.1599E-10  1.1599E-11
Ga69   31   69  6.4815E+00  2.8227E+01  3.9193E+01  1.5587E+01  9.3686E+01  5.9348E+01  1.4806E+00  7.6464E+01  4.3495E+01  1.1590E+00  3.0092E+01  6.8719E+01  1.7293E-07  7.4069E-07  1.0407E-06  3.0074E-08  2.0293E-07  1.3676E-07  1.9793E-10  1.4884E-08  8.9025E-09  1.4826E-11  5.5009E-10  1.3490E-09  6.4826E+00  1.5592E+01  1.4864E+00  1.1612E+00  1.7296E-07  3.0083E-08  1.9871E-10  1.4855E-11  3.3478E-08  3.3474E-09  3.3474E-10  3.3474E-11
Ga71   31   71  7.3907E+00  4.5094E+01  7.3172E+01  1.3302E+01  1.1429E+02  9.1144E+01  1.3625E+00  9.0167E+01  6.7835E+01  1.0825E+00  3.0236E+01  9.6739E+01  1.3466E-07  8.0804E-07  1.3268E-06  1.7527E-08  1.6906E-07  1.4343E-07  1.2438E-10  1.1986E-08  9.4815E-09  9.4561E-12  3.7745E-10  1.2968E-09  7.3927E+00  1.3308E+01  1.3693E+00  1.0847E+00  1.3470E-07  1.7535E-08  1.2501E-10  9.4757E-12  2.2862E-08  2.2859E-09  2.2859E-10  2.2859E-11
Ge70   32   70  6.0574E+00  3.3169E+01  3.6963E+01  2.0900E+01  1.0831E+02  6.7461E+01  1.7686E+00  1.0598E+02  5.1741E+01  1.2620E+00  4.1343E+01  9.5489E+01  2.3159E-07  1.2471E-06  1.4063E-06  5.7780E-08  3.3617E-07  2.2276E-07  3.3878E-10  2.9559E-08  1.5174E-08  2.3133E-11  1.0829E-09  2.6859E-09  6.0588E+00  2.0906E+01  1.7767E+00  1.2651E+00  2.3164E-07  5.7795E-08  3.4033E-10  2.3189E-11  4.7971E-08  4.7964E-09  4.7964E-10  4.7964E-11
Ge72   32   72  4.3341E+00  2.4017E+01  3.4471E+01  9.4997E+00  7.6139E+01  6.1722E+01  1.1109E+00  6.5872E+01  4.6943E+01  9.6470E-01  2.0840E+01  6.6444E+01  2.2523E-07  1.2274E-06  1.7826E-06  3.5698E-08  3.2122E-07  2.7703E-07  2.8925E-10  2.4973E-08  1.8713E-08  2.4035E-11  7.4197E-10  2.5404E-09  4.3351E+00  9.5036E+00  1.1159E+00  9.6621E-01  2.2528E-07  3.5713E-08  2.9056E-10  2.4074E-11  6.5204E-08  6.5196E-09  6.5196E-10  6.5196E-11
Ge73   32   73  4.4756E+00  1.3635E+01  2.3474E+01  9.6007E+00  6.7743E+01  6.3357E+01  1.1535E+00  6.2256E+01  4.6487E+01  9.9505E-01  2.1572E+01  6.7089E+01  6.6189E-08  1.9831E-07  3.4546E-07  1.0267E-08  8.1330E-08  8.0923E-08  8.5472E-11  6.7167E-09  5.2736E-09  7.0550E-12  2.1856E-10  7.2994E-10  4.4761E+00  9.6041E+00  1.1583E+00  9.9661E-01  6.6197E-08  1.0270E-08  8.5825E-11  7.0662E-12  1.8556E-08  1.8553E-09  1.8553E-10  1.8553E-11
Ge74   32   74  3.4073E+00  1.5217E+01  2.7767E+01  6.2255E+00  7.1684E+01  7.8161E+01  1.0640E+00  6.6648E+01  6.1819E+01  9.7335E-01  2.1124E+01  7.4267E+01  2.3974E-07  1.0529E-06  1.9442E-06  3.1675E-08  4.0946E-07  4.7497E-07  3.7510E-10  3.4211E-08  3.3367E-08  3.2834E-11  1.0183E-09  3.8445E-09  3.4079E+00  6.2294E+00  1.0691E+00  9.7488E-01  2.3978E-07  3.1695E-08  3.7690E-10  3.2887E-11  8.8283E-08  8.8272E-09  8.8272E-10  8.8272E-11
Ge76   32   76  1.6945E+00  2.0631E+01  3.5521E+01  1.9265E+00  1.6927E+01  3.1987E+01  9.0553E-01  2.1161E+01  2.4621E+01  9.2294E-01  1.1388E+00  2.6664E+01  2.5685E-08  3.0755E-07  5.3581E-07  2.1116E-09  2.0829E-08  4.1874E-08  6.8770E-11  2.3400E-09  2.8628E-09  6.7070E-12  1.1826E-11  2.9735E-10  1.6955E+00  1.9274E+00  9.0710E-01  9.2296E-01  2.5700E-08  2.1126E-09  6.8891E-11  6.7073E-12  1.9019E-08  1.9016E-09  1.9016E-10  1.9016E-11
As75   33   75  5.7095E+00  3.2619E+01  5.2554E+01  1.3353E+01  1.4301E+02  1.1562E+02  1.1565E+00  1.1406E+02  9.1530E+01  1.0366E+00  2.2428E+01  1.0593E+02  5.0127E-08  2.8164E-07  4.5916E-07  8.4775E-09  1.0193E-07  8.7672E-08  5.0877E-11  7.3061E-09  6.1647E-09  4.3634E-12  1.3491E-10  6.8426E-10  5.7109E+00  1.3360E+01  1.1653E+00  1.0382E+00  5.0139E-08  8.4824E-09  5.1263E-11  4.3703E-12  1.1016E-08  1.1015E-09  1.1015E-10  1.1015E-11
Se74   34   74  1.1745E+01  1.0757E+02  1.3194E+02  7.3420E+01  4.7943E+02  3.7317E+02  3.6422E+00  5.6690E+02  3.3297E+02  2.6480E+00  1.0559E+02  4.9646E+02  9.9284E-09  8.9429E-08  1.1099E-07  4.4883E-09  3.2904E-08  2.7247E-08  1.5427E-11  3.4963E-09  2.1594E-09  1.0733E-12  6.1155E-11  3.0879E-10  1.1750E+01  7.3445E+01  3.6858E+00  2.6558E+00  9.9327E-09  4.4898E-09  1.5612E-11  1.0765E-12  1.0607E-09  1.0606E-10  1.0606E-11  1.0606E-12
Se76   34   76  5.8430E+00  4.0292E+01  6.3250E+01  2.1547E+01  1.9431E+02  1.9718E+02  1.4461E+00  1.9829E+02  1.6424E+02  1.2340E+00  4.3463E+01  1.9934E+02  5.3408E-08  3.6220E-07  5.7534E-07  1.4243E-08  1.4420E-07  1.5567E-07  6.6230E-11  1.3224E-08  1.1517E-08  5.4080E-12  2.7220E-10  1.3406E-09  5.8448E+00  2.1557E+01  1.4613E+00  1.2372E+00  5.3425E-08  1.4250E-08  6.6930E-11  5.4221E-12  1.1469E-08  1.1468E-09  1.1468E-10  1.1468E-11
Se77   34   77  4.3097E+00  3.5274E+01  6.6423E+01  8.7677E+00  9.4272E+01  1.2356E+02  1.0464E+00  8.3239E+01  9.0982E+01  9.7422E-01  1.8073E+01  1.2017E+02  3.2501E-08  2.6161E-07  4.9848E-07  4.7812E-09  5.7715E-08  8.0477E-08  3.9539E-11  4.5795E-09  5.2633E-09  3.5223E-12  9.3375E-11  6.6674E-10  4.3114E+00  8.7728E+00  1.0528E+00  9.7552E-01  3.2513E-08  4.7840E-09  3.9780E-11  3.5271E-12  9.4622E-09  9.4610E-10  9.4610E-11  9.4610E-12
Se78   34   78  3.5103E+00  1.9087E+01  3.7197E+01  6.3175E+00  1.0270E+02  1.3889E+02  1.1511E+00  1.1371E+02  1.1564E+02  1.0311E+00  3.2195E+01  1.3115E+02  8.3540E-08  4.4674E-07  8.8095E-07  1.0872E-08  1.9843E-07  2.8548E-07  1.3726E-10  1.9743E-08  2.1111E-08  1.1765E-11  5.2494E-10  2.2963E-09  3.5111E+00  6.3232E+00  1.1599E+00  1.0335E+00  8.3559E-08  1.0882E-08  1.3830E-10  1.1793E-11  2.9861E-08  2.9857E-09  2.9857E-10  2.9857E-11
Se80   34   80  1.9318E+00  6.2175E+00  1.3432E+01  2.5063E+00  3.4662E+01  5.0862E+01  8.9835E-01  4.0054E+01  3.6925E+01  9.0969E-01  1.5112E+01  3.8717E+01  9.8409E-08  3.1150E-07  6.8097E-07  9.2327E-09  1.4335E-07  2.2378E-07  2.2930E-10  1.4886E-08  1.4430E-08  2.2218E-11  5.2744E-10  1.4511E-09  1.9320E+00  2.5082E+00  9.0138E-01  9.1077E-01  9.8421E-08  9.2398E-09  2.3008E-10  2.2245E-11  6.3920E-08  6.3912E-09  6.3912E-10  6.3912E-11
Se82   34   82  1.6855E+00  1.0568E+01  2.8237E+01  1.6525E+00  1.8283E+01  5.4245E+01  9.3282E-01  1.3533E+01  3.3222E+01  9.4347E-01  9.0401E-01  3.8834E+01  1.5487E-08  9.5500E-08  2.5820E-07  1.0980E-09  1.3638E-08  4.3050E-08  4.2946E-11  9.0724E-10  2.3417E-09  4.1564E-12  5.6912E-12  2.6253E-10  1.6860E+00  1.6535E+00  9.3379E-01  9.4346E-01  1.5491E-08  1.0987E-09  4.2992E-11  4.1565E-12  1.1529E-08  1.1528E-09  1.1528E-10  1.1528E-11
Br79   35   79  3.1187E+00  1.1006E+01  2.1880E+01  6.1040E+00  7.2529E+01  9.0557E+01  9.9955E-01  8.3935E+01  7.2915E+01  9.1197E-01  2.1313E+01  8.2488E+01  2.5407E-08  8.8182E-08  1.7739E-07  3.5956E-09  4.7965E-08  6.3713E-08  4.0797E-11  4.9883E-09  4.5565E-09  3.5618E-12  1.1895E-10  4.9438E-10  3.1191E+00  6.1080E+00  1.0060E+00  9.1352E-01  2.5411E-08  3.5980E-09  4.1061E-11  3.5679E-12  1.0222E-08  1.0220E-09  1.0220E-10  1.0220E-11
Br81   35   81  2.5605E+00  1.0734E+01  2.3112E+01  4.6143E+00  7.2065E+01  9.0447E+01  1.0305E+00  7.2521E+01  7.4781E+01  1.0515E+00  1.8452E+01  7.1543E+01  2.0805E-08  8.5772E-08  1.8688E-07  2.7112E-09  4.7538E-08  6.3474E-08  4.1955E-11  4.2990E-09  4.6612E-09  4.0962E-12  1.0272E-10  4.2769E-10  2.5609E+00  4.6183E+00  1.0361E+00  1.0528E+00  2.0808E-08  2.7136E-09  4.2182E-11  4.1015E-12  1.0195E-08  1.0194E-09  1.0194E-10  1.0194E-11
Kr78   36   78  2.7313E+00  1.5462E+01  3.6751E+01  1.6608E+01  1.1959E+02  2.8616E+02  1.7620E+00  1.6513E+02  2.8054E+02  1.6420E+00  1.9935E+01  2.5718E+02  8.0463E-10  4.4796E-09  1.0774E-08  3.5380E-10  2.8601E-09  7.2809E-09  2.6008E-12  3.5490E-10  6.3398E-10  2.3192E-13  4.0236E-12  5.5743E-11  2.7320E+00  1.6614E+01  1.7747E+00  1.6434E+00  8.0483E-10  3.5393E-10  2.6196E-12  2.3212E-13  3.6964E-10  3.6959E-11  3.6959E-12  3.6959E-13
Kr80   36   80  3.3133E+00  2.5964E+01  6.2519E+01  1.7916E+01  2.1350E+02  4.0185E+02  1.9973E+00  2.5795E+02  3.5410E+02  1.8364E+00  2.8555E+01  3.4997E+02  6.4327E-09  4.9573E-08  1.2079E-07  2.5152E-09  3.3650E-08  6.7382E-08  1.9429E-11  3.6536E-09  5.2737E-09  1.7093E-12  3.7982E-11  4.9989E-10  3.3145E+00  1.7927E+01  2.0171E+00  1.8384E+00  6.4349E-09  2.5168E-09  1.9622E-11  1.7113E-12  2.4360E-09  2.4357E-10  2.4357E-11  2.4357E-12
Kr82   36   82  2.6156E+00  1.6899E+01  3.8396E+01  5.0840E+00  1.0808E+02  1.9125E+02  1.3142E+00  1.3743E+02  1.7901E+02  1.2310E+00  4.0196E+01  1.8661E+02  2.6080E-08  1.6571E-07  3.8099E-07  3.6658E-09  8.7496E-08  1.6471E-07  6.5659E-11  9.9978E-09  1.3693E-08  5.8849E-12  2.7461E-10  1.3690E-09  2.6163E+00  5.0901E+00  1.3247E+00  1.2339E+00  2.6087E-08  3.6703E-09  6.6188E-11  5.8992E-12  1.2511E-08  1.2510E-09  1.2510E-10  1.2510E-11
Kr83   36   83  2.0969E+00  1.0225E+01  2.4255E+01  3.1840E+00  5.7596E+01  9.3816E+01  1.0063E+00  6.0551E+01  8.3504E+01  9.4630E-01  1.5636E+01  8.3403E+01  2.0967E-08  1.0054E-07  2.4135E-07  2.3021E-09  4.6751E-08  8.1016E-08  5.0414E-11  4.4169E-09  6.4049E-09  4.5363E-12  1.0711E-10  6.1354E-10  2.0974E+00  3.1873E+00  1.0109E+00  9.4742E-01  2.0971E-08  2.3045E-09  5.0646E-11  4.5418E-12  1.2546E-08  1.2544E-09  1.2544E-10  1.2544E-11
Kr84   36   84  1.5321E+00  6.1517E+00  1.4433E+01  2.2571E+00  4.6023E+01  8.8194E+01  1.0225E+00  6.2865E+01  8.6494E+01  9.5886E-01  1.5883E+01  7.4362E+01  7.6408E-08  3.0171E-07  7.1630E-07  8.1396E-09  1.8633E-07  3.7987E-07  2.5548E-10  2.2872E-08  3.3090E-08  2.2926E-11  5.4269E-10  2.7284E-09  1.5324E+00  2.2597E+00  1.0273E+00  9.5999E-01  7.6420E-08  8.1491E-09  2.5669E-10  2.2954E-11  6.2574E-08  6.2566E-09  6.2566E-10  6.2566E-11
Kr86   36   86  2.0053E+00  1.2848E+01  3.9822E+01  2.1653E+00  5.9424E+01  1.9073E+02  9.7707E-01  9.4194E+01  1.8374E+02  9.6479E-01  6.5861E+01  1.3849E+02  3.0964E-08  1.9511E-07  6.1190E-07  2.4175E-09  7.4487E-08  2.5434E-07  7.5588E-11  1.0610E-08  2.1763E-08  7.1420E-12  6.9671E-10  1.5732E-09  2.0059E+00  2.1687E+00  9.8429E-01  9.6972E-01  3.0973E-08  2.4214E-09  7.6149E-11  7.1787E-12  1.9374E-08  1.9371E-09  1.9371E-10  1.9371E-11
Rb85   37   85  1.8724E+00  8.8643E+00  2.2632E+01  3.1445E+00  6.9496E+01  1.3043E+02  1.0583E+00  1.0231E+02  1.2687E+02  9.9754E-01  2.6816E+01  1.0606E+02  2.1905E-08  1.0199E-07  2.6348E-07  2.6601E-09  6.6003E-08  1.3179E-07  6.2036E-11  8.7321E-09  1.1385E-08  5.5951E-12  2.1493E-10  9.1291E-10  1.8728E+00  3.1485E+00  1.0662E+00  9.9950E-01  2.1910E-08  2.6635E-09  6.2497E-11  5.6062E-12  1.4679E-08  1.4677E-09  1.4677E-10  1.4677E-11
Rb87   37   87  2.7348E+00  2.2187E+01  6.6389E+01  4.8319E+00  1.2431E+02  2.9456E+02  1.0198E+00  1.6131E+02  3.5512E+02  9.9157E-01  8.7375E+01  2.2067E+02  1.3477E-08  1.0753E-07  3.2558E-07  1.7219E-09  4.9731E-08  1.2537E-07  2.5182E-11  5.7994E-09  1.3425E-08  2.3428E-12  2.9501E-10  8.0007E-10  2.7358E+00  4.8391E+00  1.0323E+00  9.9814E-01  1.3482E-08  1.7244E-09  2.5489E-11  2.3584E-12  6.1834E-09  6.1826E-10  6.1826E-11  6.1826E-12
Sr84   38   84  3.7218E+00  2.7057E+01  8.1668E+01  2.2272E+01  3.5070E+02  5.7784E+03  2.6956E+00  7.3518E+02  5.2712E+03  3.1598E+00  2.2039E+01  3.5929E+03  7.5872E-10  5.4246E-09  1.6568E-08  3.2833E-10  5.8042E-09  1.0174E-07  2.7534E-12  1.0934E-09  8.2434E-09  3.0884E-13  3.0782E-12  5.3889E-10  3.7230E+00  2.2292E+01  2.7524E+00  3.1612E+00  7.5897E-10  3.2862E-10  2.8114E-12  3.0898E-13  2.5579E-10  2.5576E-11  2.5576E-12  2.5576E-13
Sr86   38   86  2.4613E+00  1.9484E+01  5.2439E+01  6.6099E+00  2.2763E+02  7.7646E+02  2.1714E+00  3.5187E+02  8.1079E+02  1.8393E+00  4.1702E+01  6.4169E+02  9.0848E-09  7.0727E-08  1.9261E-07  1.7642E-09  6.8209E-08  2.4752E-07  4.0156E-11  9.4751E-09  2.2957E-08  3.2547E-12  1.0545E-10  1.7426E-09  2.4622E+00  6.6231E+00  2.1985E+00  1.8423E+00  9.0881E-09  1.7677E-09  4.0658E-11  3.2602E-12  4.6312E-09  4.6306E-10  4.6306E-11  4.6306E-12
Sr87   38   87  1.9132E+00  1.4362E+01  3.8640E+01  4.4255E+00  1.8160E+02  5.0100E+02  1.7710E+00  2.8392E+02  5.5765E+02  1.3124E+00  2.7342E+01  4.2673E+02  4.9925E-09  3.6856E-08  1.0034E-07  8.3504E-10  3.8470E-08  1.1291E-07  2.3154E-11  5.4050E-09  1.1163E-08  1.6419E-12  4.8881E-11  8.1925E-10  1.9139E+00  4.4360E+00  1.7928E+00  1.3144E+00  4.9942E-09  8.3705E-10  2.3440E-11  1.6444E-12  3.2742E-09  3.2737E-10  3.2737E-11  3.2737E-12
Sr88   38   88  1.5971E+00  1.0162E+01  3.3627E+01  2.8218E+00  1.1648E+02  7.9697E+02  1.1981E+00  2.7458E+02  1.1969E+03  1.0023E+00  2.9621E+01  7.4003E+02  5.0540E-08  3.1625E-07  1.0590E-06  6.4571E-09  2.9924E-07  2.1782E-06  1.8996E-10  6.3390E-08  2.9055E-07  1.5207E-11  6.4221E-10  1.7230E-08  1.5975E+00  2.8286E+00  1.2192E+00  1.0045E+00  5.0554E-08  6.4727E-09  1.9332E-10  1.5240E-11  3.9706E-08  3.9701E-09  3.9701E-10  3.9701E-11
Y89    39   89  1.4402E+00  7.1473E+00  2.5554E+01  2.4990E+00  8.4516E+01  9.2064E+02  1.1557E+00  2.5364E+02  1.4282E+03  1.0284E+00  2.5143E+01  9.0757E+02  1.2197E-08  5.9527E-08  2.1536E-07  1.5304E-09  5.8108E-08  6.7340E-07  4.9040E-11  1.5671E-08  9.2785E-08  4.1758E-12  1.4589E-10  5.6550E-09  1.4405E+00  2.5039E+00  1.1753E+00  1.0303E+00  1.2199E-08  1.5334E-09  4.9871E-11  4.1833E-12  1.0626E-08  1.0625E-09  1.0625E-10  1.0625E-11
Zr90   40   90  1.2275E+00  4.5109E+00  1.8438E+01  1.7810E+00  4.1631E+01  2.2752E+03  1.0843E+00  1.7242E+02  2.2321E+03  1.0717E+00  1.4809E+01  1.7691E+03  1.2679E-08  4.5822E-08  1.8952E-07  1.3302E-09  3.4907E-08  2.0297E-06  5.6111E-11  1.2992E-08  1.7685E-07  5.3069E-12  1.0480E-10  1.3444E-08  1.2277E+00  1.7834E+00  1.0975E+00  1.0727E+00  1.2680E-08  1.3320E-09  5.6799E-11  5.3121E-12  1.2960E-08  1.2958E-09  1.2958E-10  1.2958E-11
Zr91   40   91  1.3236E+00  4.7306E+00  1.8910E+01  1.7727E+00  4.5185E+01  1.2281E+03  1.0292E+00  1.7325E+02  1.6929E+03  9.8815E-01  1.6680E+01  1.4163E+03  3.0146E-09  1.0596E-08  4.2859E-08  2.9194E-10  8.3545E-09  2.4157E-07  1.1745E-11  2.8786E-09  2.9577E-08  1.0790E-12  2.6028E-11  2.3731E-09  1.3238E+00  1.7752E+00  1.0426E+00  9.8934E-01  3.0150E-09  2.9237E-10  1.1897E-11  1.0803E-12  2.8577E-09  2.8573E-10  2.8573E-11  2.8573E-12
Zr92   40   92  1.2138E+00  3.1825E+00  1.2340E+01  1.4503E+00  3.1071E+01  1.1098E+03  1.0303E+00  1.6065E+02  1.8712E+03  9.8587E-01  1.6920E+01  1.2179E+03  4.2720E-09  1.1015E-08  4.3219E-08  3.6909E-10  8.8774E-09  3.3735E-07  1.8168E-11  4.1248E-09  5.0519E-08  1.6635E-12  4.0799E-11  3.1535E-09  1.2139E+00  1.4520E+00  1.0427E+00  9.8708E-01  4.2724E-09  3.6954E-10  1.8387E-11  1.6656E-12  4.4160E-09  4.4154E-10  4.4154E-11  4.4154E-12
Zr94   40   94  1.1030E+00  2.2200E+00  7.4733E+00  1.2194E+00  1.5975E+01  1.1255E+03  9.7615E-01  1.0637E+02  1.8517E+03  9.3594E-01  1.3389E+01  1.2066E+03  4.0196E-09  7.9564E-09  2.7102E-08  3.2133E-10  4.7261E-09  3.5423E-07  1.7823E-11  2.8279E-09  5.1764E-08  1.6352E-12  3.3429E-11  3.2351E-09  1.1031E+00  1.2203E+00  9.8431E-01  9.3688E-01  4.0198E-09  3.2156E-10  1.7973E-11  1.6369E-12  4.5725E-09  4.5719E-10  4.5719E-11  4.5719E-12
Zr96   40   96  3.2544E-01  4.0017E+00  1.9540E+01  4.3457E-01  1.3843E+01  3.4499E+03  3.9391E-02  1.4235E+02  4.2007E+03  1.8868E-02  6.7031E+01  5.7127E+03  1.9513E-10  2.3597E-09  1.1659E-08  1.8842E-11  6.7382E-10  1.7866E-07  1.1834E-13  6.2267E-10  1.9321E-08  5.4240E-15  2.7536E-11  2.5201E-09  3.2563E-01  4.3537E-01  5.0413E-02  2.3962E-02  1.9525E-10  1.8877E-11  1.5145E-13  6.8884E-15  7.5233E-10  7.5223E-11  7.5223E-12  7.5223E-13
Nb93   41   93  1.1415E+00  2.2251E+00  7.8138E+00  1.2730E+00  1.8638E+01  7.5658E+02  9.4999E-01  9.7915E+01  1.3125E+03  9.0287E-01  1.1503E+01  8.3406E+02  1.7964E-09  3.4436E-09  1.2237E-08  1.4486E-10  2.3811E-09  1.0283E-07  7.4905E-12  1.1241E-09  1.5845E-08  6.8120E-13  1.2402E-11  9.6568E-10  1.1416E+00  1.2741E+00  9.5750E-01  9.0368E-01  1.7964E-09  1.4498E-10  7.5499E-12  6.8182E-13  1.9745E-09  1.9743E-10  1.9743E-11  1.9743E-12
Mo92   42   92  1.0601E+00  1.4541E+00  2.6940E+00  1.2046E+00  6.9215E+00  2.0748E+03  1.0349E+00  3.2401E+01  3.4229E+03  1.0494E+00  1.2913E+00  5.3641E+03  6.3049E-10  8.5049E-10  1.5945E-09  5.1806E-11  3.3419E-10  1.0658E-07  3.0839E-12  1.4059E-10  1.5617E-08  2.9922E-13  5.2617E-13  2.3472E-09  1.0601E+00  1.2049E+00  1.0373E+00  1.0494E+00  6.3050E-10  5.1821E-11  3.0912E-12  2.9923E-13  7.4625E-10  7.4615E-11  7.4615E-12  7.4615E-13
Mo94   42   94  1.1889E+00  1.5014E+00  2.9118E+00  1.3445E+00  4.7433E+00  2.1734E+03  1.2937E+00  3.4517E+01  3.7409E+03  1.4684E+00  1.2553E+00  4.6771E+03  4.5518E-10  5.6531E-10  1.1094E-09  3.7222E-11  1.4743E-10  7.1864E-08  2.4815E-12  9.6409E-11  1.0987E-08  2.6952E-13  3.2927E-13  1.3174E-09  1.1890E+00  1.3447E+00  1.2962E+00  1.4684E+00  4.5519E-10  3.7228E-11  2.4865E-12  2.6953E-13  4.8037E-10  4.8031E-11  4.8031E-12  4.8031E-13
Mo95   42   95  1.1289E+00  2.3394E+00  8.8979E+00  1.2950E+00  1.2955E+01  9.1661E+02  9.7392E-01  9.4683E+01  1.8073E+03  9.7974E-01  1.7535E+01  1.2172E+03  7.5595E-10  1.5407E-09  5.9297E-09  6.2710E-11  7.0430E-10  5.3014E-08  3.2677E-12  4.6257E-10  9.2840E-09  3.1455E-13  8.0450E-12  5.9969E-10  1.1289E+00  1.2957E+00  9.8118E-01  9.8099E-01  7.5599E-10  6.2744E-11  3.2922E-12  3.1496E-13  8.4024E-10  8.4013E-11  8.4013E-12  8.4013E-13
Mo96   42   96  1.8819E+00  2.2318E+00  4.0613E+00  1.9090E+00  1.1157E+01  1.4620E+03  1.7917E+00  6.6781E+01  1.9135E+03  1.8551E+00  5.9297E+00  1.8288E+03  1.3405E-09  1.5635E-09  2.8790E-09  9.8332E-11  6.4520E-10  8.9945E-08  6.3948E-12  3.4705E-10  1.0456E-08  6.3357E-13  2.8939E-12  9.5845E-10  1.8819E+00  1.9095E+00  1.7968E+00  1.8554E+00  1.3405E-09  9.8361E-11  6.4129E-12  6.3369E-13  8.9379E-10  8.9368E-11  8.9368E-12  8.9368E-13
Mo97   42   97  1.0497E+00  1.2913E+00  2.8085E+00  1.0423E+00  6.4142E+00  7.3883E+02  9.8085E-01  3.8056E+01  8.7217E+02  1.0010E+00  6.2526E+00  7.6885E+02  4.3502E-10  5.2628E-10  1.1582E-09  3.1233E-11  2.1579E-10  2.6444E-08  2.0366E-12  1.1505E-10  2.7726E-09  1.9888E-13  1.7752E-12  2.3441E-10  1.0497E+00  1.0426E+00  9.8372E-01  1.0014E+00  4.3502E-10  3.1243E-11  2.0426E-12  1.9897E-13  5.1997E-10  5.1990E-11  5.1990E-12  5.1990E-13
Mo98   42   98  1.0561E+00  1.3289E+00  2.9500E+00  1.0806E+00  7.2761E+00  8.8218E+02  1.0127E+00  5.2405E+01  1.2530E+03  1.0206E+00  7.5871E+00  8.3726E+02  1.1236E-09  1.3904E-09  3.1232E-09  8.3132E-11  6.2842E-10  8.1059E-08  5.3982E-12  4.0674E-10  1.0226E-08  5.2058E-13  5.5301E-12  6.5534E-10  1.0561E+00  1.0810E+00  1.0167E+00  1.0211E+00  1.1236E-09  8.3162E-11  5.4196E-12  5.2085E-13  1.3349E-09  1.3347E-10  1.3347E-11  1.3347E-12
Xe32   54  132  1.0035E+00  1.1334E+00  2.0947E+00  1.0212E+00  4.6143E+00  5.7552E+02  9.5511E-01  3.5166E+01  9.3431E+02  9.4978E-01  4.4132E+00  6.2334E+02  3.5810E-09  3.9775E-09  7.4384E-09  2.6349E-10  1.3367E-09  1.7737E-07  1.7076E-11  9.1549E-10  2.5576E-08  1.6249E-12  1.0789E-11  1.6365E-09  1.0035E+00  1.0214E+00  9.5776E-01  9.5004E-01  3.5811E-09  2.6355E-10  1.7124E-11  1.6254E-12  4.4774E-09  4.4768E-10  4.4768E-11  4.4768E-12
Xe34   54  134  9.7631E-01  1.2523E+00  2.4788E+00  9.8653E-01  2.3137E+00  4.9977E+02  9.1340E-01  1.9281E+01  1.3233E+03  9.3228E-01  1.1306E+01  9.5777E+02  1.3059E-09  1.6474E-09  3.2995E-09  9.5420E-11  2.5124E-10  5.7736E-08  6.1215E-12  1.8815E-10  1.3578E-08  5.9786E-13  1.0361E-11  9.4254E-10  9.7633E-01  9.8661E-01  9.1483E-01  9.3307E-01  1.3059E-09  9.5429E-11  6.1312E-12  5.9838E-13  1.6783E-09  1.6781E-10  1.6781E-11  1.6781E-12
Cs33   55  133  9.6491E-01  1.0753E+00  2.0221E+00  9.7933E-01  3.2256E+00  4.7932E+02  8.9037E-01  2.3143E+01  8.4518E+02  8.7875E-01  5.3153E+00  6.6116E+02  9.0521E-10  9.9207E-10  1.8878E-09  6.6438E-11  2.4567E-10  3.8838E-08  4.1852E-12  1.5840E-10  6.0826E-09  3.9526E-13  3.4164E-12  4.5636E-10  9.6492E-01  9.7947E-01  8.9209E-01  8.7909E-01  9.0522E-10  6.6448E-11  4.1934E-12  3.9542E-13  1.1771E-09  1.1770E-10  1.1770E-11  1.1770E-12
Ba34   56  134  1.3275E+00  1.8773E+00  4.0327E+00  1.5245E+00  1.1761E+01  3.2039E+03  1.5809E+00  9.6614E+01  4.3896E+03  1.5887E+00  6.2089E+00  4.4619E+03  3.8182E-10  5.3101E-10  1.1542E-09  3.1706E-11  2.7462E-10  7.9586E-08  2.2782E-12  2.0272E-10  9.6849E-09  2.1907E-13  1.2235E-12  9.4416E-10  1.3276E+00  1.5251E+00  1.5883E+00  1.5891E+00  3.8183E-10  3.1719E-11  2.2889E-12  2.1912E-13  3.6088E-10  3.6083E-11  3.6083E-12  3.6083E-13
Ba35   56  135  9.6292E-01  1.1855E+00  2.0761E+00  9.7032E-01  3.3703E+00  9.5639E+02  8.8983E-01  2.9048E+01  7.6319E+02  8.8032E-01  4.3074E+00  1.3746E+03  7.6097E-10  9.2136E-10  1.6327E-09  5.5450E-11  2.1623E-10  6.5278E-08  3.5234E-12  1.6748E-10  4.6267E-09  3.3354E-13  2.3322E-12  7.9922E-10  9.6293E-01  9.7046E-01  8.9201E-01  8.8058E-01  7.6098E-10  5.5459E-11  3.5321E-12  3.3365E-13  9.9158E-10  9.9146E-11  9.9146E-12  9.9146E-13
Ba36   56  136  1.1807E+00  1.6108E+00  3.6740E+00  1.3145E+00  9.6532E+00  2.4053E+03  1.3138E+00  9.2788E+01  3.3184E+03  1.2237E+00  6.7099E+00  2.8742E+03  1.1200E-09  1.5027E-09  3.4682E-09  9.0164E-11  7.4334E-10  1.9705E-07  6.2437E-12  6.4209E-10  2.4145E-08  5.5650E-13  4.3605E-12  2.0058E-09  1.1807E+00  1.3150E+00  1.3208E+00  1.2241E+00  1.1200E-09  9.0199E-11  6.2775E-12  5.5670E-13  1.1902E-09  1.1900E-10  1.1900E-11  1.1900E-12
Ba37   56  137  1.0523E+00  1.3722E+00  3.1567E+00  1.1025E+00  5.3345E+00  1.2650E+03  1.0402E+00  5.5219E+01  2.3869E+03  9.6557E-01  1.2477E+01  1.4186E+03  1.4380E-09  1.8441E-09  4.2928E-09  1.0894E-10  5.9176E-10  1.4929E-07  7.1218E-12  5.5047E-10  2.5020E-08  6.3257E-13  1.1681E-11  1.4262E-09  1.0523E+00  1.1027E+00  1.0444E+00  9.6644E-01  1.4380E-09  1.0896E-10  7.1507E-12  6.3315E-13  1.7146E-09  1.7143E-10  1.7143E-11  1.7143E-12
Ba38   56  138  1.0878E+00  1.3065E+00  2.1852E+00  1.1516E+00  3.5782E+00  2.5074E+03  1.0394E+00  3.5709E+01  3.6194E+03  9.7683E-01  3.7254E+00  3.5716E+03  9.5585E-09  1.1290E-08  1.9107E-08  7.3166E-10  2.5523E-09  1.9027E-06  4.5759E-11  2.2890E-09  2.4395E-07  4.1149E-12  2.2426E-11  2.3088E-08  1.0878E+00  1.1517E+00  1.0421E+00  9.7704E-01  9.5586E-09  7.3176E-10  4.5878E-11  4.1158E-12  1.1025E-08  1.1023E-09  1.1023E-10  1.1023E-11
La38   57  138  9.8144E-01  9.9631E-01  1.0601E+00  9.9917E-01  1.2846E+00  4.2791E+02  9.4853E-01  3.7922E+00  6.4684E+02  9.3622E-01  1.0084E+00  1.0575E+03  9.1039E-13  9.0889E-13  9.7857E-13  6.7018E-14  9.6737E-14  3.4281E-11  4.4083E-15  2.5662E-14  4.6026E-12  4.1635E-16  6.4083E-16  7.2171E-13  9.8144E-01  9.9918E-01  9.4875E-01  9.3622E-01  9.1039E-13  6.7020E-14  4.4094E-15  4.1636E-16  1.1639E-12  1.1637E-13  1.1637E-14  1.1637E-15
La39   57  139  1.0898E+00  1.2413E+00  1.9124E+00  1.1502E+00  2.7988E+00  2.5615E+03  1.0175E+00  2.6245E+01  3.7716E+03  9.7400E-01  3.2008E+00  3.7455E+03  1.1179E-09  1.2523E-09  1.9523E-09  8.5315E-11  2.3307E-10  2.2693E-07  5.2293E-12  1.9641E-10  2.9678E-08  4.7901E-13  2.2494E-12  2.8267E-09  1.0898E+00  1.1503E+00  1.0194E+00  9.7417E-01  1.1179E-09  8.5323E-11  5.2394E-12  4.7910E-13  1.2871E-09  1.2869E-10  1.2869E-11  1.2869E-12
Ce40   58  140  1.0322E+00  1.1135E+00  1.4092E+00  1.0644E+00  1.8204E+00  1.9652E+03  9.8652E-01  1.2364E+01  3.2876E+03  9.6853E-01  2.2970E+00  3.0859E+03  2.8511E-09  3.0249E-09  3.8736E-09  2.1259E-10  4.0822E-10  4.6882E-07  1.3653E-11  2.4915E-10  6.9663E-08  1.2826E-12  4.3470E-12  6.2714E-09  1.0322E+00  1.0644E+00  9.8740E-01  9.6863E-01  2.8511E-09  2.1260E-10  1.3666E-11  1.2828E-12  3.4658E-09  3.4654E-10  3.4654E-11  3.4654E-12
Pr41   59  141  1.0126E+00  1.2254E+00  1.5512E+00  1.0260E+00  1.5362E+00  1.9404E+03  9.3624E-01  1.2597E+01  7.0435E+03  9.2310E-01  7.5355E+00  3.7018E+03  4.3962E-10  5.2320E-10  6.7019E-10  3.2210E-11  5.4144E-11  7.2761E-08  2.0366E-12  3.9901E-11  2.3458E-08  1.9214E-13  2.2414E-12  1.1824E-09  1.0126E+00  1.0260E+00  9.3715E-01  9.2360E-01  4.3962E-10  3.2211E-11  2.0386E-12  1.9225E-13  5.4475E-10  5.4468E-11  5.4468E-12  5.4468E-13
Nd42   60  142  1.1260E+00  1.2758E+00  1.5436E+00  1.2169E+00  2.2897E+00  2.9127E+03  1.1255E+00  9.7664E+00  5.2125E+03  1.1170E+00  1.8265E+00  5.5879E+03  6.6729E-10  7.4360E-10  9.1035E-10  5.2148E-11  1.1016E-10  1.4909E-07  3.3418E-12  4.2225E-11  2.3697E-08  3.1738E-13  7.4162E-13  2.4364E-09  1.1260E+00  1.2169E+00  1.1261E+00  1.1171E+00  6.6729E-10  5.2151E-11  3.3439E-12  3.1740E-13  7.4360E-10  7.4350E-11  7.4350E-12  7.4350E-13
Nd43   60  143  9.4499E-01  8.8652E-01  9.4813E-01  9.1395E-01  1.0109E+00  6.1971E+02  8.6668E-01  2.8727E+00  1.0321E+03  8.5117E-01  1.0084E+00  8.0090E+02  2.5073E-10  2.3132E-10  2.5034E-10  1.7535E-11  2.1775E-11  1.4201E-08  1.1522E-12  5.5606E-12  2.1006E-09  1.0827E-13  1.8331E-13  1.5634E-10  9.4499E-01  9.1395E-01  8.6683E-01  8.5118E-01  2.5073E-10  1.7535E-11  1.1524E-12  1.0828E-13  3.3291E-10  3.3287E-11  3.3287E-12  3.3287E-13
Nd44   60  144  9.8644E-01  9.4609E-01  1.0325E+00  9.7863E-01  1.1720E+00  9.6505E+02  9.5104E-01  3.9158E+00  1.7001E+03  9.4996E-01  1.1323E+00  1.3049E+03  5.2016E-10  4.9063E-10  5.4181E-10  3.7316E-11  5.0174E-11  4.3951E-08  2.5127E-12  1.5064E-11  6.8771E-09  2.4016E-13  4.0907E-13  5.0626E-10  9.8643E-01  9.7864E-01  9.5127E-01  9.4997E-01  5.2016E-10  3.7317E-11  2.5134E-12  2.4017E-13  6.6164E-10  6.6155E-11  6.6155E-12  6.6155E-13
Hg02   80  202  1.0326E+00  1.0582E+00  1.1966E+00  1.0479E+00  1.4997E+00  1.7742E+03  1.0157E+00  5.8893E+00  3.2443E+03  1.0119E+00  1.3770E+00  2.6627E+03  5.4053E-10  5.4473E-10  6.2333E-10  3.9663E-11  6.3727E-11  8.0209E-08  2.6638E-12  2.2490E-11  1.3027E-08  2.5393E-13  4.9382E-13  1.0254E-09  1.0326E+00  1.0479E+00  1.0161E+00  1.0119E+00  5.4053E-10  3.9665E-11  2.6648E-12  2.5395E-13  6.5678E-10  6.5669E-11  6.5669E-12  6.5669E-13
Hg04   80  204  9.3845E-01  1.1142E+00  1.1842E+00  9.1469E-01  9.5272E-01  1.6303E+03  8.8521E-01  1.8290E+00  6.0624E+02  9.0020E-01  1.2021E+00  6.1229E+03  1.1413E-10  1.3326E-10  1.4333E-10  8.0442E-12  9.4065E-12  1.7125E-08  5.3941E-13  1.6228E-12  5.6559E-10  5.2490E-14  1.0016E-13  5.4788E-10  9.3846E-01  9.1469E-01  8.8528E-01  9.0022E-01  1.1413E-10  8.0443E-12  5.3947E-13  5.2492E-14  1.5260E-10  1.5258E-11  1.5258E-12  1.5258E-13
Tl03   81  203  1.0409E+00  1.0486E+00  1.1803E+00  1.0595E+00  1.4573E+00  1.6628E+03  1.0080E+00  5.2975E+00  2.8613E+03  9.8731E-01  1.3349E+00  2.7420E+03  2.9075E-10  2.8806E-10  3.2807E-10  2.1400E-11  3.3044E-11  4.0112E-08  1.4107E-12  1.0795E-11  6.1308E-09  1.3221E-13  2.5545E-13  5.6348E-10  1.0409E+00  1.0595E+00  1.0083E+00  9.8734E-01  2.9075E-10  2.1400E-11  1.4112E-12  1.3222E-13  3.5047E-10  3.5042E-11  3.5042E-12  3.5042E-13
Tl05   81  205  9.9400E-01  9.8870E-01  1.0652E+00  1.0044E+00  1.2094E+00  1.1510E+03  9.7583E-01  3.0795E+00  2.5069E+03  9.4524E-01  1.1333E+00  1.9779E+03  6.6928E-10  6.5470E-10  7.1374E-10  4.8901E-11  6.6110E-11  6.6933E-08  3.2921E-12  1.5127E-11  1.2949E-08  3.0514E-13  5.2281E-13  9.7983E-10  9.9400E-01  1.0044E+00  9.7599E-01  9.4526E-01  6.6928E-10  4.8902E-11  3.2927E-12  3.0515E-13  8.4484E-10  8.4473E-11  8.4473E-12  8.4473E-13
Pb04   82  204  1.2320E+00  1.4041E+00  1.7326E+00  1.3884E+00  2.7973E+00  4.6142E+03  1.3357E+00  1.0915E+01  9.2580E+03  1.2410E+00  2.0824E+00  7.0739E+03  1.6560E-10  1.8560E-10  2.3175E-10  1.3495E-11  3.0524E-11  5.3566E-08  8.9956E-13  1.0703E-11  9.5459E-09  7.9971E-14  1.9177E-13  6.9955E-10  1.2320E+00  1.3885E+00  1.3365E+00  1.2410E+00  1.6560E-10  1.3496E-11  9.0008E-13  7.9977E-14  1.6865E-10  1.6863E-11  1.6863E-12  1.6863E-13
Pb06   82  206  1.0536E+00  1.1295E+00  1.2602E+00  1.0879E+00  1.6023E+00  2.1696E+03  1.0319E+00  4.1442E+00  5.7242E+03  9.8590E-01  1.4447E+00  3.7580E+03  1.3306E-09  1.4029E-09  1.5838E-09  9.9353E-11  1.6428E-10  2.3666E-07  6.5301E-12  3.8185E-11  5.5459E-08  5.9698E-13  1.2501E-12  3.4920E-09  1.0536E+00  1.0879E+00  1.0322E+00  9.8593E-01  1.3306E-09  9.9356E-11  6.5317E-12  5.9701E-13  1.5847E-09  1.5845E-10  1.5845E-11  1.5845E-12
Pb07   82  207  1.0393E+00  1.0746E+00  1.1643E+00  1.0535E+00  1.3695E+00  1.6778E+03  9.9053E-01  2.5522E+00  6.0826E+03  9.5850E-01  1.3037E+00  3.2806E+03  1.4595E-09  1.4842E-09  1.6271E-09  1.0698E-10  1.5614E-10  2.0351E-07  6.9698E-12  2.6149E-11  6.5529E-08  6.4537E-13  1.2544E-12  3.3896E-09  1.0393E+00  1.0535E+00  9.9065E-01  9.5852E-01  1.4595E-09  1.0698E-10  6.9709E-12  6.4540E-13  1.7621E-09  1.7619E-10  1.7619E-11  1.7619E-12
Pb08   82  208  1.0175E+00  1.0435E+00  1.1049E+00  1.0263E+00  1.2234E+00  7.4941E+02  9.8657E-01  1.4974E+00  7.4230E+03  9.6629E-01  1.1709E+00  1.9515E+03  4.1099E-09  4.1453E-09  4.4412E-09  2.9975E-10  4.0116E-10  2.6144E-07  1.9966E-11  4.4125E-11  2.3000E-07  1.8712E-12  3.2401E-12  5.7993E-09  1.0175E+00  1.0263E+00  9.8661E-01  9.6631E-01  4.1099E-09  2.9976E-10  1.9967E-11  1.8713E-12  5.0681E-09  5.0674E-10  5.0674E-11  5.0674E-12
Bi09   83  209  9.8277E-01  9.4045E-01  9.5610E-01  9.6388E-01  9.5031E-01  1.2955E+02  9.5752E-01  9.8069E-01  2.4049E+03  9.4897E-01  9.4693E-01  3.6850E+02  5.3830E-10  5.0660E-10  5.2116E-10  3.8177E-11  4.2257E-11  6.1288E-09  2.6278E-12  3.9188E-12  1.0105E-08  2.4920E-13  3.5535E-13  1.4850E-10  9.8277E-01  9.6388E-01  9.5752E-01  9.4897E-01  5.3830E-10  3.8177E-11  2.6278E-12  2.4921E-13  6.8727E-10  6.8717E-11  6.8717E-12  6.8717E-13
