elemZ,[Fe/H]sun by mass (Asplund09),[X/Fe]sun by mass(Neutral),[X/Fe]sun by mass(Ionized),paperName
44,-0.06,0.68,-30,Allen-07
44,-0.55,1.07,-30,Allen-07
44,-0.42,0.98,-30,Allen-07
44,-0.34,0.16,-30,Allen-07
44,-0.12,1.41,-30,Allen-07
44,-0.44,1.18,-30,Allen-07
44,-0.14,0.43,-30,Allen-07
44,-0.11,0.26,-30,Allen-07
44,-0.27,0.63,-30,Allen-07
44,0,0,-30,Allen-07
44,-0.09,0.38,-30,Allen-07
44,-0.09,1.06,-30,Allen-07
44,-0.62,1.58,-30,Allen-07
44,-0.31,1.54,-30,Allen-07
44,-0.44,1.51,-30,Allen-07
44,-0.3,1.14,-30,Allen-07
44,-0.12,1.3,-30,Allen-07
44,-0.35,0.66,-30,Allen-07
44,-0.55,2,-30,Allen-07
44,0.12,-0.05,-30,Allen-07
44,-0.12,0.81,-30,Allen-07
44,-0.32,0.61,-30,Allen-07
44,-1.19,0.91,-30,Allen-07
44,-0.02,0.25,-30,Allen-07
44,-0.1,1.25,-30,Allen-07
44,-0.19,0.2,-30,Allen-07
44,-0.3,1.55,-30,Allen-07
44,-0.04,0.18,-30,Allen-07
44,-0.09,1.75,-30,Allen-07
44,-0.14,0.4,-30,Allen-07
44,-0.04,0.38,-30,Allen-07
44,-0.67,0.08,-30,Allen-07
44,-0.63,1.68,-30,Allen-07
44,-0.53,1.5,-30,Allen-07
44,-0.35,0.64,-30,Allen-07
72,-0.06,    1.45 ,-30,Allen-07
72,-0.55,    1.75 ,-30,Allen-07
72,-0.42,    0.81 ,-30,Allen-07
72,-0.34,    0.08 ,-30,Allen-07
72,-0.12,    1.66 ,-30,Allen-07
72,-0.44,    1.03 ,-30,Allen-07
72,-0.14,    0.23 ,-30,Allen-07
72,-0.11,    0.37 ,-30,Allen-07
72,-0.27,    0.59 ,-30,Allen-07
72,0,   -0.10 ,-30,Allen-07
72,-0.09,    0.70 ,-30,Allen-07
72,-0.09,    1.15 ,-30,Allen-07
72,-0.62,    1.40 ,-30,Allen-07
72,-0.31,    1.01 ,-30,Allen-07
72,-0.44,    1.71 ,-30,Allen-07
72,-0.3,    0.85 ,-30,Allen-07
72,-0.12,    0.50 ,-30,Allen-07
72,-0.35,    0.60 ,-30,Allen-07
72,-0.55,    1.00 ,-30,Allen-07
72,0.12,   -0.20 ,-30,Allen-07
72,-0.12,    1.00 ,-30,Allen-07
72,-0.32,    0.84 ,-30,Allen-07
72,-1.19,    1.81 ,-30,Allen-07
72,-0.02,    0.25 ,-30,Allen-07
72,-0.1,    0.70 ,-30,Allen-07
72,-0.19,    0.27 ,-30,Allen-07
72,-0.3,    1.10 ,-30,Allen-07
72,-0.04,    0.20 ,-30,Allen-07
72,-0.09,    1.00 ,-30,Allen-07
72,-0.14,    0.58 ,-30,Allen-07
72,-0.04,    0.38 ,-30,Allen-07
72,-0.67,    0.00 ,-30,Allen-07
72,-0.63,    1.30 ,-30,Allen-07
72,-0.53,    1.20 ,-30,Allen-07
72,-0.35,    1.05 ,-30,Allen-07
39,-0.06,1.18,-30,Allen-07
39,-0.55,1.03,-30,Allen-07
39,-0.42,0.95,-30,Allen-07
39,-0.34,-0.15,-30,Allen-07
39,-0.12,1.21,-30,Allen-07
39,-0.44,1.08,-30,Allen-07
39,-0.14,-0.01,-30,Allen-07
39,-0.11,-0.04,-30,Allen-07
39,-0.27,0.83,-30,Allen-07
39,0,-0.15,-30,Allen-07
39,-0.09,0.89,-30,Allen-07
39,-0.09,1.15,-30,Allen-07
39,-0.62,1.01,-30,Allen-07
39,-0.31,1.17,-30,Allen-07
39,-0.44,1.11,-30,Allen-07
39,-0.3,1.02,-30,Allen-07
39,-0.12,0.64,-30,Allen-07
39,-0.35,0.34,-30,Allen-07
39,-0.55,0.96,-30,Allen-07
39,0.12,-0.08,-30,Allen-07
39,-0.12,0.96,-30,Allen-07
39,-0.32,0.59,-30,Allen-07
39,-1.19,0.7,-30,Allen-07
39,-0.02,0.39,-30,Allen-07
39,-0.1,1.08,-30,Allen-07
39,-0.19,0.34,-30,Allen-07
39,-0.3,1.02,-30,Allen-07
39,-0.04,0.44,-30,Allen-07
39,-0.09,0.81,-30,Allen-07
39,-0.14,0.71,-30,Allen-07
39,-0.04,0.53,-30,Allen-07
39,-0.67,0.06,-30,Allen-07
39,-0.63,1.03,-30,Allen-07
39,-0.53,1.01,-30,Allen-07
39,-0.35,0.74,-30,Allen-07
60,-0.06,1.33,-30,Allen-07
60,-0.55,1.72,-30,Allen-07
60,-0.42,0.73,-30,Allen-07
60,-0.34,-0.02,-30,Allen-07
60,-0.12,1.49,-30,Allen-07
60,-0.44,0.73,-30,Allen-07
60,-0.14,0.19,-30,Allen-07
60,-0.11,0.1,-30,Allen-07
60,-0.27,0.32,-30,Allen-07
60,0,-0.1,-30,Allen-07
60,-0.09,0.53,-30,Allen-07
60,-0.09,0.88,-30,Allen-07
60,-0.62,1.31,-30,Allen-07
60,-0.31,0.77,-30,Allen-07
60,-0.44,1.56,-30,Allen-07
60,-0.3,0.65,-30,Allen-07
60,-0.12,0.42,-30,Allen-07
60,-0.35,0.49,-30,Allen-07
60,-0.55,0.86,-30,Allen-07
60,0.12,-0.1,-30,Allen-07
60,-0.12,0.8,-30,Allen-07
60,-0.32,0.86,-30,Allen-07
60,-1.19,1.55,-30,Allen-07
60,-0.02,0.08,-30,Allen-07
60,-0.1,0.34,-30,Allen-07
60,-0.19,0.2,-30,Allen-07
60,-0.3,1.04,-30,Allen-07
60,-0.04,0.18,-30,Allen-07
60,-0.09,0.58,-30,Allen-07
60,-0.14,0.38,-30,Allen-07
60,-0.04,0.63,-30,Allen-07
60,-0.67,0.16,-30,Allen-07
60,-0.63,1.26,-30,Allen-07
60,-0.53,0.83,-30,Allen-07
60,-0.35,1.08,-30,Allen-07
63,-0.06,0.33,-30,Allen-07
63,-0.55,0.46,-30,Allen-07
63,-0.42,0.32,-30,Allen-07
63,-0.34,0.14,-30,Allen-07
63,-0.12,0.48,-30,Allen-07
63,-0.44,0.21,-30,Allen-07
63,-0.14,0.25,-30,Allen-07
63,-0.11,0.18,-30,Allen-07
63,-0.27,0.21,-30,Allen-07
63,0,0.07,-30,Allen-07
63,-0.09,0.31,-30,Allen-07
63,-0.09,0.34,-30,Allen-07
63,-0.62,0.35,-30,Allen-07
63,-0.31,0.25,-30,Allen-07
63,-0.44,0.66,-30,Allen-07
63,-0.3,0.16,-30,Allen-07
63,-0.12,0.32,-30,Allen-07
63,-0.35,0.28,-30,Allen-07
63,-0.55,0.47,-30,Allen-07
63,0.12,0.02,-30,Allen-07
63,-0.12,0.4,-30,Allen-07
63,-0.32,0.16,-30,Allen-07
63,-1.19,0.5,-30,Allen-07
63,-0.02,0.18,-30,Allen-07
63,-0.1,0.2,-30,Allen-07
63,-0.19,0.15,-30,Allen-07
63,-0.3,0.29,-30,Allen-07
63,-0.04,0.17,-30,Allen-07
63,-0.09,-0.25,-30,Allen-07
63,-0.14,0.21,-30,Allen-07
63,-0.04,0.08,-30,Allen-07
63,-0.67,0.28,-30,Allen-07
63,-0.63,0.24,-30,Allen-07
63,-0.53,0.24,-30,Allen-07
63,-0.35,0.37,-30,Allen-07
62,-0.06,0.93,-30,Allen-07
62,-0.55,1.27,-30,Allen-07
62,-0.42,0.37,-30,Allen-07
62,-0.34,0.05,-30,Allen-07
62,-0.12,1.47,-30,Allen-07
62,-0.44,0.45,-30,Allen-07
62,-0.14,0.21,-30,Allen-07
62,-0.11,0.08,-30,Allen-07
62,-0.27,0.08,-30,Allen-07
62,0,-0.05,-30,Allen-07
62,-0.09,0.41,-30,Allen-07
62,-0.09,0.89,-30,Allen-07
62,-0.62,0.95,-30,Allen-07
62,-0.31,0.53,-30,Allen-07
62,-0.44,1.12,-30,Allen-07
62,-0.3,0.43,-30,Allen-07
62,-0.12,0.24,-30,Allen-07
62,-0.35,0.5,-30,Allen-07
62,-0.55,0.64,-30,Allen-07
62,0.12,0.01,-30,Allen-07
62,-0.12,1.06,-30,Allen-07
62,-0.32,0.56,-30,Allen-07
62,-1.19,1.19,-30,Allen-07
62,-0.02,0.1,-30,Allen-07
62,-0.1,0.23,-30,Allen-07
62,-0.19,0.15,-30,Allen-07
62,-0.3,0.72,-30,Allen-07
62,-0.04,0.17,-30,Allen-07
62,-0.09,0.55,-30,Allen-07
62,-0.14,0.36,-30,Allen-07
62,-0.04,0.3,-30,Allen-07
62,-0.67,0.25,-30,Allen-07
62,-0.63,0.88,-30,Allen-07
62,-0.53,0.7,-30,Allen-07
62,-0.35,0.75,-30,Allen-07
