elemZ,[Fe/H]sun by mass (Asplund09),[X/Fe]sun by mass(Neutral),[X/Fe]sun by mass(Ionized),paperName
6,-2.47,-0.505,-30.0,Cayrel-04
6,-2.82,-0.405,-30.0,Cayrel-04
6,-2.59,-0.335,-30.0,Cayrel-04
6,-2.07,-0.435,-30.0,Cayrel-04
6,-3.06,-0.015,-30.0,Cayrel-04
6,-4.19,-0.325,-30.0,Cayrel-04
6,-3.77,0.255,-30.0,Cayrel-04
6,-3.36,0.345,-30.0,Cayrel-04
6,-2.88,-0.215,-30.0,Cayrel-04
6,-3.04,0.285,-30.0,Cayrel-04
6,-3.86,-0.025,-30.0,Cayrel-04
6,-3.0,-0.615,-30.0,Cayrel-04
6,-3.49,0.275,-30.0,Cayrel-04
6,-2.99,-0.975,-30.0,Cayrel-04
6,-2.97,-0.145,-30.0,Cayrel-04
6,-3.25,-29.995,-30.0,Cayrel-04
6,-3.78,0.245,-30.0,Cayrel-04
6,-3.29,-0.515,-30.0,Cayrel-04
6,-3.03,0.895,-30.0,Cayrel-04
6,-2.69,0.275,-30.0,Cayrel-04
6,-3.41,0.505,-30.0,Cayrel-04
6,-3.14,-0.015,-30.0,Cayrel-04
6,-3.97,1.175,-30.0,Cayrel-04
6,-3.43,-29.995,-30.0,Cayrel-04
6,-2.84,0.325,-30.0,Cayrel-04
6,-3.33,0.285,-30.0,Cayrel-04
6,-2.62,0.065,-30.0,Cayrel-04
6,-3.56,0.305,-30.0,Cayrel-04
6,-3.04,-0.275,-30.0,Cayrel-04
6,-2.82,-0.035,-30.0,Cayrel-04
6,-3.19,0.235,-30.0,Cayrel-04
6,-3.06,-0.005,-30.0,Cayrel-04
6,-2.69,-0.125,-30.0,Cayrel-04
6,-3.3,-0.015,-30.0,Cayrel-04
6,-2.91,0.215,-30.0,Cayrel-04
7,-2.47,-29.995,-30.0,Cayrel-04
7,-2.82,-29.995,-30.0,Cayrel-04
7,-2.59,0.425,-30.0,Cayrel-04
7,-2.07,0.575,-30.0,Cayrel-04
7,-3.06,-29.995,-30.0,Cayrel-04
7,-4.19,-29.995,-30.0,Cayrel-04
7,-3.77,-29.995,-30.0,Cayrel-04
7,-3.36,-29.995,-30.0,Cayrel-04
7,-2.88,0.735,-30.0,Cayrel-04
7,-3.04,-29.995,-30.0,Cayrel-04
7,-3.86,-29.995,-30.0,Cayrel-04
7,-3.0,-29.995,-30.0,Cayrel-04
7,-3.49,-29.995,-30.0,Cayrel-04
7,-2.99,-29.995,-30.0,Cayrel-04
7,-2.97,1.055,-30.0,Cayrel-04
7,-3.25,-29.995,-30.0,Cayrel-04
7,-3.78,-29.995,-30.0,Cayrel-04
7,-3.29,-29.995,-30.0,Cayrel-04
7,-3.03,0.535,-30.0,Cayrel-04
7,-2.69,-29.995,-30.0,Cayrel-04
7,-3.41,-29.995,-30.0,Cayrel-04
7,-3.14,-29.995,-30.0,Cayrel-04
7,-3.97,2.575,-30.0,Cayrel-04
7,-3.43,-29.995,-30.0,Cayrel-04
7,-2.84,-29.995,-30.0,Cayrel-04
7,-3.33,-29.995,-30.0,Cayrel-04
7,-2.62,-29.995,-30.0,Cayrel-04
7,-3.56,-29.995,-30.0,Cayrel-04
7,-3.04,-29.995,-30.0,Cayrel-04
7,-2.82,-29.995,-30.0,Cayrel-04
7,-3.19,-29.995,-30.0,Cayrel-04
7,-3.06,-29.995,-30.0,Cayrel-04
7,-2.69,-29.995,-30.0,Cayrel-04
7,-3.3,-29.995,-30.0,Cayrel-04
7,-2.91,0.215,-30.0,Cayrel-04
8,-2.47,0.504,-30.0,Cayrel-04
8,-2.82,0.624,-30.0,Cayrel-04
8,-2.59,0.754,-30.0,Cayrel-04
8,-2.07,0.694,-30.0,Cayrel-04
8,-3.06,0.424,-30.0,Cayrel-04
8,-4.19,-29.996,-30.0,Cayrel-04
8,-3.77,-29.996,-30.0,Cayrel-04
8,-3.36,-29.996,-30.0,Cayrel-04
8,-2.88,-29.996,-30.0,Cayrel-04
8,-3.04,-29.996,-30.0,Cayrel-04
8,-3.86,1.044,-30.0,Cayrel-04
8,-3.0,0.594,-30.0,Cayrel-04
8,-3.49,-29.996,-30.0,Cayrel-04
8,-2.99,0.524,-30.0,Cayrel-04
8,-2.97,-29.996,-30.0,Cayrel-04
8,-3.25,-29.996,-30.0,Cayrel-04
8,-3.78,-29.996,-30.0,Cayrel-04
8,-3.29,0.774,-30.0,Cayrel-04
8,-3.03,0.474,-30.0,Cayrel-04
8,-2.69,0.944,-30.0,Cayrel-04
8,-3.41,-29.996,-30.0,Cayrel-04
8,-3.14,0.894,-30.0,Cayrel-04
8,-3.97,1.984,-30.0,Cayrel-04
8,-3.43,-29.996,-30.0,Cayrel-04
8,-2.84,0.754,-30.0,Cayrel-04
8,-3.33,-29.996,-30.0,Cayrel-04
8,-2.62,0.994,-30.0,Cayrel-04
8,-3.56,0.904,-30.0,Cayrel-04
8,-3.04,0.764,-30.0,Cayrel-04
8,-2.82,0.684,-30.0,Cayrel-04
8,-3.19,-29.996,-30.0,Cayrel-04
8,-3.06,0.624,-30.0,Cayrel-04
8,-2.69,0.934,-30.0,Cayrel-04
8,-3.3,0.724,-30.0,Cayrel-04
8,-2.91,0.604,-30.0,Cayrel-04
11,-2.47,-0.154,-30.0,Cayrel-04
11,-2.82,-0.264,-30.0,Cayrel-04
11,-2.59,-0.294,-30.0,Cayrel-04
11,-2.07,0.196,-30.0,Cayrel-04
11,-3.06,-0.444,-30.0,Cayrel-04
11,-4.19,-0.554,-30.0,Cayrel-04
11,-3.77,-0.664,-30.0,Cayrel-04
11,-3.36,-0.424,-30.0,Cayrel-04
11,-2.88,-0.074,-30.0,Cayrel-04
11,-3.04,-29.994,-30.0,Cayrel-04
11,-3.86,-0.844,-30.0,Cayrel-04
11,-3.0,0.846,-30.0,Cayrel-04
11,-3.49,-0.794,-30.0,Cayrel-04
11,-2.99,0.216,-30.0,Cayrel-04
11,-2.97,-0.164,-30.0,Cayrel-04
11,-3.25,-0.354,-30.0,Cayrel-04
11,-3.78,-0.554,-30.0,Cayrel-04
11,-3.29,0.016,-30.0,Cayrel-04
11,-3.03,-0.444,-30.0,Cayrel-04
11,-2.69,-0.374,-30.0,Cayrel-04
11,-3.41,-0.654,-30.0,Cayrel-04
11,-3.14,-0.344,-30.0,Cayrel-04
11,-3.97,0.946,-30.0,Cayrel-04
11,-3.43,-29.994,-30.0,Cayrel-04
11,-2.84,-0.344,-30.0,Cayrel-04
11,-3.33,-29.994,-30.0,Cayrel-04
11,-2.62,-0.024,-30.0,Cayrel-04
11,-3.56,-0.864,-30.0,Cayrel-04
11,-3.04,-0.244,-30.0,Cayrel-04
11,-2.82,-0.254,-30.0,Cayrel-04
11,-3.19,-0.544,-30.0,Cayrel-04
11,-3.06,-0.134,-30.0,Cayrel-04
11,-2.69,-0.184,-30.0,Cayrel-04
11,-3.3,-0.404,-30.0,Cayrel-04
11,-2.91,-0.214,-30.0,Cayrel-04
12,-2.47,0.249,-30.0,Cayrel-04
12,-2.82,0.359,-30.0,Cayrel-04
12,-2.59,0.389,-30.0,Cayrel-04
12,-2.07,0.189,-30.0,Cayrel-04
12,-3.06,0.309,-30.0,Cayrel-04
12,-4.19,0.199,-30.0,Cayrel-04
12,-3.77,0.159,-30.0,Cayrel-04
12,-3.36,0.279,-30.0,Cayrel-04
12,-2.88,0.249,-30.0,Cayrel-04
12,-3.04,0.089,-30.0,Cayrel-04
12,-3.86,0.199,-30.0,Cayrel-04
12,-3.0,0.359,-30.0,Cayrel-04
12,-3.49,0.109,-30.0,Cayrel-04
12,-2.99,0.419,-30.0,Cayrel-04
12,-2.97,0.519,-30.0,Cayrel-04
12,-3.25,0.439,-30.0,Cayrel-04
12,-3.78,0.189,-30.0,Cayrel-04
12,-3.29,0.339,-30.0,Cayrel-04
12,-3.03,0.219,-30.0,Cayrel-04
12,-2.69,0.079,-30.0,Cayrel-04
12,-3.41,0.259,-30.0,Cayrel-04
12,-3.14,0.279,-30.0,Cayrel-04
12,-3.97,1.559,-30.0,Cayrel-04
12,-3.43,-0.001,-30.0,Cayrel-04
12,-2.84,0.129,-30.0,Cayrel-04
12,-3.33,0.369,-30.0,Cayrel-04
12,-2.62,0.119,-30.0,Cayrel-04
12,-3.56,0.189,-30.0,Cayrel-04
12,-3.04,0.529,-30.0,Cayrel-04
12,-2.82,0.329,-30.0,Cayrel-04
12,-3.19,0.229,-30.0,Cayrel-04
12,-3.06,0.479,-30.0,Cayrel-04
12,-2.69,0.199,-30.0,Cayrel-04
12,-3.3,0.379,-30.0,Cayrel-04
12,-2.91,0.369,-30.0,Cayrel-04
13,-2.47,-0.009,-30.0,Cayrel-04
13,-2.82,0.271,-30.0,Cayrel-04
13,-2.59,0.081,-30.0,Cayrel-04
13,-2.07,-0.059,-30.0,Cayrel-04
13,-3.06,0.061,-30.0,Cayrel-04
13,-4.19,-0.019,-30.0,Cayrel-04
13,-3.77,-0.249,-30.0,Cayrel-04
13,-3.36,0.041,-30.0,Cayrel-04
13,-2.88,0.171,-30.0,Cayrel-04
13,-3.04,-0.219,-30.0,Cayrel-04
13,-3.86,-0.149,-30.0,Cayrel-04
13,-3.0,-0.129,-30.0,Cayrel-04
13,-3.49,-0.269,-30.0,Cayrel-04
13,-2.99,0.441,-30.0,Cayrel-04
13,-2.97,0.651,-30.0,Cayrel-04
13,-3.25,-0.109,-30.0,Cayrel-04
13,-3.78,-0.139,-30.0,Cayrel-04
13,-3.29,0.211,-30.0,Cayrel-04
13,-3.03,-0.089,-30.0,Cayrel-04
13,-2.69,-0.109,-30.0,Cayrel-04
13,-3.41,-0.079,-30.0,Cayrel-04
13,-3.14,-0.179,-30.0,Cayrel-04
13,-3.97,0.481,-30.0,Cayrel-04
13,-3.43,0.191,-30.0,Cayrel-04
13,-2.84,-0.339,-30.0,Cayrel-04
13,-3.33,0.001,-30.0,Cayrel-04
13,-2.62,-0.209,-30.0,Cayrel-04
13,-3.56,-0.139,-30.0,Cayrel-04
13,-3.04,0.151,-30.0,Cayrel-04
13,-2.82,-0.009,-30.0,Cayrel-04
13,-3.19,-0.159,-30.0,Cayrel-04
13,-3.06,0.061,-30.0,Cayrel-04
13,-2.69,-0.139,-30.0,Cayrel-04
13,-3.3,0.071,-30.0,Cayrel-04
13,-2.91,-0.079,-30.0,Cayrel-04
14,-2.47,0.402,-30.0,Cayrel-04
14,-2.82,0.472,-30.0,Cayrel-04
14,-2.59,0.442,-30.0,Cayrel-04
14,-2.07,0.522,-30.0,Cayrel-04
14,-3.06,0.392,-30.0,Cayrel-04
14,-4.19,0.202,-30.0,Cayrel-04
14,-3.77,0.422,-30.0,Cayrel-04
14,-3.36,0.502,-30.0,Cayrel-04
14,-2.88,0.602,-30.0,Cayrel-04
14,-3.04,0.292,-30.0,Cayrel-04
14,-3.86,0.412,-30.0,Cayrel-04
14,-3.0,0.452,-30.0,Cayrel-04
14,-3.49,0.292,-30.0,Cayrel-04
14,-2.99,0.342,-30.0,Cayrel-04
14,-2.97,0.422,-30.0,Cayrel-04
14,-3.25,0.352,-30.0,Cayrel-04
14,-3.78,0.522,-30.0,Cayrel-04
14,-3.29,0.342,-30.0,Cayrel-04
14,-3.03,0.432,-30.0,Cayrel-04
14,-2.69,0.542,-30.0,Cayrel-04
14,-3.41,0.412,-30.0,Cayrel-04
14,-3.14,0.292,-30.0,Cayrel-04
14,-3.97,0.772,-30.0,Cayrel-04
14,-3.43,0.332,-30.0,Cayrel-04
14,-2.84,0.252,-30.0,Cayrel-04
14,-3.33,0.782,-30.0,Cayrel-04
14,-2.62,0.572,-30.0,Cayrel-04
14,-3.56,0.212,-30.0,Cayrel-04
14,-3.04,0.542,-30.0,Cayrel-04
14,-2.82,0.572,-30.0,Cayrel-04
14,-3.19,0.292,-30.0,Cayrel-04
14,-3.06,0.562,-30.0,Cayrel-04
14,-2.69,0.522,-30.0,Cayrel-04
14,-3.3,0.812,-30.0,Cayrel-04
14,-2.91,0.252,-30.0,Cayrel-04
19,-2.47,0.258,-30.0,Cayrel-04
19,-2.82,0.168,-30.0,Cayrel-04
19,-2.59,0.318,-30.0,Cayrel-04
19,-2.07,0.478,-30.0,Cayrel-04
19,-3.06,0.178,-30.0,Cayrel-04
19,-4.19,-29.992,-30.0,Cayrel-04
19,-3.77,0.088,-30.0,Cayrel-04
19,-3.36,0.128,-30.0,Cayrel-04
19,-2.88,0.148,-30.0,Cayrel-04
19,-3.04,0.078,-30.0,Cayrel-04
19,-3.86,0.108,-30.0,Cayrel-04
19,-3.0,0.208,-30.0,Cayrel-04
19,-3.49,0.058,-30.0,Cayrel-04
19,-2.99,0.128,-30.0,Cayrel-04
19,-2.97,0.168,-30.0,Cayrel-04
19,-3.25,-29.992,-30.0,Cayrel-04
19,-3.78,-0.002,-30.0,Cayrel-04
19,-3.29,0.178,-30.0,Cayrel-04
19,-3.03,0.098,-30.0,Cayrel-04
19,-2.69,0.108,-30.0,Cayrel-04
19,-3.41,0.108,-30.0,Cayrel-04
19,-3.14,0.108,-30.0,Cayrel-04
19,-3.97,-0.112,-30.0,Cayrel-04
19,-3.43,0.148,-30.0,Cayrel-04
19,-2.84,-0.032,-30.0,Cayrel-04
19,-3.33,-0.052,-30.0,Cayrel-04
19,-2.62,0.068,-30.0,Cayrel-04
19,-3.56,-0.122,-30.0,Cayrel-04
19,-3.04,0.238,-30.0,Cayrel-04
19,-2.82,0.198,-30.0,Cayrel-04
19,-3.19,-0.042,-30.0,Cayrel-04
19,-3.06,-29.992,-30.0,Cayrel-04
19,-2.69,0.068,-30.0,Cayrel-04
19,-3.3,0.388,-30.0,Cayrel-04
19,-2.91,0.318,-30.0,Cayrel-04
20,-2.47,0.321,-30.0,Cayrel-04
20,-2.82,0.311,-30.0,Cayrel-04
20,-2.59,0.441,-30.0,Cayrel-04
20,-2.07,0.401,-30.0,Cayrel-04
20,-3.06,0.411,-30.0,Cayrel-04
20,-4.19,0.201,-30.0,Cayrel-04
20,-3.77,0.351,-30.0,Cayrel-04
20,-3.36,0.381,-30.0,Cayrel-04
20,-2.88,0.411,-30.0,Cayrel-04
20,-3.04,0.131,-30.0,Cayrel-04
20,-3.86,0.371,-30.0,Cayrel-04
20,-3.0,0.351,-30.0,Cayrel-04
20,-3.49,0.201,-30.0,Cayrel-04
20,-2.99,0.351,-30.0,Cayrel-04
20,-2.97,0.361,-30.0,Cayrel-04
20,-3.25,0.361,-30.0,Cayrel-04
20,-3.78,0.351,-30.0,Cayrel-04
20,-3.29,0.311,-30.0,Cayrel-04
20,-3.03,0.321,-30.0,Cayrel-04
20,-2.69,0.361,-30.0,Cayrel-04
20,-3.41,0.291,-30.0,Cayrel-04
20,-3.14,0.271,-30.0,Cayrel-04
20,-3.97,0.341,-30.0,Cayrel-04
20,-3.43,0.141,-30.0,Cayrel-04
20,-2.84,0.221,-30.0,Cayrel-04
20,-3.33,0.461,-30.0,Cayrel-04
20,-2.62,0.361,-30.0,Cayrel-04
20,-3.56,0.021,-30.0,Cayrel-04
20,-3.04,0.401,-30.0,Cayrel-04
20,-2.82,0.381,-30.0,Cayrel-04
20,-3.19,0.221,-30.0,Cayrel-04
20,-3.06,0.551,-30.0,Cayrel-04
20,-2.69,0.381,-30.0,Cayrel-04
20,-3.3,0.381,-30.0,Cayrel-04
20,-2.91,0.421,-30.0,Cayrel-04
21,-2.47,0.093,-30.0,Cayrel-04
21,-2.82,0.113,-30.0,Cayrel-04
21,-2.59,0.103,-30.0,Cayrel-04
21,-2.07,0.203,-30.0,Cayrel-04
21,-3.06,0.043,-30.0,Cayrel-04
21,-4.19,0.043,-30.0,Cayrel-04
21,-3.77,0.013,-30.0,Cayrel-04
21,-3.36,0.013,-30.0,Cayrel-04
21,-2.88,0.063,-30.0,Cayrel-04
21,-3.04,-0.177,-30.0,Cayrel-04
21,-3.86,-0.107,-30.0,Cayrel-04
21,-3.0,0.153,-30.0,Cayrel-04
21,-3.49,0.003,-30.0,Cayrel-04
21,-2.99,0.023,-30.0,Cayrel-04
21,-2.97,0.083,-30.0,Cayrel-04
21,-3.25,0.123,-30.0,Cayrel-04
21,-3.78,0.373,-30.0,Cayrel-04
21,-3.29,0.063,-30.0,Cayrel-04
21,-3.03,-0.017,-30.0,Cayrel-04
21,-2.69,0.133,-30.0,Cayrel-04
21,-3.41,0.023,-30.0,Cayrel-04
21,-3.14,0.263,-30.0,Cayrel-04
21,-3.97,0.093,-30.0,Cayrel-04
21,-3.43,-0.107,-30.0,Cayrel-04
21,-2.84,-0.017,-30.0,Cayrel-04
21,-3.33,-0.037,-30.0,Cayrel-04
21,-2.62,0.063,-30.0,Cayrel-04
21,-3.56,0.033,-30.0,Cayrel-04
21,-3.04,0.123,-30.0,Cayrel-04
21,-2.82,0.113,-30.0,Cayrel-04
21,-3.19,0.193,-30.0,Cayrel-04
21,-3.06,0.063,-30.0,Cayrel-04
21,-2.69,0.143,-30.0,Cayrel-04
21,-3.3,0.333,-30.0,Cayrel-04
21,-2.91,0.023,-30.0,Cayrel-04
22,-2.47,0.206,-30.0,Cayrel-04
22,-2.82,0.126,-30.0,Cayrel-04
22,-2.59,0.256,-30.0,Cayrel-04
22,-2.07,0.236,-30.0,Cayrel-04
22,-3.06,0.166,-30.0,Cayrel-04
22,-4.19,0.376,-30.0,Cayrel-04
22,-3.77,0.406,-30.0,Cayrel-04
22,-3.36,0.326,-30.0,Cayrel-04
22,-2.88,0.286,-30.0,Cayrel-04
22,-3.04,-0.034,-30.0,Cayrel-04
22,-3.86,0.356,-30.0,Cayrel-04
22,-3.0,0.326,-30.0,Cayrel-04
22,-3.49,0.136,-30.0,Cayrel-04
22,-2.99,0.166,-30.0,Cayrel-04
22,-2.97,0.206,-30.0,Cayrel-04
22,-3.25,0.296,-30.0,Cayrel-04
22,-3.78,0.346,-30.0,Cayrel-04
22,-3.29,0.246,-30.0,Cayrel-04
22,-3.03,0.166,-30.0,Cayrel-04
22,-2.69,0.276,-30.0,Cayrel-04
22,-3.41,0.276,-30.0,Cayrel-04
22,-3.14,0.286,-30.0,Cayrel-04
22,-3.97,0.356,-30.0,Cayrel-04
22,-3.43,0.106,-30.0,Cayrel-04
22,-2.84,0.156,-30.0,Cayrel-04
22,-3.33,0.356,-30.0,Cayrel-04
22,-2.62,0.316,-30.0,Cayrel-04
22,-3.56,0.116,-30.0,Cayrel-04
22,-3.04,0.246,-30.0,Cayrel-04
22,-2.82,0.236,-30.0,Cayrel-04
22,-3.19,0.266,-30.0,Cayrel-04
22,-3.06,0.256,-30.0,Cayrel-04
22,-2.69,0.346,-30.0,Cayrel-04
22,-3.3,0.276,-30.0,Cayrel-04
22,-2.91,0.266,-30.0,Cayrel-04
24,-2.47,-0.258,-30.0,Cayrel-04
24,-2.82,-0.398,-30.0,Cayrel-04
24,-2.59,-0.328,-30.0,Cayrel-04
24,-2.07,-0.218,-30.0,Cayrel-04
24,-3.06,-0.338,-30.0,Cayrel-04
24,-4.19,-0.438,-30.0,Cayrel-04
24,-3.77,-0.408,-30.0,Cayrel-04
24,-3.36,-0.378,-30.0,Cayrel-04
24,-2.88,-0.258,-30.0,Cayrel-04
24,-3.04,-0.428,-30.0,Cayrel-04
24,-3.86,-0.408,-30.0,Cayrel-04
24,-3.0,-0.338,-30.0,Cayrel-04
24,-3.49,-0.418,-30.0,Cayrel-04
24,-2.99,-0.368,-30.0,Cayrel-04
24,-2.97,-0.508,-30.0,Cayrel-04
24,-3.25,-0.408,-30.0,Cayrel-04
24,-3.78,-0.478,-30.0,Cayrel-04
24,-3.29,-0.378,-30.0,Cayrel-04
24,-3.03,-0.318,-30.0,Cayrel-04
24,-2.69,-0.228,-30.0,Cayrel-04
24,-3.41,-0.378,-30.0,Cayrel-04
24,-3.14,-0.288,-30.0,Cayrel-04
24,-3.97,-0.418,-30.0,Cayrel-04
24,-3.43,-0.458,-30.0,Cayrel-04
24,-2.84,-0.408,-30.0,Cayrel-04
24,-3.33,-0.338,-30.0,Cayrel-04
24,-2.62,-0.198,-30.0,Cayrel-04
24,-3.56,-0.458,-30.0,Cayrel-04
24,-3.04,-0.418,-30.0,Cayrel-04
24,-2.82,-0.348,-30.0,Cayrel-04
24,-3.19,-0.368,-30.0,Cayrel-04
24,-3.06,-0.308,-30.0,Cayrel-04
24,-2.69,-0.228,-30.0,Cayrel-04
24,-3.3,-0.438,-30.0,Cayrel-04
24,-2.91,-0.328,-30.0,Cayrel-04
25,-2.47,-0.393,-30.0,Cayrel-04
25,-2.82,-0.413,-30.0,Cayrel-04
25,-2.59,-0.483,-30.0,Cayrel-04
25,-2.07,-0.473,-30.0,Cayrel-04
25,-3.06,-0.383,-30.0,Cayrel-04
25,-4.19,-0.603,-30.0,Cayrel-04
25,-3.77,-0.553,-30.0,Cayrel-04
25,-3.36,-0.513,-30.0,Cayrel-04
25,-2.88,-0.433,-30.0,Cayrel-04
25,-3.04,-0.293,-30.0,Cayrel-04
25,-3.86,-0.593,-30.0,Cayrel-04
25,-3.0,-0.383,-30.0,Cayrel-04
25,-3.49,-0.253,-30.0,Cayrel-04
25,-2.99,-0.433,-30.0,Cayrel-04
25,-2.97,-0.323,-30.0,Cayrel-04
25,-3.25,-0.543,-30.0,Cayrel-04
25,-3.78,-0.543,-30.0,Cayrel-04
25,-3.29,-0.383,-30.0,Cayrel-04
25,-3.03,-0.483,-30.0,Cayrel-04
25,-2.69,-0.593,-30.0,Cayrel-04
25,-3.41,-0.223,-30.0,Cayrel-04
25,-3.14,-0.123,-30.0,Cayrel-04
25,-3.97,-0.473,-30.0,Cayrel-04
25,-3.43,-0.333,-30.0,Cayrel-04
25,-2.84,-0.373,-30.0,Cayrel-04
25,-3.33,-0.513,-30.0,Cayrel-04
25,-2.62,-0.453,-30.0,Cayrel-04
25,-3.56,-0.243,-30.0,Cayrel-04
25,-3.04,-0.533,-30.0,Cayrel-04
25,-2.82,-0.493,-30.0,Cayrel-04
25,-3.19,-0.563,-30.0,Cayrel-04
25,-3.06,-0.443,-30.0,Cayrel-04
25,-2.69,-0.423,-30.0,Cayrel-04
25,-3.3,-0.553,-30.0,Cayrel-04
25,-2.91,-0.503,-30.0,Cayrel-04
27,-2.47,0.134,-30.0,Cayrel-04
27,-2.82,0.284,-30.0,Cayrel-04
27,-2.59,0.204,-30.0,Cayrel-04
27,-2.07,0.354,-30.0,Cayrel-04
27,-3.06,0.184,-30.0,Cayrel-04
27,-4.19,0.364,-30.0,Cayrel-04
27,-3.77,0.544,-30.0,Cayrel-04
27,-3.36,0.364,-30.0,Cayrel-04
27,-2.88,0.324,-30.0,Cayrel-04
27,-3.04,-0.106,-30.0,Cayrel-04
27,-3.86,0.464,-30.0,Cayrel-04
27,-3.0,0.224,-30.0,Cayrel-04
27,-3.49,0.364,-30.0,Cayrel-04
27,-2.99,0.234,-30.0,Cayrel-04
27,-2.97,0.164,-30.0,Cayrel-04
27,-3.25,0.214,-30.0,Cayrel-04
27,-3.78,0.474,-30.0,Cayrel-04
27,-3.29,0.194,-30.0,Cayrel-04
27,-3.03,0.104,-30.0,Cayrel-04
27,-2.69,0.374,-30.0,Cayrel-04
27,-3.41,0.414,-30.0,Cayrel-04
27,-3.14,0.414,-30.0,Cayrel-04
27,-3.97,0.324,-30.0,Cayrel-04
27,-3.43,0.124,-30.0,Cayrel-04
27,-2.84,0.164,-30.0,Cayrel-04
27,-3.33,0.384,-30.0,Cayrel-04
27,-2.62,0.364,-30.0,Cayrel-04
27,-3.56,0.554,-30.0,Cayrel-04
27,-3.04,0.184,-30.0,Cayrel-04
27,-2.82,0.214,-30.0,Cayrel-04
27,-3.19,0.354,-30.0,Cayrel-04
27,-3.06,0.244,-30.0,Cayrel-04
27,-2.69,0.334,-30.0,Cayrel-04
27,-3.3,0.284,-30.0,Cayrel-04
27,-2.91,0.264,-30.0,Cayrel-04
28,-2.47,-0.088,-30.0,Cayrel-04
28,-2.82,0.032,-30.0,Cayrel-04
28,-2.59,-0.178,-30.0,Cayrel-04
28,-2.07,0.002,-30.0,Cayrel-04
28,-3.06,-0.048,-30.0,Cayrel-04
28,-4.19,-0.188,-30.0,Cayrel-04
28,-3.77,0.082,-30.0,Cayrel-04
28,-3.36,0.032,-30.0,Cayrel-04
28,-2.88,0.042,-30.0,Cayrel-04
28,-3.04,-0.278,-30.0,Cayrel-04
28,-3.86,-0.148,-30.0,Cayrel-04
28,-3.0,-0.018,-30.0,Cayrel-04
28,-3.49,0.062,-30.0,Cayrel-04
28,-2.99,0.042,-30.0,Cayrel-04
28,-2.97,-0.088,-30.0,Cayrel-04
28,-3.25,-0.228,-30.0,Cayrel-04
28,-3.78,0.002,-30.0,Cayrel-04
28,-3.29,0.022,-30.0,Cayrel-04
28,-3.03,-0.208,-30.0,Cayrel-04
28,-2.69,-0.048,-30.0,Cayrel-04
28,-3.41,0.072,-30.0,Cayrel-04
28,-3.14,0.142,-30.0,Cayrel-04
28,-3.97,-0.098,-30.0,Cayrel-04
28,-3.43,-0.118,-30.0,Cayrel-04
28,-2.84,-0.088,-30.0,Cayrel-04
28,-3.33,0.012,-30.0,Cayrel-04
28,-2.62,0.132,-30.0,Cayrel-04
28,-3.56,0.222,-30.0,Cayrel-04
28,-3.04,-0.108,-30.0,Cayrel-04
28,-2.82,-0.048,-30.0,Cayrel-04
28,-3.19,-0.058,-30.0,Cayrel-04
28,-3.06,-0.148,-30.0,Cayrel-04
28,-2.69,0.092,-30.0,Cayrel-04
28,-3.3,0.082,-30.0,Cayrel-04
28,-2.91,0.032,-30.0,Cayrel-04
30,-2.47,0.244,-30.0,Cayrel-04
30,-2.82,0.164,-30.0,Cayrel-04
30,-2.59,0.134,-30.0,Cayrel-04
30,-2.07,0.004,-30.0,Cayrel-04
30,-3.06,0.224,-30.0,Cayrel-04
30,-4.19,0.694,-30.0,Cayrel-04
30,-3.77,0.234,-30.0,Cayrel-04
30,-3.36,0.184,-30.0,Cayrel-04
30,-2.88,0.234,-30.0,Cayrel-04
30,-3.04,0.104,-30.0,Cayrel-04
30,-3.86,0.494,-30.0,Cayrel-04
30,-3.0,0.324,-30.0,Cayrel-04
30,-3.49,0.464,-30.0,Cayrel-04
30,-2.99,0.264,-30.0,Cayrel-04
30,-2.97,0.184,-30.0,Cayrel-04
30,-3.25,0.404,-30.0,Cayrel-04
30,-3.78,0.444,-30.0,Cayrel-04
30,-3.29,0.454,-30.0,Cayrel-04
30,-3.03,0.204,-30.0,Cayrel-04
30,-2.69,0.264,-30.0,Cayrel-04
30,-3.41,0.674,-30.0,Cayrel-04
30,-3.14,0.374,-30.0,Cayrel-04
30,-3.97,0.664,-30.0,Cayrel-04
30,-3.43,0.254,-30.0,Cayrel-04
30,-2.84,0.154,-30.0,Cayrel-04
30,-3.33,0.304,-30.0,Cayrel-04
30,-2.62,0.264,-30.0,Cayrel-04
30,-3.56,0.424,-30.0,Cayrel-04
30,-3.04,0.274,-30.0,Cayrel-04
30,-2.82,0.154,-30.0,Cayrel-04
30,-3.19,0.194,-30.0,Cayrel-04
30,-3.06,0.204,-30.0,Cayrel-04
30,-2.69,0.264,-30.0,Cayrel-04
30,-3.3,0.244,-30.0,Cayrel-04
30,-2.91,0.194,-30.0,Cayrel-04
22,-2.47,-30.0,0.246,Cayrel-04
22,-2.82,-30.0,0.186,Cayrel-04
22,-2.59,-30.0,0.296,Cayrel-04
22,-2.07,-30.0,0.336,Cayrel-04
22,-3.06,-30.0,0.146,Cayrel-04
22,-4.19,-30.0,0.256,Cayrel-04
22,-3.77,-30.0,0.186,Cayrel-04
22,-3.36,-30.0,0.246,Cayrel-04
22,-2.88,-30.0,0.236,Cayrel-04
22,-3.04,-30.0,-0.094,Cayrel-04
22,-3.86,-30.0,0.146,Cayrel-04
22,-3.0,-30.0,0.306,Cayrel-04
22,-3.49,-30.0,0.046,Cayrel-04
22,-2.99,-30.0,0.146,Cayrel-04
22,-2.97,-30.0,0.206,Cayrel-04
22,-3.25,-30.0,0.256,Cayrel-04
22,-3.78,-30.0,0.326,Cayrel-04
22,-3.29,-30.0,0.216,Cayrel-04
22,-3.03,-30.0,0.136,Cayrel-04
22,-2.69,-30.0,0.336,Cayrel-04
22,-3.41,-30.0,0.186,Cayrel-04
22,-3.14,-30.0,0.206,Cayrel-04
22,-3.97,-30.0,0.366,Cayrel-04
22,-3.43,-30.0,0.006,Cayrel-04
22,-2.84,-30.0,0.116,Cayrel-04
22,-3.33,-30.0,0.296,Cayrel-04
22,-2.62,-30.0,0.296,Cayrel-04
22,-3.56,-30.0,0.006,Cayrel-04
22,-3.04,-30.0,0.266,Cayrel-04
22,-2.82,-30.0,0.246,Cayrel-04
22,-3.19,-30.0,0.246,Cayrel-04
22,-3.06,-30.0,0.226,Cayrel-04
22,-2.69,-30.0,0.396,Cayrel-04
22,-3.3,-30.0,0.296,Cayrel-04
22,-2.91,-30.0,0.326,Cayrel-04