elemZ,[Fe/H]sun by mass (Asplund09),[X/Fe]sun by mass(Neutral),[X/Fe]sun by mass(Ionized),paperName
38,-0.1,0.674874553,-30,Roriz-21
38,-0.24,1.364874553,-30,Roriz-21
38,0.01,0.704874553,-30,Roriz-21
38,-0.25,0.844874553,-30,Roriz-21
38,0.04,0.924874553,-30,Roriz-21
38,-0.11,0.524874553,-30,Roriz-21
38,-0.52,1.034874553,-30,Roriz-21
38,-0.23,1.004874553,-30,Roriz-21
38,-0.19,0.594874553,-30,Roriz-21
38,-0.2,0.474874553,-30,Roriz-21
38,-0.08,0.854874553,-30,Roriz-21
38,-0.1,0.964874553,-30,Roriz-21
38,-0.42,0.664874553,-30,Roriz-21
38,-0.41,0.934874553,-30,Roriz-21
38,-0.48,0.674874553,-30,Roriz-21
38,-0.27,0.714874553,-30,Roriz-21
38,-0.22,0.854874553,-30,Roriz-21
38,-0.14,0.374874553,-30,Roriz-21
38,-0.6,0.964874553,-30,Roriz-21
38,-0.17,0.474874553,-30,Roriz-21
38,-0.23,0.984874553,-30,Roriz-21
38,-0.25,0.774874553,-30,Roriz-21
38,-0.07,0.454874553,-30,Roriz-21
38,0.02,0.654874553,-30,Roriz-21
38,-0.12,0.414874553,-30,Roriz-21
38,-0.24,0.314874553,-30,Roriz-21
38,-0.44,0.284874553,-30,Roriz-21
38,-0.05,0.814874553,-30,Roriz-21
38,-0.28,0.524874553,-30,Roriz-21
38,0.05,0.624874553,-30,Roriz-21
38,-0.23,0.634874553,-30,Roriz-21
38,-0.5,1.164874553,-30,Roriz-21
38,-0.1,0.694874553,-30,Roriz-21
38,0.04,0.464874553,-30,Roriz-21
38,-0.22,0.334874553,-30,Roriz-21
38,0.07,0.404874553,-30,Roriz-21
38,0.06,0.714874553,-30,Roriz-21
38,-0.31,0.354874553,-30,Roriz-21
38,-0.41,0.754874553,-30,Roriz-21
38,-0.03,0.494874553,-30,Roriz-21
38,-0.21,0.514874553,-30,Roriz-21
38,-0.21,0.734874553,-30,Roriz-21
38,0.03,0.364874553,-30,Roriz-21
38,0,0.564874553,-30,Roriz-21
38,-0.13,1.044874553,-30,Roriz-21
38,-0.1,0.794874553,-30,Roriz-21
38,-0.27,0.474874553,-30,Roriz-21
38,-0.55,1.194874553,-30,Roriz-21
38,0.05,0.894874553,-30,Roriz-21
38,-0.11,0.864874553,-30,Roriz-21
38,-0.15,0.994874553,-30,Roriz-21
38,-0.18,1.214874553,-30,Roriz-21
38,-0.19,0.944874553,-30,Roriz-21
38,-0.63,1.324874553,-30,Roriz-21
38,-0.04,0.634874553,-30,Roriz-21
38,-0.56,0.534874553,-30,Roriz-21
38,0.04,0.554874553,-30,Roriz-21
38,-0.02,0.724874553,-30,Roriz-21
38,-0.36,0.634874553,-30,Roriz-21
38,-0.43,0.324874553,-30,Roriz-21
38,-0.39,0.464874553,-30,Roriz-21
38,-0.14,1.144874553,-30,Roriz-21
38,-0.07,0.884874553,-30,Roriz-21
38,-1.04,0.884874553,-30,Roriz-21
38,-0.44,1.064874553,-30,Roriz-21
38,-0.09,0.864874553,-30,Roriz-21
38,-0.1,0.874874553,-30,Roriz-21
38,-1.11,0.204874553,-30,Roriz-21
38,-0.04,0.624874553,-30,Roriz-21
38,-0.04,0.824874553,-30,Roriz-21
38,-0.1,0.714874553,-30,Roriz-21
38,-0.27,0.674874553,-30,Roriz-21
38,-0.09,0.864874553,-30,Roriz-21
38,-0.15,0.544874553,-30,Roriz-21
38,-0.36,0.884874553,-30,Roriz-21
38,-0.26,0.724874553,-30,Roriz-21
38,-0.08,1.074874553,-30,Roriz-21
38,-0.13,0.444874553,-30,Roriz-21
38,-0.23,0.874874553,-30,Roriz-21
38,-0.14,0.734874553,-30,Roriz-21
38,-0.17,0.824874553,-30,Roriz-21
38,0.06,0.774874553,-30,Roriz-21
38,0.06,0.824874553,-30,Roriz-21
38,-0.39,0.774874553,-30,Roriz-21
38,-0.08,0.614874553,-30,Roriz-21
38,-0.17,0.394874553,-30,Roriz-21
38,-0.19,1.004874553,-30,Roriz-21
38,-0.39,0.924874553,-30,Roriz-21
38,-0.03,0.574874553,-30,Roriz-21
38,-0.34,1.024874553,-30,Roriz-21
38,-0.33,0.994874553,-30,Roriz-21
38,0.06,0.874874553,-30,Roriz-21
38,-0.13,0.654874553,-30,Roriz-21
38,-0.1,0.434874553,-30,Roriz-21
38,-0.12,0.624874553,-30,Roriz-21
38,-0.39,0.494874553,-30,Roriz-21
38,-0.43,1.224874553,-30,Roriz-21
38,-0.51,0.964874553,-30,Roriz-21
38,-0.26,0.524874553,-30,Roriz-21
38,-0.35,0.634874553,-30,Roriz-21
38,-0.17,0.934874553,-30,Roriz-21
38,-0.61,0.824874553,-30,Roriz-21
38,-0.08,0.764874553,-30,Roriz-21
38,-0.18,0.594874553,-30,Roriz-21
38,-0.14,0.804874553,-30,Roriz-21
38,-0.15,0.754874553,-30,Roriz-21
38,-0.05,0.344874553,-30,Roriz-21
38,-0.43,1.194874553,-30,Roriz-21
38,-0.27,0.674874553,-30,Roriz-21
38,0.02,0.554874553,-30,Roriz-21
38,0.05,0.564874553,-30,Roriz-21
38,-0.07,0.524874553,-30,Roriz-21
38,0.01,0.674874553,-30,Roriz-21
38,-0.1,0.664874553,-30,Roriz-21
38,-0.17,0.714874553,-30,Roriz-21
38,0.01,0.314874553,-30,Roriz-21
38,-0.48,0.384874553,-30,Roriz-21
38,-0.3,0.414874553,-30,Roriz-21
38,-0.07,0.704874553,-30,Roriz-21
38,-0.2,0.364874553,-30,Roriz-21
38,-0.12,0.764874553,-30,Roriz-21
38,0.02,0.374874553,-30,Roriz-21
38,-0.14,0.624874553,-30,Roriz-21
38,-0.07,0.394874553,-30,Roriz-21
38,0.02,0.194874553,-30,Roriz-21
38,-0.13,0.354874553,-30,Roriz-21
38,-0.22,-0.165125447,-30,Roriz-21
38,-0.16,0.454874553,-30,Roriz-21
38,-0.31,0.464874553,-30,Roriz-21
38,-0.23,0.764874553,-30,Roriz-21
38,-0.01,0.394874553,-30,Roriz-21
38,-0.11,0.974874553,-30,Roriz-21
38,-0.04,0.494874553,-30,Roriz-21
38,0.04,0.504874553,-30,Roriz-21
38,0.05,0.144874553,-30,Roriz-21
38,-0.56,0.554874553,-30,Roriz-21
38,-0.15,0.604874553,-30,Roriz-21
38,-0.03,0.544874553,-30,Roriz-21
38,-0.1,0.324874553,-30,Roriz-21
38,-0.52,0.404874553,-30,Roriz-21
38,-0.27,0.674874553,-30,Roriz-21
38,-0.51,0.504874553,-30,Roriz-21
38,0.01,0.414874553,-30,Roriz-21
38,-0.21,0.634874553,-30,Roriz-21
38,0.04,0.434874553,-30,Roriz-21
38,-0.09,0.674874553,-30,Roriz-21
38,-0.42,0.644874553,-30,Roriz-21
38,0,0.364874553,-30,Roriz-21
38,-0.01,0.644874553,-30,Roriz-21
38,-0.08,0.744874553,-30,Roriz-21
38,-0.61,0.964874553,-30,Roriz-21
38,-0.4,1.004874553,-30,Roriz-21
38,-0.17,0.754874553,-30,Roriz-21
38,-0.5,1.124874553,-30,Roriz-21
38,0.03,0.564874553,-30,Roriz-21
38,-0.34,0.854874553,-30,Roriz-21
38,-0.03,0.454874553,-30,Roriz-21
38,-0.17,0.634874553,-30,Roriz-21
38,-0.08,1.004874553,-30,Roriz-21
38,-0.04,0.804874553,-30,Roriz-21
38,-0.1,0.754874553,-30,Roriz-21
38,-0.29,0.734874553,-30,Roriz-21
38,0.02,0.584874553,-30,Roriz-21
38,-0.98,-29.98512545,-30,Roriz-21
38,-0.19,0.654874553,-30,Roriz-21
38,-0.3,0.454874553,-30,Roriz-21
38,-0.11,0.844874553,-30,Roriz-21
38,-0.15,0.764874553,-30,Roriz-21
38,-0.92,1.114874553,-30,Roriz-21
38,0.12,0.594874553,-30,Roriz-21
38,0.11,0.824874553,-30,Roriz-21
38,0.21,0.474874553,-30,Roriz-21
38,0.19,0.354874553,-30,Roriz-21
38,0.2,0.464874553,-30,Roriz-21
38,0.23,0.634874553,-30,Roriz-21
38,0.1,0.424874553,-30,Roriz-21
38,0.16,0.544874553,-30,Roriz-21
38,0.26,0.404874553,-30,Roriz-21
38,0.18,0.444874553,-30,Roriz-21
38,0.3,0.334874553,-30,Roriz-21
41,-0.1,1.367935489,-30,Roriz-21
41,-0.24,2.367935489,-30,Roriz-21
41,0.01,1.047935489,-30,Roriz-21
41,-0.25,1.087935489,-30,Roriz-21
41,0.04,1.017935489,-30,Roriz-21
41,-0.11,0.467935489,-30,Roriz-21
41,-0.52,1.367935489,-30,Roriz-21
41,-0.23,1.247935489,-30,Roriz-21
41,-0.19,1.127935489,-30,Roriz-21
41,-0.2,1.067935489,-30,Roriz-21
41,-0.08,-30.01206451,-30,Roriz-21
41,-0.1,1.587935489,-30,Roriz-21
41,-0.42,1.537935489,-30,Roriz-21
41,-0.41,1.317935489,-30,Roriz-21
41,-0.48,-30.01206451,-30,Roriz-21
41,-0.27,1.407935489,-30,Roriz-21
41,-0.22,1.237935489,-30,Roriz-21
41,-0.14,0.457935489,-30,Roriz-21
41,-0.6,1.187935489,-30,Roriz-21
41,-0.17,0.777935489,-30,Roriz-21
41,-0.23,1.387935489,-30,Roriz-21
41,-0.25,0.837935489,-30,Roriz-21
41,-0.07,0.267935489,-30,Roriz-21
41,0.02,0.337935489,-30,Roriz-21
41,-0.12,0.907935489,-30,Roriz-21
41,-0.24,0.887935489,-30,Roriz-21
41,-0.44,0.557935489,-30,Roriz-21
41,-0.05,1.207935489,-30,Roriz-21
41,-0.28,0.827935489,-30,Roriz-21
41,0.05,0.877935489,-30,Roriz-21
41,-0.23,0.867935489,-30,Roriz-21
41,-0.5,1.737935489,-30,Roriz-21
41,-0.1,1.097935489,-30,Roriz-21
41,0.04,1.007935489,-30,Roriz-21
41,-0.22,-30.01206451,-30,Roriz-21
41,0.07,0.607935489,-30,Roriz-21
41,0.06,1.237935489,-30,Roriz-21
41,-0.31,0.907935489,-30,Roriz-21
41,-0.41,1.117935489,-30,Roriz-21
41,-0.03,0.897935489,-30,Roriz-21
41,-0.21,0.717935489,-30,Roriz-21
41,-0.21,1.017935489,-30,Roriz-21
41,0.03,0.797935489,-30,Roriz-21
41,0,0.907935489,-30,Roriz-21
41,-0.13,1.347935489,-30,Roriz-21
41,-0.1,1.217935489,-30,Roriz-21
41,-0.27,1.007935489,-30,Roriz-21
41,-0.55,1.517935489,-30,Roriz-21
41,0.05,0.967935489,-30,Roriz-21
41,-0.11,1.017935489,-30,Roriz-21
41,-0.15,1.627935489,-30,Roriz-21
41,-0.18,1.647935489,-30,Roriz-21
41,-0.19,1.367935489,-30,Roriz-21
41,-0.63,1.837935489,-30,Roriz-21
41,-0.04,1.147935489,-30,Roriz-21
41,-0.56,-30.01206451,-30,Roriz-21
41,0.04,0.667935489,-30,Roriz-21
41,-0.02,1.247935489,-30,Roriz-21
41,-0.36,1.007935489,-30,Roriz-21
41,-0.43,-30.01206451,-30,Roriz-21
41,-0.39,0.577935489,-30,Roriz-21
41,-0.14,1.667935489,-30,Roriz-21
41,-0.07,1.097935489,-30,Roriz-21
41,-1.04,1.127935489,-30,Roriz-21
41,-0.44,1.347935489,-30,Roriz-21
41,-0.09,1.347935489,-30,Roriz-21
41,-0.1,1.107935489,-30,Roriz-21
41,-1.11,0.977935489,-30,Roriz-21
41,-0.04,0.937935489,-30,Roriz-21
41,-0.04,1.127935489,-30,Roriz-21
41,-0.1,0.987935489,-30,Roriz-21
41,-0.27,0.937935489,-30,Roriz-21
41,-0.09,1.057935489,-30,Roriz-21
41,-0.15,0.897935489,-30,Roriz-21
41,-0.36,0.987935489,-30,Roriz-21
41,-0.26,0.967935489,-30,Roriz-21
41,-0.08,1.457935489,-30,Roriz-21
41,-0.13,0.587935489,-30,Roriz-21
41,-0.23,1.337935489,-30,Roriz-21
41,-0.14,0.757935489,-30,Roriz-21
41,-0.17,0.877935489,-30,Roriz-21
41,0.06,0.907935489,-30,Roriz-21
41,0.06,1.097935489,-30,Roriz-21
41,-0.39,1.067935489,-30,Roriz-21
41,-0.08,0.877935489,-30,Roriz-21
41,-0.17,1.037935489,-30,Roriz-21
41,-0.19,1.217935489,-30,Roriz-21
41,-0.39,1.347935489,-30,Roriz-21
41,-0.03,0.907935489,-30,Roriz-21
41,-0.34,1.397935489,-30,Roriz-21
41,-0.33,1.187935489,-30,Roriz-21
41,0.06,1.577935489,-30,Roriz-21
41,-0.13,0.857935489,-30,Roriz-21
41,-0.1,0.747935489,-30,Roriz-21
41,-0.12,0.847935489,-30,Roriz-21
41,-0.39,0.697935489,-30,Roriz-21
41,-0.43,1.547935489,-30,Roriz-21
41,-0.51,1.157935489,-30,Roriz-21
41,-0.26,1.017935489,-30,Roriz-21
41,-0.35,0.957935489,-30,Roriz-21
41,-0.17,1.007935489,-30,Roriz-21
41,-0.61,1.267935489,-30,Roriz-21
41,-0.08,1.067935489,-30,Roriz-21
41,-0.18,1.017935489,-30,Roriz-21
41,-0.14,1.047935489,-30,Roriz-21
41,-0.15,1.007935489,-30,Roriz-21
41,-0.05,0.857935489,-30,Roriz-21
41,-0.43,1.767935489,-30,Roriz-21
41,-0.27,0.707935489,-30,Roriz-21
41,0.02,0.357935489,-30,Roriz-21
41,0.05,0.717935489,-30,Roriz-21
41,-0.07,0.857935489,-30,Roriz-21
41,0.01,0.547935489,-30,Roriz-21
41,-0.1,0.897935489,-30,Roriz-21
41,-0.17,0.367935489,-30,Roriz-21
41,0.01,0.697935489,-30,Roriz-21
41,-0.48,-30.01206451,-30,Roriz-21
41,-0.3,-30.01206451,-30,Roriz-21
41,-0.07,0.647935489,-30,Roriz-21
41,-0.2,-30.01206451,-30,Roriz-21
41,-0.12,0.467935489,-30,Roriz-21
41,0.02,-30.01206451,-30,Roriz-21
41,-0.14,0.807935489,-30,Roriz-21
41,-0.07,0.347935489,-30,Roriz-21
41,0.02,0.657935489,-30,Roriz-21
41,-0.13,0.617935489,-30,Roriz-21
41,-0.22,0.807935489,-30,Roriz-21
41,-0.16,0.917935489,-30,Roriz-21
41,-0.31,0.587935489,-30,Roriz-21
41,-0.23,0.937935489,-30,Roriz-21
41,-0.01,0.597935489,-30,Roriz-21
41,-0.11,1.017935489,-30,Roriz-21
41,-0.04,0.757935489,-30,Roriz-21
41,0.04,0.847935489,-30,Roriz-21
41,0.05,1.157935489,-30,Roriz-21
41,-0.56,0.847935489,-30,Roriz-21
41,-0.15,0.777935489,-30,Roriz-21
41,-0.03,0.807935489,-30,Roriz-21
41,-0.1,0.437935489,-30,Roriz-21
41,-0.52,0.957935489,-30,Roriz-21
41,-0.27,0.927935489,-30,Roriz-21
41,-0.51,0.587935489,-30,Roriz-21
41,0.01,-30.01206451,-30,Roriz-21
41,-0.21,0.957935489,-30,Roriz-21
41,0.04,0.877935489,-30,Roriz-21
41,-0.09,0.877935489,-30,Roriz-21
41,-0.42,-30.01206451,-30,Roriz-21
41,0,0.357935489,-30,Roriz-21
41,-0.01,0.657935489,-30,Roriz-21
41,-0.08,1.117935489,-30,Roriz-21
41,-0.61,1.297935489,-30,Roriz-21
41,-0.4,1.157935489,-30,Roriz-21
41,-0.17,1.127935489,-30,Roriz-21
41,-0.5,-30.01206451,-30,Roriz-21
41,0.03,0.707935489,-30,Roriz-21
41,-0.34,1.007935489,-30,Roriz-21
41,-0.03,0.457935489,-30,Roriz-21
41,-0.17,0.637935489,-30,Roriz-21
41,-0.08,0.967935489,-30,Roriz-21
41,-0.04,0.907935489,-30,Roriz-21
41,-0.1,1.057935489,-30,Roriz-21
41,-0.29,1.197935489,-30,Roriz-21
41,0.02,0.467935489,-30,Roriz-21
41,-0.98,-30.01206451,-30,Roriz-21
41,-0.19,0.277935489,-30,Roriz-21
41,-0.3,-30.01206451,-30,Roriz-21
41,-0.11,1.017935489,-30,Roriz-21
41,-0.15,0.417935489,-30,Roriz-21
41,-0.92,1.347935489,-30,Roriz-21
41,0.12,-30.01206451,-30,Roriz-21
41,0.11,1.207935489,-30,Roriz-21
41,0.21,0.727935489,-30,Roriz-21
41,0.19,-30.01206451,-30,Roriz-21
41,0.2,0.767935489,-30,Roriz-21
41,0.23,0.447935489,-30,Roriz-21
41,0.1,0.387935489,-30,Roriz-21
41,0.16,0.777935489,-30,Roriz-21
41,0.26,0.527935489,-30,Roriz-21
41,0.18,0.647935489,-30,Roriz-21
41,0.3,0.387935489,-30,Roriz-21
42,-0.1,1.26017663,-30,Roriz-21
42,-0.24,1.74017663,-30,Roriz-21
42,0.01,1.18017663,-30,Roriz-21
42,-0.25,1.19017663,-30,Roriz-21
42,0.04,1.00017663,-30,Roriz-21
42,-0.11,0.59017663,-30,Roriz-21
42,-0.52,1.15017663,-30,Roriz-21
42,-0.23,1.19017663,-30,Roriz-21
42,-0.19,1.19017663,-30,Roriz-21
42,-0.2,0.78017663,-30,Roriz-21
42,-0.08,1.02017663,-30,Roriz-21
42,-0.1,1.52017663,-30,Roriz-21
42,-0.42,1.25017663,-30,Roriz-21
42,-0.41,1.11017663,-30,Roriz-21
42,-0.48,1.00017663,-30,Roriz-21
42,-0.27,1.26017663,-30,Roriz-21
42,-0.22,1.26017663,-30,Roriz-21
42,-0.14,0.65017663,-30,Roriz-21
42,-0.6,1.13017663,-30,Roriz-21
42,-0.17,0.95017663,-30,Roriz-21
42,-0.23,1.68017663,-30,Roriz-21
42,-0.25,1.16017663,-30,Roriz-21
42,-0.07,0.70017663,-30,Roriz-21
42,0.02,0.70017663,-30,Roriz-21
42,-0.12,0.87017663,-30,Roriz-21
42,-0.24,0.74017663,-30,Roriz-21
42,-0.44,0.51017663,-30,Roriz-21
42,-0.05,1.04017663,-30,Roriz-21
42,-0.28,0.72017663,-30,Roriz-21
42,0.05,0.94017663,-30,Roriz-21
42,-0.23,0.68017663,-30,Roriz-21
42,-0.5,1.43017663,-30,Roriz-21
42,-0.1,0.95017663,-30,Roriz-21
42,0.04,0.91017663,-30,Roriz-21
42,-0.22,0.43017663,-30,Roriz-21
42,0.07,0.42017663,-30,Roriz-21
42,0.06,1.02017663,-30,Roriz-21
42,-0.31,0.78017663,-30,Roriz-21
42,-0.41,0.90017663,-30,Roriz-21
42,-0.03,0.68017663,-30,Roriz-21
42,-0.21,0.61017663,-30,Roriz-21
42,-0.21,0.89017663,-30,Roriz-21
42,0.03,0.56017663,-30,Roriz-21
42,0,0.68017663,-30,Roriz-21
42,-0.13,1.33017663,-30,Roriz-21
42,-0.1,0.97017663,-30,Roriz-21
42,-0.27,0.75017663,-30,Roriz-21
42,-0.55,1.18017663,-30,Roriz-21
42,0.05,0.87017663,-30,Roriz-21
42,-0.11,0.99017663,-30,Roriz-21
42,-0.15,1.30017663,-30,Roriz-21
42,-0.18,1.32017663,-30,Roriz-21
42,-0.19,1.07017663,-30,Roriz-21
42,-0.63,1.65017663,-30,Roriz-21
42,-0.04,0.90017663,-30,Roriz-21
42,-0.56,0.50017663,-30,Roriz-21
42,0.04,0.59017663,-30,Roriz-21
42,-0.02,0.96017663,-30,Roriz-21
42,-0.36,0.64017663,-30,Roriz-21
42,-0.43,0.39017663,-30,Roriz-21
42,-0.39,0.44017663,-30,Roriz-21
42,-0.14,1.28017663,-30,Roriz-21
42,-0.07,0.50017663,-30,Roriz-21
42,-1.04,0.82017663,-30,Roriz-21
42,-0.44,1.16017663,-30,Roriz-21
42,-0.09,1.10017663,-30,Roriz-21
42,-0.1,0.94017663,-30,Roriz-21
42,-1.11,0.63017663,-30,Roriz-21
42,-0.04,0.71017663,-30,Roriz-21
42,-0.04,0.90017663,-30,Roriz-21
42,-0.1,0.79017663,-30,Roriz-21
42,-0.27,0.69017663,-30,Roriz-21
42,-0.09,0.90017663,-30,Roriz-21
42,-0.15,0.89017663,-30,Roriz-21
42,-0.36,1.12017663,-30,Roriz-21
42,-0.26,0.89017663,-30,Roriz-21
42,-0.08,1.21017663,-30,Roriz-21
42,-0.13,0.60017663,-30,Roriz-21
42,-0.23,0.83017663,-30,Roriz-21
42,-0.14,0.72017663,-30,Roriz-21
42,-0.17,0.80017663,-30,Roriz-21
42,0.06,0.65017663,-30,Roriz-21
42,0.06,0.95017663,-30,Roriz-21
42,-0.39,0.92017663,-30,Roriz-21
42,-0.08,0.75017663,-30,Roriz-21
42,-0.17,1.04017663,-30,Roriz-21
42,-0.19,1.19017663,-30,Roriz-21
42,-0.39,1.05017663,-30,Roriz-21
42,-0.03,0.61017663,-30,Roriz-21
42,-0.34,1.17017663,-30,Roriz-21
42,-0.33,0.93017663,-30,Roriz-21
42,0.06,1.11017663,-30,Roriz-21
42,-0.13,0.73017663,-30,Roriz-21
42,-0.1,0.68017663,-30,Roriz-21
42,-0.12,0.75017663,-30,Roriz-21
42,-0.39,0.61017663,-30,Roriz-21
42,-0.43,1.35017663,-30,Roriz-21
42,-0.51,1.15017663,-30,Roriz-21
42,-0.26,0.79017663,-30,Roriz-21
42,-0.35,0.94017663,-30,Roriz-21
42,-0.17,1.02017663,-30,Roriz-21
42,-0.61,0.84017663,-30,Roriz-21
42,-0.08,0.96017663,-30,Roriz-21
42,-0.18,1.03017663,-30,Roriz-21
42,-0.14,1.10017663,-30,Roriz-21
42,-0.15,1.06017663,-30,Roriz-21
42,-0.05,0.75017663,-30,Roriz-21
42,-0.43,1.64017663,-30,Roriz-21
42,-0.27,0.88017663,-30,Roriz-21
42,0.02,0.47017663,-30,Roriz-21
42,0.05,0.83017663,-30,Roriz-21
42,-0.07,1.26017663,-30,Roriz-21
42,0.01,0.54017663,-30,Roriz-21
42,-0.1,0.85017663,-30,Roriz-21
42,-0.17,0.89017663,-30,Roriz-21
42,0.01,0.56017663,-30,Roriz-21
42,-0.48,0.65017663,-30,Roriz-21
42,-0.3,0.50017663,-30,Roriz-21
42,-0.07,0.71017663,-30,Roriz-21
42,-0.2,0.39017663,-30,Roriz-21
42,-0.12,0.89017663,-30,Roriz-21
42,0.02,0.67017663,-30,Roriz-21
42,-0.14,0.86017663,-30,Roriz-21
42,-0.07,0.44017663,-30,Roriz-21
42,0.02,0.33017663,-30,Roriz-21
42,-0.13,0.27017663,-30,Roriz-21
42,-0.22,0.44017663,-30,Roriz-21
42,-0.16,0.67017663,-30,Roriz-21
42,-0.31,0.40017663,-30,Roriz-21
42,-0.23,0.64017663,-30,Roriz-21
42,-0.01,0.43017663,-30,Roriz-21
42,-0.11,0.82017663,-30,Roriz-21
42,-0.04,0.53017663,-30,Roriz-21
42,0.04,0.63017663,-30,Roriz-21
42,0.05,1.29017663,-30,Roriz-21
42,-0.56,0.64017663,-30,Roriz-21
42,-0.15,0.68017663,-30,Roriz-21
42,-0.03,0.57017663,-30,Roriz-21
42,-0.1,0.42017663,-30,Roriz-21
42,-0.52,0.60017663,-30,Roriz-21
42,-0.27,0.71017663,-30,Roriz-21
42,-0.51,0.67017663,-30,Roriz-21
42,0.01,0.51017663,-30,Roriz-21
42,-0.21,0.68017663,-30,Roriz-21
42,0.04,0.72017663,-30,Roriz-21
42,-0.09,0.87017663,-30,Roriz-21
42,-0.42,0.71017663,-30,Roriz-21
42,0,0.43017663,-30,Roriz-21
42,-0.01,0.58017663,-30,Roriz-21
42,-0.08,1.05017663,-30,Roriz-21
42,-0.61,0.85017663,-30,Roriz-21
42,-0.4,0.96017663,-30,Roriz-21
42,-0.17,1.02017663,-30,Roriz-21
42,-0.5,1.18017663,-30,Roriz-21
42,0.03,0.61017663,-30,Roriz-21
42,-0.34,0.70017663,-30,Roriz-21
42,-0.03,0.55017663,-30,Roriz-21
42,-0.17,0.71017663,-30,Roriz-21
42,-0.08,1.07017663,-30,Roriz-21
42,-0.04,0.70017663,-30,Roriz-21
42,-0.1,0.69017663,-30,Roriz-21
42,-0.29,1.06017663,-30,Roriz-21
42,0.02,0.41017663,-30,Roriz-21
42,-0.98,0.84017663,-30,Roriz-21
42,-0.19,0.72017663,-30,Roriz-21
42,-0.3,0.45017663,-30,Roriz-21
42,-0.11,0.83017663,-30,Roriz-21
42,-0.15,0.99017663,-30,Roriz-21
42,-0.92,1.03017663,-30,Roriz-21
42,0.12,-29.90982337,-30,Roriz-21
42,0.11,1.12017663,-30,Roriz-21
42,0.21,0.86017663,-30,Roriz-21
42,0.19,0.88017663,-30,Roriz-21
42,0.2,0.99017663,-30,Roriz-21
42,0.23,-29.90982337,-30,Roriz-21
42,0.1,0.53017663,-30,Roriz-21
42,0.16,0.88017663,-30,Roriz-21
42,0.26,0.78017663,-30,Roriz-21
42,0.18,0.55017663,-30,Roriz-21
42,0.3,0.25017663,-30,Roriz-21
44,-0.1,1.111779774,-30,Roriz-21
44,-0.24,1.581779774,-30,Roriz-21
44,0.01,0.851779774,-30,Roriz-21
44,-0.25,0.831779774,-30,Roriz-21
44,0.04,1.081779774,-30,Roriz-21
44,-0.11,0.411779774,-30,Roriz-21
44,-0.52,0.911779774,-30,Roriz-21
44,-0.23,1.231779774,-30,Roriz-21
44,-0.19,0.861779774,-30,Roriz-21
44,-0.2,1.111779774,-30,Roriz-21
44,-0.08,1.031779774,-30,Roriz-21
44,-0.1,1.201779774,-30,Roriz-21
44,-0.42,0.991779774,-30,Roriz-21
44,-0.41,1.221779774,-30,Roriz-21
44,-0.48,0.771779774,-30,Roriz-21
44,-0.27,1.121779774,-30,Roriz-21
44,-0.22,0.971779774,-30,Roriz-21
44,-0.14,0.281779774,-30,Roriz-21
44,-0.6,0.971779774,-30,Roriz-21
44,-0.17,0.731779774,-30,Roriz-21
44,-0.23,1.011779774,-30,Roriz-21
44,-0.25,0.761779774,-30,Roriz-21
44,-0.07,0.321779774,-30,Roriz-21
44,0.02,0.681779774,-30,Roriz-21
44,-0.12,0.691779774,-30,Roriz-21
44,-0.24,0.481779774,-30,Roriz-21
44,-0.44,0.411779774,-30,Roriz-21
44,-0.05,0.861779774,-30,Roriz-21
44,-0.28,0.851779774,-30,Roriz-21
44,0.05,0.491779774,-30,Roriz-21
44,-0.23,0.711779774,-30,Roriz-21
44,-0.5,1.191779774,-30,Roriz-21
44,-0.1,0.681779774,-30,Roriz-21
44,0.04,0.741779774,-30,Roriz-21
44,-0.22,0.481779774,-30,Roriz-21
44,0.07,0.181779774,-30,Roriz-21
44,0.06,0.681779774,-30,Roriz-21
44,-0.31,0.441779774,-30,Roriz-21
44,-0.41,0.531779774,-30,Roriz-21
44,-0.03,0.461779774,-30,Roriz-21
44,-0.21,0.421779774,-30,Roriz-21
44,-0.21,0.501779774,-30,Roriz-21
44,0.03,0.561779774,-30,Roriz-21
44,0,0.591779774,-30,Roriz-21
44,-0.13,0.761779774,-30,Roriz-21
44,-0.1,1.121779774,-30,Roriz-21
44,-0.27,0.521779774,-30,Roriz-21
44,-0.55,0.971779774,-30,Roriz-21
44,0.05,0.741779774,-30,Roriz-21
44,-0.11,0.631779774,-30,Roriz-21
44,-0.15,1.191779774,-30,Roriz-21
44,-0.18,1.001779774,-30,Roriz-21
44,-0.19,0.841779774,-30,Roriz-21
44,-0.63,1.271779774,-30,Roriz-21
44,-0.04,0.691779774,-30,Roriz-21
44,-0.56,0.741779774,-30,Roriz-21
44,0.04,0.501779774,-30,Roriz-21
44,-0.02,0.691779774,-30,Roriz-21
44,-0.36,0.581779774,-30,Roriz-21
44,-0.43,0.621779774,-30,Roriz-21
44,-0.39,0.401779774,-30,Roriz-21
44,-0.14,1.031779774,-30,Roriz-21
44,-0.07,0.671779774,-30,Roriz-21
44,-1.04,1.321779774,-30,Roriz-21
44,-0.44,1.041779774,-30,Roriz-21
44,-0.09,0.731779774,-30,Roriz-21
44,-0.1,0.921779774,-30,Roriz-21
44,-1.11,0.401779774,-30,Roriz-21
44,-0.04,0.641779774,-30,Roriz-21
44,-0.04,0.681779774,-30,Roriz-21
44,-0.1,0.341779774,-30,Roriz-21
44,-0.27,0.521779774,-30,Roriz-21
44,-0.09,0.751779774,-30,Roriz-21
44,-0.15,0.361779774,-30,Roriz-21
44,-0.36,0.591779774,-30,Roriz-21
44,-0.26,0.501779774,-30,Roriz-21
44,-0.08,0.901779774,-30,Roriz-21
44,-0.13,0.211779774,-30,Roriz-21
44,-0.23,0.651779774,-30,Roriz-21
44,-0.14,0.271779774,-30,Roriz-21
44,-0.17,0.401779774,-30,Roriz-21
44,0.06,0.661779774,-30,Roriz-21
44,0.06,0.521779774,-30,Roriz-21
44,-0.39,0.521779774,-30,Roriz-21
44,-0.08,0.741779774,-30,Roriz-21
44,-0.17,0.371779774,-30,Roriz-21
44,-0.19,0.791779774,-30,Roriz-21
44,-0.39,1.291779774,-30,Roriz-21
44,-0.03,0.481779774,-30,Roriz-21
44,-0.34,0.981779774,-30,Roriz-21
44,-0.33,0.801779774,-30,Roriz-21
44,0.06,-29.97822023,-30,Roriz-21
44,-0.13,0.361779774,-30,Roriz-21
44,-0.1,0.291779774,-30,Roriz-21
44,-0.12,0.641779774,-30,Roriz-21
44,-0.39,0.221779774,-30,Roriz-21
44,-0.43,1.071779774,-30,Roriz-21
44,-0.51,0.721779774,-30,Roriz-21
44,-0.26,0.491779774,-30,Roriz-21
44,-0.35,0.581779774,-30,Roriz-21
44,-0.17,0.821779774,-30,Roriz-21
44,-0.61,1.291779774,-30,Roriz-21
44,-0.08,0.731779774,-30,Roriz-21
44,-0.18,0.711779774,-30,Roriz-21
44,-0.14,0.811779774,-30,Roriz-21
44,-0.15,0.691779774,-30,Roriz-21
44,-0.05,0.561779774,-30,Roriz-21
44,-0.43,1.081779774,-30,Roriz-21
44,-0.27,0.601779774,-30,Roriz-21
44,0.02,0.391779774,-30,Roriz-21
44,0.05,0.611779774,-30,Roriz-21
44,-0.07,0.911779774,-30,Roriz-21
44,0.01,0.351779774,-30,Roriz-21
44,-0.1,0.711779774,-30,Roriz-21
44,-0.17,0.721779774,-30,Roriz-21
44,0.01,0.711779774,-30,Roriz-21
44,-0.48,-29.97822023,-30,Roriz-21
44,-0.3,0.871779774,-30,Roriz-21
44,-0.07,0.761779774,-30,Roriz-21
44,-0.2,0.901779774,-30,Roriz-21
44,-0.12,0.981779774,-30,Roriz-21
44,0.02,0.321779774,-30,Roriz-21
44,-0.14,0.511779774,-30,Roriz-21
44,-0.07,0.221779774,-30,Roriz-21
44,0.02,0.311779774,-30,Roriz-21
44,-0.13,0.441779774,-30,Roriz-21
44,-0.22,0.551779774,-30,Roriz-21
44,-0.16,0.871779774,-30,Roriz-21
44,-0.31,0.281779774,-30,Roriz-21
44,-0.23,0.771779774,-30,Roriz-21
44,-0.01,0.031779774,-30,Roriz-21
44,-0.11,0.401779774,-30,Roriz-21
44,-0.04,0.491779774,-30,Roriz-21
44,0.04,0.391779774,-30,Roriz-21
44,0.05,0.611779774,-30,Roriz-21
44,-0.56,0.341779774,-30,Roriz-21
44,-0.15,0.561779774,-30,Roriz-21
44,-0.03,0.291779774,-30,Roriz-21
44,-0.1,-0.028220226,-30,Roriz-21
44,-0.52,0.381779774,-30,Roriz-21
44,-0.27,0.451779774,-30,Roriz-21
44,-0.51,0.491779774,-30,Roriz-21
44,0.01,0.311779774,-30,Roriz-21
44,-0.21,0.701779774,-30,Roriz-21
44,0.04,0.441779774,-30,Roriz-21
44,-0.09,0.771779774,-30,Roriz-21
44,-0.42,0.791779774,-30,Roriz-21
44,0,0.071779774,-30,Roriz-21
44,-0.01,0.461779774,-30,Roriz-21
44,-0.08,0.761779774,-30,Roriz-21
44,-0.61,0.691779774,-30,Roriz-21
44,-0.4,0.621779774,-30,Roriz-21
44,-0.17,0.591779774,-30,Roriz-21
44,-0.5,0.811779774,-30,Roriz-21
44,0.03,0.121779774,-30,Roriz-21
44,-0.34,0.421779774,-30,Roriz-21
44,-0.03,-0.008220226,-30,Roriz-21
44,-0.17,0.451779774,-30,Roriz-21
44,-0.08,0.891779774,-30,Roriz-21
44,-0.04,0.211779774,-30,Roriz-21
44,-0.1,0.321779774,-30,Roriz-21
44,-0.29,1.071779774,-30,Roriz-21
44,0.02,0.051779774,-30,Roriz-21
44,-0.98,-29.97822023,-30,Roriz-21
44,-0.19,0.771779774,-30,Roriz-21
44,-0.3,0.401779774,-30,Roriz-21
44,-0.11,0.991779774,-30,Roriz-21
44,-0.15,-29.97822023,-30,Roriz-21
44,-0.92,1.401779774,-30,Roriz-21
44,0.12,-29.97822023,-30,Roriz-21
44,0.11,0.831779774,-30,Roriz-21
44,0.21,0.491779774,-30,Roriz-21
44,0.19,-29.97822023,-30,Roriz-21
44,0.2,0.601779774,-30,Roriz-21
44,0.23,-29.97822023,-30,Roriz-21
44,0.1,0.351779774,-30,Roriz-21
44,0.16,0.261779774,-30,Roriz-21
44,0.26,0.191779774,-30,Roriz-21
44,0.18,-29.97822023,-30,Roriz-21
44,0.3,-0.058220226,-30,Roriz-21
57,-0.1,1.406793177,-30,Roriz-21
57,-0.24,1.566793177,-30,Roriz-21
57,0.01,0.936793177,-30,Roriz-21
57,-0.25,0.956793177,-30,Roriz-21
57,0.04,0.986793177,-30,Roriz-21
57,-0.11,0.346793177,-30,Roriz-21
57,-0.52,1.316793177,-30,Roriz-21
57,-0.23,1.006793177,-30,Roriz-21
57,-0.19,0.966793177,-30,Roriz-21
57,-0.2,0.946793177,-30,Roriz-21
57,-0.08,0.766793177,-30,Roriz-21
57,-0.1,1.346793177,-30,Roriz-21
57,-0.42,0.966793177,-30,Roriz-21
57,-0.41,1.466793177,-30,Roriz-21
57,-0.48,0.996793177,-30,Roriz-21
57,-0.27,1.426793177,-30,Roriz-21
57,-0.22,1.356793177,-30,Roriz-21
57,-0.14,0.536793177,-30,Roriz-21
57,-0.6,1.266793177,-30,Roriz-21
57,-0.17,0.876793177,-30,Roriz-21
57,-0.23,1.476793177,-30,Roriz-21
57,-0.25,0.906793177,-30,Roriz-21
57,-0.07,0.536793177,-30,Roriz-21
57,0.02,0.626793177,-30,Roriz-21
57,-0.12,0.706793177,-30,Roriz-21
57,-0.24,0.976793177,-30,Roriz-21
57,-0.44,0.696793177,-30,Roriz-21
57,-0.05,1.126793177,-30,Roriz-21
57,-0.28,0.666793177,-30,Roriz-21
57,0.05,0.656793177,-30,Roriz-21
57,-0.23,0.726793177,-30,Roriz-21
57,-0.5,1.386793177,-30,Roriz-21
57,-0.1,0.846793177,-30,Roriz-21
57,0.04,0.826793177,-30,Roriz-21
57,-0.22,0.296793177,-30,Roriz-21
57,0.07,0.416793177,-30,Roriz-21
57,0.06,0.956793177,-30,Roriz-21
57,-0.31,0.646793177,-30,Roriz-21
57,-0.41,0.856793177,-30,Roriz-21
57,-0.03,0.656793177,-30,Roriz-21
57,-0.21,0.546793177,-30,Roriz-21
57,-0.21,0.766793177,-30,Roriz-21
57,0.03,0.606793177,-30,Roriz-21
57,0,0.536793177,-30,Roriz-21
57,-0.13,1.286793177,-30,Roriz-21
57,-0.1,1.066793177,-30,Roriz-21
57,-0.27,0.896793177,-30,Roriz-21
57,-0.55,1.496793177,-30,Roriz-21
57,0.05,0.716793177,-30,Roriz-21
57,-0.11,0.826793177,-30,Roriz-21
57,-0.15,1.666793177,-30,Roriz-21
57,-0.18,1.246793177,-30,Roriz-21
57,-0.19,0.886793177,-30,Roriz-21
57,-0.63,1.706793177,-30,Roriz-21
57,-0.04,1.036793177,-30,Roriz-21
57,-0.56,0.656793177,-30,Roriz-21
57,0.04,0.486793177,-30,Roriz-21
57,-0.02,1.066793177,-30,Roriz-21
57,-0.36,0.876793177,-30,Roriz-21
57,-0.43,0.436793177,-30,Roriz-21
57,-0.39,0.616793177,-30,Roriz-21
57,-0.14,1.436793177,-30,Roriz-21
57,-0.07,0.936793177,-30,Roriz-21
57,-1.04,1.136793177,-30,Roriz-21
57,-0.44,1.206793177,-30,Roriz-21
57,-0.09,1.186793177,-30,Roriz-21
57,-0.1,0.936793177,-30,Roriz-21
57,-1.11,0.346793177,-30,Roriz-21
57,-0.04,0.606793177,-30,Roriz-21
57,-0.04,0.946793177,-30,Roriz-21
57,-0.1,0.746793177,-30,Roriz-21
57,-0.27,0.666793177,-30,Roriz-21
57,-0.09,0.826793177,-30,Roriz-21
57,-0.15,0.476793177,-30,Roriz-21
57,-0.36,1.056793177,-30,Roriz-21
57,-0.26,0.796793177,-30,Roriz-21
57,-0.08,0.866793177,-30,Roriz-21
57,-0.13,0.426793177,-30,Roriz-21
57,-0.23,0.836793177,-30,Roriz-21
57,-0.14,0.396793177,-30,Roriz-21
57,-0.17,0.366793177,-30,Roriz-21
57,0.06,0.386793177,-30,Roriz-21
57,0.06,0.896793177,-30,Roriz-21
57,-0.39,1.146793177,-30,Roriz-21
57,-0.08,0.596793177,-30,Roriz-21
57,-0.17,0.516793177,-30,Roriz-21
57,-0.19,1.006793177,-30,Roriz-21
57,-0.39,1.186793177,-30,Roriz-21
57,-0.03,0.586793177,-30,Roriz-21
57,-0.34,1.296793177,-30,Roriz-21
57,-0.33,1.276793177,-30,Roriz-21
57,0.06,0.786793177,-30,Roriz-21
57,-0.13,0.836793177,-30,Roriz-21
57,-0.1,0.666793177,-30,Roriz-21
57,-0.12,0.566793177,-30,Roriz-21
57,-0.39,0.416793177,-30,Roriz-21
57,-0.43,1.456793177,-30,Roriz-21
57,-0.51,1.376793177,-30,Roriz-21
57,-0.26,0.746793177,-30,Roriz-21
57,-0.35,0.956793177,-30,Roriz-21
57,-0.17,0.816793177,-30,Roriz-21
57,-0.61,1.006793177,-30,Roriz-21
57,-0.08,0.866793177,-30,Roriz-21
57,-0.18,0.746793177,-30,Roriz-21
57,-0.14,0.996793177,-30,Roriz-21
57,-0.15,1.166793177,-30,Roriz-21
57,-0.05,0.766793177,-30,Roriz-21
57,-0.43,1.556793177,-30,Roriz-21
57,-0.27,0.846793177,-30,Roriz-21
57,0.02,0.316793177,-30,Roriz-21
57,0.05,0.676793177,-30,Roriz-21
57,-0.07,0.626793177,-30,Roriz-21
57,0.01,0.526793177,-30,Roriz-21
57,-0.1,0.666793177,-30,Roriz-21
57,-0.17,0.396793177,-30,Roriz-21
57,0.01,0.506793177,-30,Roriz-21
57,-0.48,0.836793177,-30,Roriz-21
57,-0.3,0.646793177,-30,Roriz-21
57,-0.07,0.536793177,-30,Roriz-21
57,-0.2,0.426793177,-30,Roriz-21
57,-0.12,0.876793177,-30,Roriz-21
57,0.02,0.346793177,-30,Roriz-21
57,-0.14,0.566793177,-30,Roriz-21
57,-0.07,0.266793177,-30,Roriz-21
57,0.02,0.346793177,-30,Roriz-21
57,-0.13,0.226793177,-30,Roriz-21
57,-0.22,0.546793177,-30,Roriz-21
57,-0.16,0.836793177,-30,Roriz-21
57,-0.31,0.526793177,-30,Roriz-21
57,-0.23,0.796793177,-30,Roriz-21
57,-0.01,0.286793177,-30,Roriz-21
57,-0.11,0.576793177,-30,Roriz-21
57,-0.04,0.316793177,-30,Roriz-21
57,0.04,0.556793177,-30,Roriz-21
57,0.05,0.436793177,-30,Roriz-21
57,-0.56,0.666793177,-30,Roriz-21
57,-0.15,0.436793177,-30,Roriz-21
57,-0.03,0.356793177,-30,Roriz-21
57,-0.1,0.206793177,-30,Roriz-21
57,-0.52,0.486793177,-30,Roriz-21
57,-0.27,0.776793177,-30,Roriz-21
57,-0.51,0.456793177,-30,Roriz-21
57,0.01,0.356793177,-30,Roriz-21
57,-0.21,0.616793177,-30,Roriz-21
57,0.04,0.666793177,-30,Roriz-21
57,-0.09,0.906793177,-30,Roriz-21
57,-0.42,0.806793177,-30,Roriz-21
57,0,0.246793177,-30,Roriz-21
57,-0.01,0.516793177,-30,Roriz-21
57,-0.08,1.296793177,-30,Roriz-21
57,-0.61,0.956793177,-30,Roriz-21
57,-0.4,0.826793177,-30,Roriz-21
57,-0.17,1.136793177,-30,Roriz-21
57,-0.5,1.236793177,-30,Roriz-21
57,0.03,0.356793177,-30,Roriz-21
57,-0.34,0.836793177,-30,Roriz-21
57,-0.03,0.246793177,-30,Roriz-21
57,-0.17,0.616793177,-30,Roriz-21
57,-0.08,0.746793177,-30,Roriz-21
57,-0.04,0.186793177,-30,Roriz-21
57,-0.1,0.406793177,-30,Roriz-21
57,-0.29,1.006793177,-30,Roriz-21
57,0.02,0.226793177,-30,Roriz-21
57,-0.98,0.726793177,-30,Roriz-21
57,-0.19,0.596793177,-30,Roriz-21
57,-0.3,0.506793177,-30,Roriz-21
57,-0.11,0.746793177,-30,Roriz-21
57,-0.15,0.696793177,-30,Roriz-21
57,-0.92,1.306793177,-30,Roriz-21
57,0.12,0.476793177,-30,Roriz-21
57,0.11,1.046793177,-30,Roriz-21
57,0.21,0.636793177,-30,Roriz-21
57,0.19,0.276793177,-30,Roriz-21
57,0.2,0.566793177,-30,Roriz-21
57,0.23,0.476793177,-30,Roriz-21
57,0.1,0.506793177,-30,Roriz-21
57,0.16,0.386793177,-30,Roriz-21
57,0.26,0.336793177,-30,Roriz-21
57,0.18,0.246793177,-30,Roriz-21
57,0.3,0.176793177,-30,Roriz-21
62,-0.1,1.222050141,-30,Roriz-21
62,-0.24,1.282050141,-30,Roriz-21
62,0.01,0.742050141,-30,Roriz-21
62,-0.25,0.842050141,-30,Roriz-21
62,0.04,0.792050141,-30,Roriz-21
62,-0.11,0.372050141,-30,Roriz-21
62,-0.52,1.102050141,-30,Roriz-21
62,-0.23,1.162050141,-30,Roriz-21
62,-0.19,0.682050141,-30,Roriz-21
62,-0.2,0.952050141,-30,Roriz-21
62,-0.08,0.522050141,-30,Roriz-21
62,-0.1,1.242050141,-30,Roriz-21
62,-0.42,0.632050141,-30,Roriz-21
62,-0.41,1.582050141,-30,Roriz-21
62,-0.48,0.732050141,-30,Roriz-21
62,-0.27,1.232050141,-30,Roriz-21
62,-0.22,1.062050141,-30,Roriz-21
62,-0.14,0.522050141,-30,Roriz-21
62,-0.6,1.132050141,-30,Roriz-21
62,-0.17,0.562050141,-30,Roriz-21
62,-0.23,1.632050141,-30,Roriz-21
62,-0.25,0.772050141,-30,Roriz-21
62,-0.07,0.422050141,-30,Roriz-21
62,0.02,0.462050141,-30,Roriz-21
62,-0.12,0.582050141,-30,Roriz-21
62,-0.24,0.902050141,-30,Roriz-21
62,-0.44,0.742050141,-30,Roriz-21
62,-0.05,0.902050141,-30,Roriz-21
62,-0.28,0.392050141,-30,Roriz-21
62,0.05,0.802050141,-30,Roriz-21
62,-0.23,0.562050141,-30,Roriz-21
62,-0.5,1.232050141,-30,Roriz-21
62,-0.1,0.702050141,-30,Roriz-21
62,0.04,0.612050141,-30,Roriz-21
62,-0.22,0.322050141,-30,Roriz-21
62,0.07,0.422050141,-30,Roriz-21
62,0.06,0.582050141,-30,Roriz-21
62,-0.31,0.602050141,-30,Roriz-21
62,-0.41,0.802050141,-30,Roriz-21
62,-0.03,0.672050141,-30,Roriz-21
62,-0.21,0.682050141,-30,Roriz-21
62,-0.21,0.602050141,-30,Roriz-21
62,0.03,0.372050141,-30,Roriz-21
62,0,0.492050141,-30,Roriz-21
62,-0.13,1.562050141,-30,Roriz-21
62,-0.1,0.892050141,-30,Roriz-21
62,-0.27,0.982050141,-30,Roriz-21
62,-0.55,1.362050141,-30,Roriz-21
62,0.05,0.572050141,-30,Roriz-21
62,-0.11,0.602050141,-30,Roriz-21
62,-0.15,1.512050141,-30,Roriz-21
62,-0.18,1.152050141,-30,Roriz-21
62,-0.19,0.832050141,-30,Roriz-21
62,-0.63,1.702050141,-30,Roriz-21
62,-0.04,0.712050141,-30,Roriz-21
62,-0.56,0.582050141,-30,Roriz-21
62,0.04,0.322050141,-30,Roriz-21
62,-0.02,0.952050141,-30,Roriz-21
62,-0.36,0.752050141,-30,Roriz-21
62,-0.43,0.442050141,-30,Roriz-21
62,-0.39,0.532050141,-30,Roriz-21
62,-0.14,1.082050141,-30,Roriz-21
62,-0.07,0.722050141,-30,Roriz-21
62,-1.04,1.142050141,-30,Roriz-21
62,-0.44,0.942050141,-30,Roriz-21
62,-0.09,1.012050141,-30,Roriz-21
62,-0.1,0.742050141,-30,Roriz-21
62,-1.11,0.442050141,-30,Roriz-21
62,-0.04,0.562050141,-30,Roriz-21
62,-0.04,0.792050141,-30,Roriz-21
62,-0.1,0.672050141,-30,Roriz-21
62,-0.27,0.562050141,-30,Roriz-21
62,-0.09,0.542050141,-30,Roriz-21
62,-0.15,0.412050141,-30,Roriz-21
62,-0.36,0.862050141,-30,Roriz-21
62,-0.26,0.562050141,-30,Roriz-21
62,-0.08,0.652050141,-30,Roriz-21
62,-0.13,0.482050141,-30,Roriz-21
62,-0.23,0.542050141,-30,Roriz-21
62,-0.14,0.312050141,-30,Roriz-21
62,-0.17,0.222050141,-30,Roriz-21
62,0.06,0.362050141,-30,Roriz-21
62,0.06,0.652050141,-30,Roriz-21
62,-0.39,0.772050141,-30,Roriz-21
62,-0.08,0.472050141,-30,Roriz-21
62,-0.17,0.522050141,-30,Roriz-21
62,-0.19,0.882050141,-30,Roriz-21
62,-0.39,0.992050141,-30,Roriz-21
62,-0.03,0.512050141,-30,Roriz-21
62,-0.34,1.122050141,-30,Roriz-21
62,-0.33,1.082050141,-30,Roriz-21
62,0.06,0.402050141,-30,Roriz-21
62,-0.13,0.902050141,-30,Roriz-21
62,-0.1,0.722050141,-30,Roriz-21
62,-0.12,0.352050141,-30,Roriz-21
62,-0.39,0.222050141,-30,Roriz-21
62,-0.43,1.042050141,-30,Roriz-21
62,-0.51,1.492050141,-30,Roriz-21
62,-0.26,0.602050141,-30,Roriz-21
62,-0.35,0.772050141,-30,Roriz-21
62,-0.17,0.562050141,-30,Roriz-21
62,-0.61,0.772050141,-30,Roriz-21
62,-0.08,0.812050141,-30,Roriz-21
62,-0.18,0.492050141,-30,Roriz-21
62,-0.14,0.792050141,-30,Roriz-21
62,-0.15,0.912050141,-30,Roriz-21
62,-0.05,0.322050141,-30,Roriz-21
62,-0.43,1.152050141,-30,Roriz-21
62,-0.27,1.012050141,-30,Roriz-21
62,0.02,0.262050141,-30,Roriz-21
62,0.05,0.512050141,-30,Roriz-21
62,-0.07,0.402050141,-30,Roriz-21
62,0.01,0.322050141,-30,Roriz-21
62,-0.1,0.422050141,-30,Roriz-21
62,-0.17,0.302050141,-30,Roriz-21
62,0.01,0.182050141,-30,Roriz-21
62,-0.48,0.702050141,-30,Roriz-21
62,-0.3,0.422050141,-30,Roriz-21
62,-0.07,0.302050141,-30,Roriz-21
62,-0.2,0.192050141,-30,Roriz-21
62,-0.12,0.612050141,-30,Roriz-21
62,0.02,0.242050141,-30,Roriz-21
62,-0.14,0.352050141,-30,Roriz-21
62,-0.07,0.152050141,-30,Roriz-21
62,0.02,0.292050141,-30,Roriz-21
62,-0.13,0.152050141,-30,Roriz-21
62,-0.22,0.332050141,-30,Roriz-21
62,-0.16,0.692050141,-30,Roriz-21
62,-0.31,0.422050141,-30,Roriz-21
62,-0.23,0.712050141,-30,Roriz-21
62,-0.01,0.182050141,-30,Roriz-21
62,-0.11,0.462050141,-30,Roriz-21
62,-0.04,0.302050141,-30,Roriz-21
62,0.04,0.282050141,-30,Roriz-21
62,0.05,0.462050141,-30,Roriz-21
62,-0.56,0.662050141,-30,Roriz-21
62,-0.15,0.472050141,-30,Roriz-21
62,-0.03,0.372050141,-30,Roriz-21
62,-0.1,0.202050141,-30,Roriz-21
62,-0.52,0.272050141,-30,Roriz-21
62,-0.27,0.732050141,-30,Roriz-21
62,-0.51,0.422050141,-30,Roriz-21
62,0.01,0.402050141,-30,Roriz-21
62,-0.21,0.422050141,-30,Roriz-21
62,0.04,0.482050141,-30,Roriz-21
62,-0.09,0.692050141,-30,Roriz-21
62,-0.42,0.662050141,-30,Roriz-21
62,0,0.132050141,-30,Roriz-21
62,-0.01,0.372050141,-30,Roriz-21
62,-0.08,1.212050141,-30,Roriz-21
62,-0.61,0.752050141,-30,Roriz-21
62,-0.4,0.482050141,-30,Roriz-21
62,-0.17,0.922050141,-30,Roriz-21
62,-0.5,0.992050141,-30,Roriz-21
62,0.03,0.302050141,-30,Roriz-21
62,-0.34,0.602050141,-30,Roriz-21
62,-0.03,0.162050141,-30,Roriz-21
62,-0.17,0.392050141,-30,Roriz-21
62,-0.08,0.492050141,-30,Roriz-21
62,-0.04,0.262050141,-30,Roriz-21
62,-0.1,0.282050141,-30,Roriz-21
62,-0.29,0.902050141,-30,Roriz-21
62,0.02,0.272050141,-30,Roriz-21
62,-0.98,0.792050141,-30,Roriz-21
62,-0.19,0.382050141,-30,Roriz-21
62,-0.3,0.532050141,-30,Roriz-21
62,-0.11,0.492050141,-30,Roriz-21
62,-0.15,0.362050141,-30,Roriz-21
62,-0.92,1.332050141,-30,Roriz-21
62,0.12,0.232050141,-30,Roriz-21
62,0.11,0.792050141,-30,Roriz-21
62,0.21,0.472050141,-30,Roriz-21
62,0.19,0.332050141,-30,Roriz-21
62,0.2,0.232050141,-30,Roriz-21
62,0.23,0.212050141,-30,Roriz-21
62,0.1,0.192050141,-30,Roriz-21
62,0.16,0.292050141,-30,Roriz-21
62,0.26,0.432050141,-30,Roriz-21
62,0.18,0.112050141,-30,Roriz-21
62,0.3,0.212050141,-30,Roriz-21
63,-0.1,0.491566832,-30,Roriz-21
63,-0.24,0.801566832,-30,Roriz-21
63,0.01,0.241566832,-30,Roriz-21
63,-0.25,0.221566832,-30,Roriz-21
63,0.04,0.201566832,-30,Roriz-21
63,-0.11,-0.188433168,-30,Roriz-21
63,-0.52,0.341566832,-30,Roriz-21
63,-0.23,0.221566832,-30,Roriz-21
63,-0.19,0.161566832,-30,Roriz-21
63,-0.2,0.181566832,-30,Roriz-21
63,-0.08,0.051566832,-30,Roriz-21
63,-0.1,0.391566832,-30,Roriz-21
63,-0.42,0.461566832,-30,Roriz-21
63,-0.41,0.471566832,-30,Roriz-21
63,-0.48,0.221566832,-30,Roriz-21
63,-0.27,0.591566832,-30,Roriz-21
63,-0.22,0.491566832,-30,Roriz-21
63,-0.14,0.001566832,-30,Roriz-21
63,-0.6,0.441566832,-30,Roriz-21
63,-0.17,0.141566832,-30,Roriz-21
63,-0.23,0.551566832,-30,Roriz-21
63,-0.25,0.041566832,-30,Roriz-21
63,-0.07,-0.148433168,-30,Roriz-21
63,0.02,-0.048433168,-30,Roriz-21
63,-0.12,-0.018433168,-30,Roriz-21
63,-0.24,0.201566832,-30,Roriz-21
63,-0.44,0.121566832,-30,Roriz-21
63,-0.05,0.291566832,-30,Roriz-21
63,-0.28,0.071566832,-30,Roriz-21
63,0.05,0.071566832,-30,Roriz-21
63,-0.23,0.131566832,-30,Roriz-21
63,-0.5,0.471566832,-30,Roriz-21
63,-0.1,0.161566832,-30,Roriz-21
63,0.04,0.081566832,-30,Roriz-21
63,-0.22,-0.098433168,-30,Roriz-21
63,0.07,-0.088433168,-30,Roriz-21
63,0.06,0.171566832,-30,Roriz-21
63,-0.31,0.101566832,-30,Roriz-21
63,-0.41,0.131566832,-30,Roriz-21
63,-0.03,0.111566832,-30,Roriz-21
63,-0.21,0.011566832,-30,Roriz-21
63,-0.21,0.081566832,-30,Roriz-21
63,0.03,0.001566832,-30,Roriz-21
63,0,0.061566832,-30,Roriz-21
63,-0.13,0.281566832,-30,Roriz-21
63,-0.1,0.181566832,-30,Roriz-21
63,-0.27,0.201566832,-30,Roriz-21
63,-0.55,0.591566832,-30,Roriz-21
63,0.05,0.111566832,-30,Roriz-21
63,-0.11,0.061566832,-30,Roriz-21
63,-0.15,0.701566832,-30,Roriz-21
63,-0.18,0.331566832,-30,Roriz-21
63,-0.19,0.181566832,-30,Roriz-21
63,-0.63,0.741566832,-30,Roriz-21
63,-0.04,0.271566832,-30,Roriz-21
63,-0.56,0.121566832,-30,Roriz-21
63,0.04,-0.018433168,-30,Roriz-21
63,-0.02,0.321566832,-30,Roriz-21
63,-0.36,0.161566832,-30,Roriz-21
63,-0.43,0.161566832,-30,Roriz-21
63,-0.39,0.111566832,-30,Roriz-21
63,-0.14,0.601566832,-30,Roriz-21
63,-0.07,0.171566832,-30,Roriz-21
63,-1.04,0.351566832,-30,Roriz-21
63,-0.44,0.441566832,-30,Roriz-21
63,-0.09,0.371566832,-30,Roriz-21
63,-0.1,0.201566832,-30,Roriz-21
63,-1.11,0.271566832,-30,Roriz-21
63,-0.04,-0.008433168,-30,Roriz-21
63,-0.04,0.221566832,-30,Roriz-21
63,-0.1,0.031566832,-30,Roriz-21
63,-0.27,0.041566832,-30,Roriz-21
63,-0.09,0.121566832,-30,Roriz-21
63,-0.15,-0.108433168,-30,Roriz-21
63,-0.36,0.231566832,-30,Roriz-21
63,-0.26,0.091566832,-30,Roriz-21
63,-0.08,0.071566832,-30,Roriz-21
63,-0.13,-0.048433168,-30,Roriz-21
63,-0.23,0.261566832,-30,Roriz-21
63,-0.14,-0.078433168,-30,Roriz-21
63,-0.17,-30.00843317,-30,Roriz-21
63,0.06,0.001566832,-30,Roriz-21
63,0.06,0.121566832,-30,Roriz-21
63,-0.39,0.301566832,-30,Roriz-21
63,-0.08,0.071566832,-30,Roriz-21
63,-0.17,-0.038433168,-30,Roriz-21
63,-0.19,0.151566832,-30,Roriz-21
63,-0.39,0.401566832,-30,Roriz-21
63,-0.03,0.141566832,-30,Roriz-21
63,-0.34,0.441566832,-30,Roriz-21
63,-0.33,0.341566832,-30,Roriz-21
63,0.06,0.041566832,-30,Roriz-21
63,-0.13,0.101566832,-30,Roriz-21
63,-0.1,0.041566832,-30,Roriz-21
63,-0.12,-0.078433168,-30,Roriz-21
63,-0.39,-0.098433168,-30,Roriz-21
63,-0.43,0.561566832,-30,Roriz-21
63,-0.51,0.371566832,-30,Roriz-21
63,-0.26,0.221566832,-30,Roriz-21
63,-0.35,0.151566832,-30,Roriz-21
63,-0.17,0.071566832,-30,Roriz-21
63,-0.61,0.241566832,-30,Roriz-21
63,-0.08,0.281566832,-30,Roriz-21
63,-0.18,0.121566832,-30,Roriz-21
63,-0.14,0.181566832,-30,Roriz-21
63,-0.15,0.341566832,-30,Roriz-21
63,-0.05,0.101566832,-30,Roriz-21
63,-0.43,0.641566832,-30,Roriz-21
63,-0.27,0.261566832,-30,Roriz-21
63,0.02,0.001566832,-30,Roriz-21
63,0.05,0.101566832,-30,Roriz-21
63,-0.07,0.051566832,-30,Roriz-21
63,0.01,-0.018433168,-30,Roriz-21
63,-0.1,0.171566832,-30,Roriz-21
63,-0.17,0.001566832,-30,Roriz-21
63,0.01,0.011566832,-30,Roriz-21
63,-0.48,0.391566832,-30,Roriz-21
63,-0.3,0.061566832,-30,Roriz-21
63,-0.07,-0.098433168,-30,Roriz-21
63,-0.2,0.061566832,-30,Roriz-21
63,-0.12,0.071566832,-30,Roriz-21
63,0.02,0.041566832,-30,Roriz-21
63,-0.14,0.001566832,-30,Roriz-21
63,-0.07,-0.048433168,-30,Roriz-21
63,0.02,-0.048433168,-30,Roriz-21
63,-0.13,-30.00843317,-30,Roriz-21
63,-0.22,0.281566832,-30,Roriz-21
63,-0.16,0.231566832,-30,Roriz-21
63,-0.31,0.021566832,-30,Roriz-21
63,-0.23,0.111566832,-30,Roriz-21
63,-0.01,-0.218433168,-30,Roriz-21
63,-0.11,-0.118433168,-30,Roriz-21
63,-0.04,0.091566832,-30,Roriz-21
63,0.04,0.101566832,-30,Roriz-21
63,0.05,0.141566832,-30,Roriz-21
63,-0.56,0.301566832,-30,Roriz-21
63,-0.15,0.091566832,-30,Roriz-21
63,-0.03,-0.028433168,-30,Roriz-21
63,-0.1,-0.148433168,-30,Roriz-21
63,-0.52,0.071566832,-30,Roriz-21
63,-0.27,0.151566832,-30,Roriz-21
63,-0.51,0.021566832,-30,Roriz-21
63,0.01,0.091566832,-30,Roriz-21
63,-0.21,0.081566832,-30,Roriz-21
63,0.04,0.041566832,-30,Roriz-21
63,-0.09,0.171566832,-30,Roriz-21
63,-0.42,0.071566832,-30,Roriz-21
63,0,-0.158433168,-30,Roriz-21
63,-0.01,0.121566832,-30,Roriz-21
63,-0.08,0.401566832,-30,Roriz-21
63,-0.61,0.361566832,-30,Roriz-21
63,-0.4,0.241566832,-30,Roriz-21
63,-0.17,0.301566832,-30,Roriz-21
63,-0.5,0.411566832,-30,Roriz-21
63,0.03,-0.108433168,-30,Roriz-21
63,-0.34,0.261566832,-30,Roriz-21
63,-0.03,-0.228433168,-30,Roriz-21
63,-0.17,0.051566832,-30,Roriz-21
63,-0.08,-0.058433168,-30,Roriz-21
63,-0.04,-0.298433168,-30,Roriz-21
63,-0.1,-0.128433168,-30,Roriz-21
63,-0.29,0.271566832,-30,Roriz-21
63,0.02,-0.178433168,-30,Roriz-21
63,-0.98,0.471566832,-30,Roriz-21
63,-0.19,0.021566832,-30,Roriz-21
63,-0.3,0.321566832,-30,Roriz-21
63,-0.11,0.161566832,-30,Roriz-21
63,-0.15,0.301566832,-30,Roriz-21
63,-0.92,0.731566832,-30,Roriz-21
63,0.12,0.121566832,-30,Roriz-21
63,0.11,0.201566832,-30,Roriz-21
63,0.21,0.061566832,-30,Roriz-21
63,0.19,0.001566832,-30,Roriz-21
63,0.2,0.161566832,-30,Roriz-21
63,0.23,-0.038433168,-30,Roriz-21
63,0.1,-0.108433168,-30,Roriz-21
63,0.16,-0.088433168,-30,Roriz-21
63,0.26,-0.088433168,-30,Roriz-21
63,0.18,0.021566832,-30,Roriz-21
63,0.3,-0.238433168,-30,Roriz-21
