  M   v       0F      -1F      -2F      -3F       0I      -1I      -2I      -3I       0M      -1M      -2M      -3M       0R      -1R      -2R      -3R  
  13 000   1.5150   1.5293   1.6117   1.6054   1.5150   1.5293   1.6117   1.6054   1.5247   1.5648   1.6734   1.6643   1.5247   1.5648   1.6734   1.6643
  15 000   1.6263   1.6888   1.6490   1.8023   1.6263   1.6888   1.6490   1.8023   1.6713   1.8136   1.7320   1.9519   1.6713   1.8136   1.7320   1.9519
  20 000   1.6152   1.7361   1.7619   1.7955   1.6152   1.7361   1.7619   1.7955   1.6614   1.8288   1.8437   1.9038   1.6614   1.8288   1.8437   1.9038
  25 000   1.8746   2.4781   2.0084   2.1497   1.8746   2.4781   2.0084   2.1497   1.9578   2.7861   2.0902   2.2625   1.9578   2.7861   2.0902   2.2625
  30 000   2.6565   2.5226   2.3015   2.2917  10.8318  28.2763  29.8619  29.9799   3.0324   2.8527   2.5198   2.4678  10.8318  28.2763  29.8619  29.9799
  40 000   2.6562   2.6532   2.7854   3.0938  14.1410  28.7276  39.7476  39.9680   2.9116   2.9009   3.0373   3.5092  14.1410  28.7276  39.7476  39.9680
  60 000   3.2236   4.4850   4.4102   4.6191  16.9546  41.9909  59.6176  59.9427   3.6911   5.1539   5.0695   5.2786  16.9546  41.9909  59.6176  59.9427
  80 000   4.2508   6.9544   5.8413   6.0224  22.7157  39.8537  78.5977  79.9011   4.9664   7.8235   6.5776   6.7222  22.7157  39.8537  78.5977  79.9011
 120 000   4.7278  -1.0000  -1.0000  -1.0000  27.8751  -1.0000  -1.0000  -1.0000   5.5105  -1.0000  -1.0000  -1.0000  27.8751  -1.0000  -1.0000  -1.0000
  13 150   2.0729   1.9699   1.9863   2.0701   2.0729   1.9699   1.9863   2.0701   2.2510   2.1318   2.1079   2.2318   2.2510   2.1318   2.1079   2.2318
  15 150   0.8786   2.0582   2.1274   1.9482   0.8786   2.0582   2.1274   1.9482   2.3826   2.3948   2.2906   2.1562   2.3826   2.3948   2.2906   2.1562
  20 150   2.5353   2.6469   2.6462   2.5828   2.5353   2.6469   2.6462   2.5828   2.9312   2.9727   2.9673   2.9052   2.9312   2.9727   2.9673   2.9052
  25 150   2.5189   2.5356   2.8127   2.8041   2.5189   2.5356   2.8127   2.8041   2.8328   2.7804   3.1380   3.1019   2.8328   2.7804   3.1380   3.1019
  30 150   2.3211   3.2569   3.4173   3.3000  11.2364  25.8970  26.7537  27.6876   2.4661   3.6140   3.8133   3.6846  11.2364  25.8970  26.7537  27.6876
  40 150   2.8608   4.2339   4.4770   4.7846  13.7372  21.3152  21.8267  24.6029   3.1298   4.8026   5.0905   5.3940  13.7372  21.3152  21.8267  24.6029
  60 150   3.8547   4.7675   6.9980   8.5103  19.2682  26.3990  36.0098  41.9351   4.3660   5.3809   7.8300   9.3722  19.2682  26.3990  36.0098  41.9351
  80 150   4.8718   7.7785  -1.0000  -1.0000  24.7578  37.6102  -1.0000  -1.0000   5.6049   8.7291  -1.0000  -1.0000  24.7578  37.6102  -1.0000  -1.0000
 120 150   4.7560  -1.0000  -1.0000  -1.0000  26.5360  -1.0000  -1.0000  -1.0000   5.6426  -1.0000  -1.0000  -1.0000  26.5360  -1.0000  -1.0000  -1.0000
  13 300   2.0211   2.1028   2.0520   1.8907   2.0211   2.1028   2.0520   1.8907   2.2567   2.3173   2.1506   2.0387   2.2567   2.3173   2.1506   2.0387
  15 300   2.3011   2.2305   2.2178   2.3137   2.3011   2.2305   2.2178   2.3137   2.2950   2.3433   2.4138   2.3530   2.2950   2.3433   2.4138   2.3530
  20 300   2.7201   2.6167   3.3513   2.5273   2.7201   2.6167   3.3513   2.5273   3.1041   2.9686   3.7763   2.8281   3.1041   2.9686   3.7763   2.8281
  25 300   2.4904   2.8902   3.1609   3.1428   2.4904   2.8902   3.1609   3.1428   2.7549   3.1955   3.5132   3.4829   2.7549   3.1955   3.5132   3.4829
  30 300   2.3601   3.6983   3.3221   3.5487  11.2063  15.9476  15.0596  17.0620   2.5261   4.1480   3.6520   4.0118  11.2063  15.9476  15.0596  17.0620
  40 300   2.9502   4.2804   4.7103   5.0081  13.8123  20.6828  22.9411  24.4835   3.2574   4.8633   5.4001   5.7031  13.8123  20.6828  22.9411  24.4835
  60 300   3.2924   5.0485   7.2360   6.6756  16.6395  27.5386  37.4181  38.1497   3.7224   5.6922   8.1111   7.3831  16.6395  27.5386  37.4181  38.1497
  80 300   3.4733   5.7605  -1.0000  -1.0000  17.4859  32.0720  -1.0000  -1.0000   3.9444   6.4016  -1.0000  -1.0000  17.4859  32.0720  -1.0000  -1.0000
 120 300   3.5834   8.0062  -1.0000  -1.0000  18.6876  40.4945  -1.0000  -1.0000   4.0814   8.9507  -1.0000  -1.0000  18.6876  40.4945  -1.0000  -1.0000
