Isotope      A            Z            YIELD 
H            1            1            9.38350E-01  
He4          4            2            3.95740E-01  
C12          12           6            8.26870E-03  
C13          13           6            8.85270E-05  
C14          14           6            1.23780E-10  
N14          14           7            2.28650E-03  
N15          15           7            1.92410E-06  
O16          16           8            8.25460E-03  
O17          17           8            3.46210E-05  
O18          18           8            1.31070E-05  
F18          18           9            0.00000E+00  
F19          19           9            1.25180E-06  
Ne20         20           10           1.45270E-03  
Ne21         21           10           3.72970E-06  
Ne22         22           10           7.25750E-04  
Na22         22           11           0.00000E+00  
Na23         23           11           6.63060E-05  
Na24         24           11           0.00000E+00  
Mg24         24           12           7.34680E-04  
Mg25         25           12           9.62880E-05  
Mg26         26           12           1.12310E-04  
Al26         26           13           2.79340E-07  
Al27         27           13           8.31150E-05  
Si28         28           14           9.45070E-04  
Si29         29           14           4.97750E-05  
Si30         30           14           3.42830E-05  
Si31         31           14           0.00000E+00  
Si32         32           14           0.00000E+00  
P31          31           15           9.09330E-06  
P32          32           15           0.00000E+00  
P33          33           15           0.00000E+00  
S32          32           16           4.96530E-04  
S33          33           16           4.12180E-06  
S34          34           16           2.36050E-05  
S35          35           16           0.00000E+00  
S36          36           16           1.15880E-07  
Cl35         35           17           5.07690E-06  
Cl36         36           17           1.37640E-09  
Cl37         37           17           1.88540E-06  
Ar36         36           18           1.13670E-04  
Ar37         37           18           0.00000E+00  
Ar38         38           18           2.19880E-05  
Ar39         39           18           2.50290E-12  
Ar40         40           18           5.13620E-08  
Ar41         41           18           0.00000E+00  
Ar42         42           18           0.00000E+00  
K39          39           19           4.74650E-06  
K40          40           19           1.16490E-08  
K41          41           19           3.92850E-07  
K42          42           19           0.00000E+00  
K43          43           19           0.00000E+00  
Ca40         40           20           8.52780E-05  
Ca41         41           20           3.97220E-09  
Ca42         42           20           6.19400E-07  
Ca43         43           20           1.31600E-07  
Ca44         44           20           2.04150E-06  
Ca45         45           20           0.00000E+00  
Ca46         46           20           4.68790E-09  
Ca47         47           20           0.00000E+00  
Ca48         48           20           1.97790E-07  
Sc45         45           21           5.95260E-08  
Sc46         46           21           0.00000E+00  
Sc47         47           21           0.00000E+00  
Sc48         48           21           0.00000E+00  
Sc49         49           21           0.00000E+00  
Ti46         46           22           3.39580E-07  
Ti47         47           22           3.06510E-07  
Ti48         48           22           3.09120E-06  
Ti49         49           22           2.50550E-07  
Ti50         50           22           2.65750E-07  
V50          50           23           1.30610E-09  
V51          51           23           5.37570E-07  
Cr50         50           24           1.03870E-06  
Cr51         51           24           0.00000E+00  
Cr52         52           24           2.09730E-05  
Cr53         53           24           2.42010E-06  
Cr54         54           24           6.56110E-07  
Mn55         55           25           1.84800E-05  
Mn56         56           25           0.00000E+00  
Fe54         54           26           9.98950E-05  
Fe55         55           26           1.78230E-12  
Fe56         56           26           1.63310E-03  
Fe57         57           26           4.00250E-05  
Fe58         58           26           6.68770E-06  
Fe59         59           26           0.00000E+00  
Fe60         60           26           2.33720E-08  
Co59         59           27           5.19690E-06  
Co60         60           27           0.00000E+00  
Ni58         58           28           6.86760E-05  
Ni59         59           28           2.37940E-08  
Ni60         60           28           2.76790E-05  
Ni61         61           28           1.33260E-06  
Ni62         62           28           4.12450E-06  
Ni63         63           28           8.44920E-13  
Ni64         64           28           1.22640E-06  
Ni65         65           28           0.00000E+00  
Ni66         66           28           0.00000E+00  
Cu63         63           29           9.02310E-07  
Cu64         64           29           0.00000E+00  
Cu65         65           29           4.44730E-07  
Cu66         66           29           0.00000E+00  
Cu67         67           29           0.00000E+00  
Zn64         64           30           1.45410E-06  
Zn65         65           30           0.00000E+00  
Zn66         66           30           9.13960E-07  
Zn67         67           30           1.41660E-07  
Zn68         68           30           6.75360E-07  
Zn69         69           30           0.00000E+00  
Zn70         70           30           1.99170E-08  
Ga69         69           31           7.18190E-08  
Ga70         70           31           0.00000E+00  
Ga71         71           31           5.63250E-08  
Ga72         72           31           0.00000E+00  
Ga73         73           31           0.00000E+00  
Ge70         70           32           9.60940E-08  
Ge71         71           32           0.00000E+00  
Ge72         72           32           1.21820E-07  
Ge73         73           32           3.43300E-08  
Ge74         74           32           1.64430E-07  
Ge75         75           32           0.00000E+00  
Ge76         76           32           2.47680E-08  
Ge77         77           32           0.00000E+00  
As75         75           33           2.07660E-08  
As76         76           33           0.00000E+00  
As77         77           33           0.00000E+00  
Se76         76           34           3.45720E-08  
Se77         77           34           2.12780E-08  
Se78         78           34           7.13810E-08  
Se79         79           34           3.29480E-09  
Se80         80           34           1.50180E-07  
Se81         81           34           0.00000E+00  
Se82         82           34           1.66530E-08  
Br79         79           35           2.06670E-08  
Br80         80           35           0.00000E+00  
Br81         81           35           2.54730E-08  
Br82         82           35           0.00000E+00  
Br83         83           35           0.00000E+00  
Br84         84           35           0.00000E+00  
Kr80         80           36           8.51470E-09  
Kr81         81           36           8.81840E-10  
Kr82         82           36           5.33930E-08  
Kr83         83           36           3.04850E-08  
Kr84         84           36           1.66620E-07  
Kr85         85           36           0.00000E+00  
Kr86         86           36           4.31580E-08  
Kr87         87           36           0.00000E+00  
Kr88         88           36           0.00000E+00  
Rb85         85           37           2.69170E-08  
Rb86         86           37           0.00000E+00  
Rb87         87           37           1.02610E-08  
Rb88         88           37           0.00000E+00  
Sr86         86           38           4.36920E-08  
Sr87         87           38           2.91170E-08  
Sr88         88           38           5.83310E-07  
Sr89         89           38           0.00000E+00  
Sr90         90           38           0.00000E+00  
Sr91         91           38           0.00000E+00  
Sr92         92           38           0.00000E+00  
Y89          89           39           1.21530E-07  
Y90          90           39           0.00000E+00  
Y91          91           39           0.00000E+00  
Y92          92           39           0.00000E+00  
Y93          93           39           0.00000E+00  
Zr90         90           40           1.36210E-07  
Zr91         91           40           3.24640E-08  
Zr92         92           40           5.30870E-08  
Zr93         93           40           1.28710E-08  
Zr94         94           40           7.16230E-08  
Zr95         95           40           0.00000E+00  
Zr96         96           40           3.64750E-09  
Zr97         97           40           0.00000E+00  
Nb93         93           41           5.55670E-09  
Nb94         94           41           0.00000E+00  
Nb95         95           41           0.00000E+00  
Nb96         96           41           0.00000E+00  
Nb97         97           41           0.00000E+00  
Mo92         92           42           1.39350E-09  
Mo93         93           42           0.00000E+00  
Mo94         94           42           1.42980E-09  
Mo95         95           42           7.89510E-09  
Mo96         96           42           1.52070E-08  
Mo97         97           42           5.67100E-09  
Mo98         98           42           1.92100E-08  
Mo99         99           42           0.00000E+00  
Mo00         100          42           1.15230E-09  
Tc97         97           43           5.88780E-13  
Tc98         98           43           1.05750E-13  
Tc99         99           43           7.28550E-10  
Ru96         96           44           3.48790E-10  
Ru97         97           44           0.00000E+00  
Ru98         98           44           1.21050E-10  
Ru99         99           44           2.40230E-09  
Ru00         100          44           9.14540E-09  
Ru01         101          44           2.94210E-09  
Ru02         102          44           1.12710E-08  
Ru03         103          44           0.00000E+00  
Ru04         104          44           1.44600E-09  
Ru05         105          44           0.00000E+00  
Ru06         106          44           0.00000E+00  
Rh03         103          45           3.27310E-09  
Rh05         105          45           0.00000E+00  
Pd04         104          46           6.88640E-09  
Pd05         105          46           2.86930E-09  
Pd06         106          46           8.93350E-09  
Pd07         107          46           1.40020E-09  
Pd08         108          46           1.07120E-08  
Pd09         109          46           0.00000E+00  
Pd10         110          46           8.10520E-10  
Ag07         107          47           1.04250E-09  
Ag09         109          47           3.31040E-09  
Ag11         111          47           0.00000E+00  
Cd08         108          48           9.53090E-11  
Cd09         109          48           0.00000E+00  
Cd10         110          48           8.60230E-09  
Cd11         111          48           3.44810E-09  
Cd12         112          48           1.11940E-08  
Cd13         113          48           3.62950E-09  
Cd14         114          48           1.57480E-08  
Cd15         115          48           0.00000E+00  
Cd16         116          48           8.09270E-10  
In13         113          49           3.16230E-11  
In15         115          49           3.46070E-09  
Sn14         114          50           1.01120E-10  
Sn15         115          50           5.25090E-11  
Sn16         116          50           2.12380E-08  
Sn17         117          50           6.96900E-09  
Sn18         118          50           2.88450E-08  
Sn19         119          50           8.97560E-09  
Sn20         120          50           4.40260E-08  
Sn21         121          50           0.00000E+00  
Sn22         122          50           1.19600E-09  
Sn23         123          50           0.00000E+00  
Sn24         124          50           9.78310E-10  
Sb21         121          51           3.76450E-09  
Sb22         122          51           0.00000E+00  
Sb23         123          51           8.19660E-10  
Sb24         124          51           0.00000E+00  
Sb25         125          51           0.00000E+00  
Te22         122          52           5.53620E-09  
Te23         123          52           2.00020E-09  
Te24         124          52           1.08420E-08  
Te25         125          52           4.87230E-09  
Te26         126          52           2.20780E-08  
Te27         127          52           0.00000E+00  
Te28         128          52           9.09890E-09  
Te30         130          52           7.66540E-09  
I127         127          53           6.92930E-09  
I128         128          53           0.00000E+00  
I129         129          53           2.97620E-11  
I130         130          53           0.00000E+00  
I131         131          53           0.00000E+00  
I132         132          53           0.00000E+00  
I133         133          53           0.00000E+00  
Xe28         128          54           6.12410E-09  
Xe29         129          54           9.15020E-09  
Xe30         130          54           1.29690E-08  
Xe31         131          54           8.81620E-09  
Xe32         132          54           2.88470E-08  
Xe33         133          54           0.00000E+00  
Xe34         134          54           2.89650E-09  
Xe35         135          54           0.00000E+00  
Xe36         136          54           2.10290E-09  
Cs33         133          55           4.66420E-09  
Cs34         134          55           0.00000E+00  
Cs35         135          55           6.71080E-10  
Cs36         136          55           0.00000E+00  
Cs37         137          55           0.00000E+00  
Ba34         134          56           8.68420E-09  
Ba35         135          56           4.41880E-09  
Ba36         136          56           2.25200E-08  
Ba37         137          56           1.87580E-08  
Ba38         138          56           1.39590E-07  
Ba39         139          56           0.00000E+00  
Ba40         140          56           0.00000E+00  
La39         139          57           1.61810E-08  
La40         140          57           0.00000E+00  
Ce40         140          58           3.66500E-08  
Ce41         141          58           0.00000E+00  
Ce42         142          58           7.74490E-10  
Ce43         143          58           0.00000E+00  
Ce44         144          58           0.00000E+00  
Pr41         141          59           3.34550E-09  
Pr42         142          59           0.00000E+00  
Pr43         143          59           0.00000E+00  
Pr45         145          59           0.00000E+00  
Nd42         142          60           8.18030E-09  
Nd43         143          60           1.45620E-09  
Nd44         144          60           3.88210E-09  
Nd45         145          60           8.72250E-10  
Nd46         146          60           3.43210E-09  
Nd47         147          60           0.00000E+00  
Nd48         148          60           3.24940E-10  
Nd49         149          60           0.00000E+00  
Nd50         150          60           2.52840E-10  
Pm45         145          61           0.00000E+00  
Pm46         146          61           0.00000E+00  
Pm47         147          61           0.00000E+00  
Pm48         148          61           0.00000E+00  
Pm49         149          61           0.00000E+00  
Pm50         150          61           0.00000E+00  
Pm51         151          61           0.00000E+00  
Sm44         144          62           4.12000E-11  
Sm45         145          62           0.00000E+00  
Sm46         146          62           0.00000E+00  
Sm47         147          62           4.91020E-10  
Sm48         148          62           1.02840E-09  
Sm49         149          62           3.10730E-10  
Sm50         150          62           6.32110E-10  
Sm51         151          62           0.00000E+00  
Sm52         152          62           7.62730E-10  
Sm53         153          62           0.00000E+00  
Sm54         154          62           3.54890E-10  
Eu51         151          63           3.20770E-10  
Eu52         152          63           0.00000E+00  
Eu53         153          63           3.45780E-10  
Eu54         154          63           0.00000E+00  
Eu55         155          63           0.00000E+00  
Eu56         156          63           0.00000E+00  
Eu57         157          63           0.00000E+00  
Gd52         152          64           1.80080E-11  
Gd53         153          64           0.00000E+00  
Gd54         154          64           1.76410E-10  
Gd55         155          64           3.61600E-10  
Gd56         156          64           7.15980E-10  
Gd57         157          64           4.53470E-10  
Gd58         158          64           1.14660E-09  
Gd59         159          64           0.00000E+00  
Gd60         160          64           4.37580E-10  
Tb59         159          65           4.88820E-10  
Tb60         160          65           0.00000E+00  
Tb61         161          65           0.00000E+00  
Dy60         160          66           2.85010E-10  
Dy61         161          66           5.34230E-10  
Dy62         162          66           1.07030E-09  
Dy63         163          66           7.31170E-10  
Dy64         164          66           1.52520E-09  
Dy65         165          66           0.00000E+00  
Dy66         166          66           0.00000E+00  
Ho63         163          67           3.19800E-13  
Ho64         164          67           0.00000E+00  
Ho65         165          67           7.31930E-10  
Ho66         166          67           0.00000E+00  
Er64         164          68           9.79400E-11  
Er65         165          68           0.00000E+00  
Er66         166          68           8.85460E-10  
Er67         167          68           5.23390E-10  
Er68         168          68           1.10830E-09  
Er69         169          68           0.00000E+00  
Er70         170          68           2.92290E-10  
Er71         171          68           0.00000E+00  
Er72         172          68           0.00000E+00  
Tm69         169          69           4.01230E-10  
Tm70         170          69           0.00000E+00  
Tm71         171          69           0.00000E+00  
Tm72         172          69           0.00000E+00  
Tm73         173          69           0.00000E+00  
Yb70         170          70           2.74690E-10  
Yb71         171          70           4.52250E-10  
Yb72         172          70           1.01960E-09  
Yb73         173          70           5.66260E-10  
Yb74         174          70           1.95330E-09  
Yb75         175          70           0.00000E+00  
Yb76         176          70           2.36360E-10  
Yb77         177          70           0.00000E+00  
Lu75         175          71           4.14830E-10  
Lu76         176          71           4.00480E-11  
Lu77         177          71           0.00000E+00  
Hf76         176          72           3.17290E-10  
Hf77         177          72           3.53270E-10  
Hf78         178          72           9.98770E-10  
Hf79         179          72           3.87960E-10  
Hf80         180          72           1.70620E-09  
Hf81         181          72           0.00000E+00  
Hf82         182          72           1.27440E-11  
Hf83         183          72           0.00000E+00  
Hf84         184          72           0.00000E+00  
Ta79         179          73           0.00000E+00  
Ta80         180          73           0.00000E+00  
Ta81         181          73           4.03010E-10  
Ta82         182          73           0.00000E+00  
Ta83         183          73           0.00000E+00  
Ta84         184          73           0.00000E+00  
W180         180          74           9.98000E-13  
W181         181          74           0.00000E+00  
W182         182          74           8.59410E-10  
W183         183          74           5.02290E-10  
W184         184          74           1.25140E-09  
W185         185          74           0.00000E+00  
W186         186          74           4.13240E-10  
W187         187          74           0.00000E+00  
W188         188          74           0.00000E+00  
Re85         185          75           3.15580E-10  
Re86         186          75           0.00000E+00  
Re87         187          75           2.13990E-10  
Re88         188          75           0.00000E+00  
Re89         189          75           0.00000E+00  
Os86         186          76           4.66500E-10  
Os87         187          76           2.45210E-10  
Os88         188          76           1.09160E-09  
Os89         189          76           8.75640E-10  
Os90         190          76           1.87090E-09  
Os91         191          76           0.00000E+00  
Os92         192          76           1.97350E-09  
Os93         193          76           0.00000E+00  
Os94         194          76           0.00000E+00  
Ir91         191          77           1.79100E-09  
Ir92         192          77           0.00000E+00  
Ir93         193          77           2.97140E-09  
Ir94         194          77           0.00000E+00  
Ir95         195          77           0.00000E+00  
Pt92         192          78           3.53740E-10  
Pt93         193          78           0.00000E+00  
Pt94         194          78           3.93310E-09  
Pt95         195          78           3.52190E-09  
Pt96         196          78           3.66850E-09  
Pt97         197          78           0.00000E+00  
Pt98         198          78           7.02140E-10  
Au97         197          79           1.71450E-09  
Au98         198          79           0.00000E+00  
Au99         199          79           0.00000E+00  
Hg98         198          80           1.30720E-09  
Hg99         199          80           9.43410E-10  
Hg00         200          80           2.16250E-09  
Hg01         201          80           9.97530E-10  
Hg02         202          80           3.37160E-09  
Hg03         203          80           0.00000E+00  
Hg04         204          80           2.15980E-10  
Tl03         203          81           1.48880E-09  
Tl04         204          81           0.00000E+00  
Tl05         205          81           3.83770E-09  
Pb04         204          82           2.34040E-09  
Pb05         205          82           1.34950E-10  
Pb06         206          82           1.40120E-08  
Pb07         207          82           1.63420E-08  
Pb08         208          82           3.15290E-08  
Pb09         209          82           0.00000E+00  
Pb10         210          82           0.00000E+00  
Bi09         209          83           1.15340E-09  
Bi10         210          83           0.00000E+00  
Po10         210          84           0.00000E+00  
