Isotope      A            Z            YIELD 
H            1            1            2.75910E+00  
He4          4            2            1.30550E+00  
C12          12           6            6.48750E-03  
C13          13           6            2.75560E-04  
C14          14           6            6.02450E-08  
N14          14           7            9.98570E-03  
N15          15           7            4.98870E-06  
O16          16           8            2.24170E-02  
O17          17           8            6.75830E-05  
O18          18           8            3.47220E-05  
F18          18           9            0.00000E+00  
F19          19           9            1.63200E-06  
Ne20         20           10           4.40440E-03  
Ne21         21           10           1.82570E-05  
Ne22         22           10           3.74650E-04  
Na22         22           11           0.00000E+00  
Na23         23           11           2.16130E-04  
Na24         24           11           0.00000E+00  
Mg24         24           12           2.20030E-03  
Mg25         25           12           2.72570E-04  
Mg26         26           12           3.55600E-04  
Al26         26           13           3.93800E-07  
Al27         27           13           2.52370E-04  
Si28         28           14           2.86520E-03  
Si29         29           14           1.50730E-04  
Si30         30           14           1.02870E-04  
Si31         31           14           0.00000E+00  
Si32         32           14           0.00000E+00  
P31          31           15           2.67550E-05  
P32          32           15           0.00000E+00  
P33          33           15           0.00000E+00  
S32          32           16           1.50640E-03  
S33          33           16           1.22870E-05  
S34          34           16           7.10690E-05  
S35          35           16           0.00000E+00  
S36          36           16           3.07120E-07  
Cl35         35           17           1.54340E-05  
Cl36         36           17           1.14020E-09  
Cl37         37           17           5.24830E-06  
Ar36         36           18           3.45570E-04  
Ar37         37           18           0.00000E+00  
Ar38         38           18           6.63640E-05  
Ar39         39           18           2.28430E-11  
Ar40         40           18           1.17390E-07  
Ar41         41           18           0.00000E+00  
Ar42         42           18           0.00000E+00  
K39          39           19           1.43180E-05  
K40          40           19           1.94120E-08  
K41          41           19           1.09050E-06  
K42          42           19           0.00000E+00  
K43          43           19           0.00000E+00  
Ca40         40           20           2.59110E-04  
Ca41         41           20           3.08020E-09  
Ca42         42           20           1.82020E-06  
Ca43         43           20           3.88790E-07  
Ca44         44           20           6.13560E-06  
Ca45         45           20           0.00000E+00  
Ca46         46           20           1.24450E-08  
Ca47         47           20           0.00000E+00  
Ca48         48           20           5.99850E-07  
Sc45         45           21           1.70110E-07  
Sc46         46           21           0.00000E+00  
Sc47         47           21           0.00000E+00  
Sc48         48           21           0.00000E+00  
Sc49         49           21           0.00000E+00  
Ti46         46           22           1.01020E-06  
Ti47         47           22           9.29680E-07  
Ti48         48           22           9.40890E-06  
Ti49         49           22           7.09790E-07  
Ti50         50           22           6.95900E-07  
V50          50           23           3.99000E-09  
V51          51           23           1.62720E-06  
Cr50         50           24           3.17360E-06  
Cr51         51           24           0.00000E+00  
Cr52         52           24           6.36820E-05  
Cr53         53           24           7.36020E-06  
Cr54         54           24           1.87970E-06  
Mn55         55           25           5.56670E-05  
Mn56         56           25           0.00000E+00  
Fe54         54           26           3.04660E-04  
Fe55         55           26           3.19920E-12  
Fe56         56           26           4.96140E-03  
Fe57         57           26           1.17250E-04  
Fe58         58           26           1.63520E-05  
Fe59         59           26           0.00000E+00  
Fe60         60           26           7.15450E-09  
Co59         59           27           1.47430E-05  
Co60         60           27           0.00000E+00  
Ni58         58           28           2.09440E-04  
Ni59         59           28           3.16480E-08  
Ni60         60           28           8.35670E-05  
Ni61         61           28           3.73040E-06  
Ni62         62           28           1.20100E-05  
Ni63         63           28           1.84870E-11  
Ni64         64           28           3.18300E-06  
Ni65         65           28           0.00000E+00  
Ni66         66           28           0.00000E+00  
Cu63         63           29           2.55820E-06  
Cu64         64           29           0.00000E+00  
Cu65         65           29           1.18430E-06  
Cu66         66           29           0.00000E+00  
Cu67         67           29           0.00000E+00  
Zn64         64           30           4.34850E-06  
Zn65         65           30           0.00000E+00  
Zn66         66           30           2.58570E-06  
Zn67         67           30           3.86970E-07  
Zn68         68           30           1.79850E-06  
Zn69         69           30           0.00000E+00  
Zn70         70           30           6.05750E-08  
Ga69         69           31           1.69870E-07  
Ga70         70           31           0.00000E+00  
Ga71         71           31           1.16610E-07  
Ga72         72           31           0.00000E+00  
Ga73         73           31           0.00000E+00  
Ge70         70           32           2.02990E-07  
Ge71         71           32           0.00000E+00  
Ge72         72           32           2.71240E-07  
Ge73         73           32           7.67830E-08  
Ge74         74           32           3.64770E-07  
Ge75         75           32           0.00000E+00  
Ge76         76           32           7.54200E-08  
Ge77         77           32           0.00000E+00  
As75         75           33           5.11330E-08  
As76         76           33           0.00000E+00  
As77         77           33           0.00000E+00  
Se76         76           34           5.52320E-08  
Se77         77           34           4.45550E-08  
Se78         78           34           1.43950E-07  
Se79         79           34           1.03410E-09  
Se80         80           34           3.05150E-07  
Se81         81           34           0.00000E+00  
Se82         82           34           5.05370E-08  
Br79         79           35           5.06410E-08  
Br80         80           35           0.00000E+00  
Br81         81           35           5.16020E-08  
Br82         82           35           0.00000E+00  
Br83         83           35           0.00000E+00  
Br84         84           35           0.00000E+00  
Kr80         80           36           1.16270E-08  
Kr81         81           36           1.21410E-10  
Kr82         82           36           6.23270E-08  
Kr83         83           36           5.98950E-08  
Kr84         84           36           3.00670E-07  
Kr85         85           36           0.00000E+00  
Kr86         86           36           1.02720E-07  
Kr87         87           36           0.00000E+00  
Kr88         88           36           0.00000E+00  
Rb85         85           37           4.70860E-08  
Rb86         86           37           0.00000E+00  
Rb87         87           37           2.09460E-08  
Rb88         88           37           0.00000E+00  
Sr86         86           38           2.53320E-08  
Sr87         87           38           1.90910E-08  
Sr88         88           38           2.38330E-07  
Sr89         89           38           0.00000E+00  
Sr90         90           38           0.00000E+00  
Sr91         91           38           0.00000E+00  
Sr92         92           38           0.00000E+00  
Y89          89           39           5.72470E-08  
Y90          90           39           0.00000E+00  
Y91          91           39           0.00000E+00  
Y92          92           39           0.00000E+00  
Y93          93           39           0.00000E+00  
Zr90         90           40           7.14710E-08  
Zr91         91           40           1.64440E-08  
Zr92         92           40           2.53440E-08  
Zr93         93           40           1.95540E-09  
Zr94         94           40           2.77250E-08  
Zr95         95           40           0.00000E+00  
Zr96         96           40           4.06220E-09  
Zr97         97           40           0.00000E+00  
Nb93         93           41           7.84290E-09  
Nb94         94           41           0.00000E+00  
Nb95         95           41           0.00000E+00  
Nb96         96           41           0.00000E+00  
Nb97         97           41           0.00000E+00  
Mo92         92           42           4.26250E-09  
Mo93         93           42           0.00000E+00  
Mo94         94           42           2.71990E-09  
Mo95         95           42           5.57280E-09  
Mo96         96           42           6.49360E-09  
Mo97         97           42           3.40990E-09  
Mo98         98           42           9.20860E-09  
Mo99         99           42           0.00000E+00  
Mo00         100          42           3.08340E-09  
Tc97         97           43           0.00000E+00  
Tc98         98           43           0.00000E+00  
Tc99         99           43           2.18890E-10  
Ru96         96           44           1.07250E-09  
Ru97         97           44           0.00000E+00  
Ru98         98           44           3.69310E-10  
Ru99         99           44           2.57690E-09  
Ru00         100          44           3.42810E-09  
Ru01         101          44           3.67090E-09  
Ru02         102          44           7.75720E-09  
Ru03         103          44           0.00000E+00  
Ru04         104          44           3.99180E-09  
Ru05         105          44           0.00000E+00  
Ru06         106          44           0.00000E+00  
Rh03         103          45           4.37070E-09  
Rh05         105          45           0.00000E+00  
Pd04         104          46           2.53240E-09  
Pd05         105          46           3.96800E-09  
Pd06         106          46           5.49960E-09  
Pd07         107          46           1.59350E-10  
Pd08         108          46           5.64730E-09  
Pd09         109          46           0.00000E+00  
Pd10         110          46           2.09350E-09  
Ag07         107          47           3.00950E-09  
Ag09         109          47           3.15250E-09  
Ag11         111          47           0.00000E+00  
Cd08         108          48           1.70090E-10  
Cd09         109          48           0.00000E+00  
Cd10         110          48           3.25520E-09  
Cd11         111          48           2.78690E-09  
Cd12         112          48           5.86930E-09  
Cd13         113          48           2.75110E-09  
Cd14         114          48           7.39000E-09  
Cd15         115          48           0.00000E+00  
Cd16         116          48           1.69340E-09  
In13         113          49           9.76960E-11  
In15         115          49           2.54680E-09  
Sn14         114          50           3.09430E-10  
Sn15         115          50           1.60560E-10  
Sn16         116          50           9.12980E-09  
Sn17         117          50           4.37470E-09  
Sn18         118          50           1.49870E-08  
Sn19         119          50           5.17810E-09  
Sn20         120          50           2.12640E-08  
Sn21         121          50           0.00000E+00  
Sn22         122          50           2.56100E-09  
Sn23         123          50           0.00000E+00  
Sn24         124          50           2.95940E-09  
Sb21         121          51           2.93280E-09  
Sb22         122          51           0.00000E+00  
Sb23         123          51           1.99630E-09  
Sb24         124          51           0.00000E+00  
Sb25         125          51           0.00000E+00  
Te22         122          52           2.28540E-09  
Te23         123          52           8.00460E-10  
Te24         124          52           4.37010E-09  
Te25         125          52           5.13180E-09  
Te26         126          52           1.49770E-08  
Te27         127          52           0.00000E+00  
Te28         128          52           2.17250E-08  
Te30         130          52           2.33220E-08  
I127         127          53           1.43780E-08  
I128         128          53           0.00000E+00  
I129         129          53           7.58120E-12  
I130         130          53           0.00000E+00  
I131         131          53           0.00000E+00  
I132         132          53           0.00000E+00  
I133         133          53           0.00000E+00  
Xe28         128          54           2.42820E-09  
Xe29         129          54           2.13770E-08  
Xe30         130          54           4.92930E-09  
Xe31         131          54           1.74330E-08  
Xe32         132          54           2.37520E-08  
Xe33         133          54           0.00000E+00  
Xe34         134          54           7.89880E-09  
Xe35         135          54           0.00000E+00  
Xe36         136          54           6.37660E-09  
Cs33         133          55           5.77580E-09  
Cs34         134          55           0.00000E+00  
Cs35         135          55           2.15610E-10  
Cs36         136          55           0.00000E+00  
Cs37         137          55           0.00000E+00  
Ba34         134          56           2.58020E-09  
Ba35         135          56           4.73970E-09  
Ba36         136          56           8.25350E-09  
Ba37         137          56           1.01020E-08  
Ba38         138          56           7.17810E-08  
Ba39         139          56           0.00000E+00  
Ba40         140          56           0.00000E+00  
La39         139          57           9.24400E-09  
La40         140          57           0.00000E+00  
Ce40         140          58           2.20120E-08  
Ce41         141          58           0.00000E+00  
Ce42         142          58           2.20110E-09  
Ce43         143          58           0.00000E+00  
Ce44         144          58           0.00000E+00  
Pr41         141          59           3.30100E-09  
Pr42         142          59           0.00000E+00  
Pr43         143          59           0.00000E+00  
Pr45         145          59           0.00000E+00  
Nd42         142          60           4.89410E-09  
Nd43         143          60           1.82190E-09  
Nd44         144          60           3.81650E-09  
Nd45         145          60           1.23160E-09  
Nd46         146          60           2.87860E-09  
Nd47         147          60           0.00000E+00  
Nd48         148          60           8.60250E-10  
Nd49         149          60           0.00000E+00  
Nd50         150          60           7.77170E-10  
Pm45         145          61           0.00000E+00  
Pm46         146          61           0.00000E+00  
Pm47         147          61           0.00000E+00  
Pm48         148          61           0.00000E+00  
Pm49         149          61           0.00000E+00  
Pm50         150          61           0.00000E+00  
Pm51         151          61           0.00000E+00  
Sm44         144          62           1.26090E-10  
Sm45         145          62           0.00000E+00  
Sm46         146          62           0.00000E+00  
Sm47         147          62           6.96330E-10  
Sm48         148          62           6.20490E-10  
Sm49         149          62           6.14110E-10  
Sm50         150          62           4.31870E-10  
Sm51         151          62           0.00000E+00  
Sm52         152          62           1.25650E-09  
Sm53         153          62           0.00000E+00  
Sm54         154          62           1.03240E-09  
Eu51         151          63           7.79990E-10  
Eu52         152          63           0.00000E+00  
Eu53         153          63           8.64530E-10  
Eu54         154          63           0.00000E+00  
Eu55         155          63           0.00000E+00  
Eu56         156          63           0.00000E+00  
Eu57         157          63           0.00000E+00  
Gd52         152          64           1.32280E-11  
Gd53         153          64           0.00000E+00  
Gd54         154          64           1.49370E-10  
Gd55         155          64           8.67840E-10  
Gd56         156          64           1.24880E-09  
Gd57         157          64           9.38290E-10  
Gd58         158          64           1.57780E-09  
Gd59         159          64           0.00000E+00  
Gd60         160          64           1.30650E-09  
Tb59         159          65           1.07030E-09  
Tb60         160          65           0.00000E+00  
Tb61         161          65           0.00000E+00  
Dy60         160          66           2.07910E-10  
Dy61         161          66           1.33670E-09  
Dy62         162          66           1.88210E-09  
Dy63         163          66           1.77930E-09  
Dy64         164          66           2.14240E-09  
Dy65         165          66           0.00000E+00  
Dy66         166          66           0.00000E+00  
Ho63         163          67           2.21320E-12  
Ho64         164          67           0.00000E+00  
Ho65         165          67           1.67170E-09  
Ho66         166          67           0.00000E+00  
Er64         164          68           9.37490E-11  
Er65         165          68           0.00000E+00  
Er66         166          68           1.65640E-09  
Er67         167          68           1.12340E-09  
Er68         168          68           1.40970E-09  
Er69         169          68           0.00000E+00  
Er70         170          68           7.72680E-10  
Er71         171          68           0.00000E+00  
Er72         172          68           0.00000E+00  
Tm69         169          69           7.22310E-10  
Tm70         170          69           0.00000E+00  
Tm71         171          69           0.00000E+00  
Tm72         172          69           0.00000E+00  
Tm73         173          69           0.00000E+00  
Yb70         170          70           1.79690E-10  
Yb71         171          70           7.37710E-10  
Yb72         172          70           1.18010E-09  
Yb73         173          70           8.41800E-10  
Yb74         174          70           1.83930E-09  
Yb75         175          70           0.00000E+00  
Yb76         176          70           6.66550E-10  
Yb77         177          70           0.00000E+00  
Lu75         175          71           7.11880E-10  
Lu76         176          71           2.49180E-11  
Lu77         177          71           0.00000E+00  
Hf76         176          72           2.27110E-10  
Hf77         177          72           6.53320E-10  
Hf78         178          72           1.06110E-09  
Hf79         179          72           5.10850E-10  
Hf80         180          72           1.46650E-09  
Hf81         181          72           0.00000E+00  
Hf82         182          72           1.40270E-11  
Hf83         183          72           0.00000E+00  
Hf84         184          72           0.00000E+00  
Ta79         179          73           0.00000E+00  
Ta80         180          73           0.00000E+00  
Ta81         181          73           4.78330E-10  
Ta82         182          73           0.00000E+00  
Ta83         183          73           0.00000E+00  
Ta84         184          73           0.00000E+00  
W180         180          74           3.07850E-12  
W181         181          74           0.00000E+00  
W182         182          74           7.94650E-10  
W183         183          74           4.48940E-10  
W184         184          74           9.96040E-10  
W185         185          74           0.00000E+00  
W186         186          74           8.42580E-10  
W187         187          74           0.00000E+00  
W188         188          74           0.00000E+00  
Re85         185          75           4.42420E-10  
Re86         186          75           0.00000E+00  
Re87         187          75           6.73190E-10  
Re88         188          75           0.00000E+00  
Re89         189          75           0.00000E+00  
Os86         186          76           2.83980E-10  
Os87         187          76           2.79090E-10  
Os88         188          76           2.01790E-09  
Os89         189          76           2.32570E-09  
Os90         190          76           3.90940E-09  
Os91         191          76           0.00000E+00  
Os92         192          76           5.96080E-09  
Os93         193          76           0.00000E+00  
Os94         194          76           0.00000E+00  
Ir91         191          77           5.12390E-09  
Ir92         192          77           0.00000E+00  
Ir93         193          77           8.70070E-09  
Ir94         194          77           0.00000E+00  
Ir95         195          77           0.00000E+00  
Pt92         192          78           2.68000E-10  
Pt93         193          78           0.00000E+00  
Pt94         194          78           9.72880E-09  
Pt95         195          78           9.92840E-09  
Pt96         196          78           7.62330E-09  
Pt97         197          78           0.00000E+00  
Pt98         198          78           2.13690E-09  
Au97         197          79           4.32410E-09  
Au98         198          79           0.00000E+00  
Au99         199          79           0.00000E+00  
Hg98         198          80           1.11660E-09  
Hg99         199          80           1.64940E-09  
Hg00         200          80           2.45390E-09  
Hg01         201          80           1.36180E-09  
Hg02         202          80           3.30810E-09  
Hg03         203          80           0.00000E+00  
Hg04         204          80           6.54770E-10  
Tl03         203          81           1.47130E-09  
Tl04         204          81           0.00000E+00  
Tl05         205          81           3.34540E-09  
Pb04         204          82           1.73430E-09  
Pb05         205          82           1.65150E-11  
Pb06         206          82           1.55080E-08  
Pb07         207          82           1.67470E-08  
Pb08         208          82           4.64850E-08  
Pb09         209          82           0.00000E+00  
Pb10         210          82           0.00000E+00  
Bi09         209          83           3.22480E-09  
Bi10         210          83           0.00000E+00  
Po10         210          84           0.00000E+00  
