Isotope      A            Z            YIELD 
H            1            1            6.02380E-01  
He4          4            2            2.44010E-01  
C12          12           6            4.94370E-03  
C13          13           6            8.44420E-06  
C14          14           6            1.31840E-09  
N14          14           7            2.19070E-04  
N15          15           7            2.12640E-07  
O16          16           8            8.85700E-04  
O17          17           8            2.65280E-06  
O18          18           8            1.18480E-06  
F18          18           9            0.00000E+00  
F19          19           9            2.97970E-07  
Ne20         20           10           1.31780E-04  
Ne21         21           10           4.46630E-07  
Ne22         22           10           2.22570E-04  
Na22         22           11           0.00000E+00  
Na23         23           11           6.45170E-06  
Na24         24           11           0.00000E+00  
Mg24         24           12           6.89350E-05  
Mg25         25           12           9.43030E-06  
Mg26         26           12           1.05530E-05  
Al26         26           13           2.48570E-08  
Al27         27           13           7.78960E-06  
Si28         28           14           8.59550E-05  
Si29         29           14           4.53980E-06  
Si30         30           14           3.17050E-06  
Si31         31           14           0.00000E+00  
Si32         32           14           0.00000E+00  
P31          31           15           8.82470E-07  
P32          32           15           0.00000E+00  
P33          33           15           0.00000E+00  
S32          32           16           4.50790E-05  
S33          33           16           3.79350E-07  
S34          34           16           2.18480E-06  
S35          35           16           0.00000E+00  
S36          36           16           1.32550E-08  
Cl35         35           17           4.60270E-07  
Cl36         36           17           1.61390E-10  
Cl37         37           17           1.70570E-07  
Ar36         36           18           1.02970E-05  
Ar37         37           18           0.00000E+00  
Ar38         38           18           2.00710E-06  
Ar39         39           18           8.02500E-13  
Ar40         40           18           7.74310E-09  
Ar41         41           18           0.00000E+00  
Ar42         42           18           0.00000E+00  
K39          39           19           4.33420E-07  
K40          40           19           1.39820E-09  
K41          41           19           3.64680E-08  
K42          42           19           0.00000E+00  
K43          43           19           0.00000E+00  
Ca40         40           20           7.73170E-06  
Ca41         41           20           2.97770E-10  
Ca42         42           20           5.73510E-08  
Ca43         43           20           1.22500E-08  
Ca44         44           20           1.86150E-07  
Ca45         45           20           0.00000E+00  
Ca46         46           20           1.01130E-09  
Ca47         47           20           0.00000E+00  
Ca48         48           20           1.79700E-08  
Sc45         45           21           5.76390E-09  
Sc46         46           21           0.00000E+00  
Sc47         47           21           0.00000E+00  
Sc48         48           21           0.00000E+00  
Sc49         49           21           0.00000E+00  
Ti46         46           22           3.09390E-08  
Ti47         47           22           2.78440E-08  
Ti48         48           22           2.79620E-07  
Ti49         49           22           2.32770E-08  
Ti50         50           22           2.89740E-08  
V50          50           23           1.18000E-10  
V51          51           23           4.89340E-08  
Cr50         50           24           9.38430E-08  
Cr51         51           24           0.00000E+00  
Cr52         52           24           1.90250E-06  
Cr53         53           24           2.19710E-07  
Cr54         54           24           6.40670E-08  
Mn55         55           25           1.68230E-06  
Mn56         56           25           0.00000E+00  
Fe54         54           26           9.03040E-06  
Fe55         55           26           1.94710E-13  
Fe56         56           26           1.47980E-04  
Fe57         57           26           3.73740E-06  
Fe58         58           26           7.93090E-07  
Fe59         59           26           0.00000E+00  
Fe60         60           26           6.31320E-08  
Co59         59           27           5.33840E-07  
Co60         60           27           1.27940E-13  
Ni58         58           28           6.20830E-06  
Ni59         59           28           2.34300E-09  
Ni60         60           28           2.56350E-06  
Ni61         61           28           1.41600E-07  
Ni62         62           28           4.06190E-07  
Ni63         63           28           2.53370E-13  
Ni64         64           28           1.41550E-07  
Ni65         65           28           0.00000E+00  
Ni66         66           28           0.00000E+00  
Cu63         63           29           1.02740E-07  
Cu64         64           29           0.00000E+00  
Cu65         65           29           4.89730E-08  
Cu66         66           29           0.00000E+00  
Cu67         67           29           0.00000E+00  
Zn64         64           30           1.34750E-07  
Zn65         65           30           0.00000E+00  
Zn66         66           30           8.53760E-08  
Zn67         67           30           1.32820E-08  
Zn68         68           30           6.10300E-08  
Zn69         69           30           0.00000E+00  
Zn70         70           30           1.81640E-09  
Ga69         69           31           6.18850E-09  
Ga70         70           31           0.00000E+00  
Ga71         71           31           4.49070E-09  
Ga72         72           31           0.00000E+00  
Ga73         73           31           0.00000E+00  
Ge70         70           32           7.82540E-09  
Ge71         71           32           0.00000E+00  
Ge72         72           32           9.83700E-09  
Ge73         73           32           2.78500E-09  
Ge74         74           32           1.37990E-08  
Ge75         75           32           0.00000E+00  
Ge76         76           32           2.26100E-09  
Ge77         77           32           0.00000E+00  
As75         75           33           1.81300E-09  
As76         76           33           0.00000E+00  
As77         77           33           0.00000E+00  
Se76         76           34           2.33310E-09  
Se77         77           34           1.59380E-09  
Se78         78           34           6.10360E-09  
Se79         79           34           1.53250E-10  
Se80         80           34           1.09170E-08  
Se81         81           34           0.00000E+00  
Se82         82           34           1.52020E-09  
Br79         79           35           1.72990E-09  
Br80         80           35           0.00000E+00  
Br81         81           35           1.90270E-09  
Br82         82           35           0.00000E+00  
Br83         83           35           0.00000E+00  
Br84         84           35           0.00000E+00  
Kr80         80           36           4.13980E-10  
Kr81         81           36           1.44610E-11  
Kr82         82           36           3.06010E-09  
Kr83         83           36           2.20710E-09  
Kr84         84           36           1.15030E-08  
Kr85         85           36           0.00000E+00  
Kr86         86           36           4.58050E-09  
Kr87         87           36           0.00000E+00  
Kr88         88           36           0.00000E+00  
Rb85         85           37           1.92640E-09  
Rb86         86           37           0.00000E+00  
Rb87         87           37           1.27150E-09  
Rb88         88           37           0.00000E+00  
Sr86         86           38           1.79080E-09  
Sr87         87           38           1.25420E-09  
Sr88         88           38           2.64940E-08  
Sr89         89           38           0.00000E+00  
Sr90         90           38           0.00000E+00  
Sr91         91           38           0.00000E+00  
Sr92         92           38           0.00000E+00  
Y89          89           39           6.33580E-09  
Y90          90           39           0.00000E+00  
Y91          91           39           0.00000E+00  
Y92          92           39           0.00000E+00  
Y93          93           39           0.00000E+00  
Zr90         90           40           7.53480E-09  
Zr91         91           40           1.90180E-09  
Zr92         92           40           3.03720E-09  
Zr93         93           40           7.52860E-10  
Zr94         94           40           4.37600E-09  
Zr95         95           40           0.00000E+00  
Zr96         96           40           1.11910E-09  
Zr97         97           40           0.00000E+00  
Nb93         93           41           4.04160E-10  
Nb94         94           41           0.00000E+00  
Nb95         95           41           0.00000E+00  
Nb96         96           41           0.00000E+00  
Nb97         97           41           0.00000E+00  
Mo92         92           42           1.25840E-10  
Mo93         93           42           0.00000E+00  
Mo94         94           42           1.01180E-10  
Mo95         95           42           5.88170E-10  
Mo96         96           42           9.95510E-10  
Mo97         97           42           4.01390E-10  
Mo98         98           42           1.35410E-09  
Mo99         99           42           0.00000E+00  
Mo00         100          42           1.28040E-10  
Tc97         97           43           0.00000E+00  
Tc98         98           43           0.00000E+00  
Tc99         99           43           4.61840E-11  
Ru96         96           44           3.15150E-11  
Ru97         97           44           0.00000E+00  
Ru98         98           44           1.09140E-11  
Ru99         99           44           1.84230E-10  
Ru00         100          44           6.21760E-10  
Ru01         101          44           2.23220E-10  
Ru02         102          44           9.48360E-10  
Ru03         103          44           0.00000E+00  
Ru04         104          44           1.54980E-10  
Ru05         105          44           0.00000E+00  
Ru06         106          44           0.00000E+00  
Rh03         103          45           2.58670E-10  
Rh05         105          45           0.00000E+00  
Pd04         104          46           4.49580E-10  
Pd05         105          46           2.17170E-10  
Pd06         106          46           6.18340E-10  
Pd07         107          46           9.05120E-11  
Pd08         108          46           7.43480E-10  
Pd09         109          46           0.00000E+00  
Pd10         110          46           9.74150E-11  
Ag07         107          47           9.26980E-11  
Ag09         109          47           2.61120E-10  
Ag11         111          47           0.00000E+00  
Cd08         108          48           6.12390E-12  
Cd09         109          48           0.00000E+00  
Cd10         110          48           5.67400E-10  
Cd11         111          48           2.44390E-10  
Cd12         112          48           7.88710E-10  
Cd13         113          48           2.61220E-10  
Cd14         114          48           1.11230E-09  
Cd15         115          48           0.00000E+00  
Cd16         116          48           1.13710E-10  
In13         113          49           2.87410E-12  
In15         115          49           2.54470E-10  
Sn14         114          50           9.19050E-12  
Sn15         115          50           4.76340E-12  
Sn16         116          50           1.48560E-09  
Sn17         117          50           5.01250E-10  
Sn18         118          50           2.21790E-09  
Sn19         119          50           6.97020E-10  
Sn20         120          50           3.68130E-09  
Sn21         121          50           0.00000E+00  
Sn22         122          50           3.47240E-10  
Sn23         123          50           0.00000E+00  
Sn24         124          50           1.38610E-10  
Sb21         121          51           3.19440E-10  
Sb22         122          51           0.00000E+00  
Sb23         123          51           1.13250E-10  
Sb24         124          51           0.00000E+00  
Sb25         125          51           0.00000E+00  
Te22         122          52           4.31400E-10  
Te23         123          52           1.50480E-10  
Te24         124          52           9.31910E-10  
Te25         125          52           4.25760E-10  
Te26         126          52           2.06400E-09  
Te27         127          52           0.00000E+00  
Te28         128          52           8.46290E-10  
Te30         130          52           6.93860E-10  
I127         127          53           6.40160E-10  
I128         128          53           0.00000E+00  
I129         129          53           5.84290E-12  
I130         130          53           0.00000E+00  
I131         131          53           0.00000E+00  
I132         132          53           0.00000E+00  
I133         133          53           0.00000E+00  
Xe28         128          54           5.81680E-10  
Xe29         129          54           8.45310E-10  
Xe30         130          54           1.26760E-09  
Xe31         131          54           8.33690E-10  
Xe32         132          54           2.95700E-09  
Xe33         133          54           0.00000E+00  
Xe34         134          54           5.63610E-10  
Xe35         135          54           0.00000E+00  
Xe36         136          54           2.21700E-10  
Cs33         133          55           4.84330E-10  
Cs34         134          55           0.00000E+00  
Cs35         135          55           2.00530E-10  
Cs36         136          55           0.00000E+00  
Cs37         137          55           0.00000E+00  
Ba34         134          56           7.91790E-10  
Ba35         135          56           4.03310E-10  
Ba36         136          56           2.64070E-09  
Ba37         137          56           2.50100E-09  
Ba38         138          56           3.65300E-08  
Ba39         139          56           0.00000E+00  
Ba40         140          56           0.00000E+00  
La39         139          57           4.50630E-09  
La40         140          57           0.00000E+00  
Ce40         140          58           1.55540E-08  
Ce41         141          58           0.00000E+00  
Ce42         142          58           7.72690E-10  
Ce43         143          58           0.00000E+00  
Ce44         144          58           0.00000E+00  
Pr41         141          59           1.49750E-09  
Pr42         142          59           0.00000E+00  
Pr43         143          59           0.00000E+00  
Pr45         145          59           0.00000E+00  
Nd42         142          60           3.98520E-09  
Nd43         143          60           6.86130E-10  
Nd44         144          60           2.18320E-09  
Nd45         145          60           4.19840E-10  
Nd46         146          60           2.08600E-09  
Nd47         147          60           0.00000E+00  
Nd48         148          60           2.41690E-10  
Nd49         149          60           0.00000E+00  
Nd50         150          60           2.57810E-11  
Pm45         145          61           0.00000E+00  
Pm46         146          61           0.00000E+00  
Pm47         147          61           0.00000E+00  
Pm48         148          61           0.00000E+00  
Pm49         149          61           0.00000E+00  
Pm50         150          61           0.00000E+00  
Pm51         151          61           0.00000E+00  
Sm44         144          62           3.71940E-12  
Sm45         145          62           0.00000E+00  
Sm46         146          62           0.00000E+00  
Sm47         147          62           2.53680E-10  
Sm48         148          62           5.98640E-10  
Sm49         149          62           1.13690E-10  
Sm50         150          62           4.41320E-10  
Sm51         151          62           0.00000E+00  
Sm52         152          62           4.03090E-10  
Sm53         153          62           0.00000E+00  
Sm54         154          62           1.33040E-10  
Eu51         151          63           8.32250E-11  
Eu52         152          63           0.00000E+00  
Eu53         153          63           9.74720E-11  
Eu54         154          63           0.00000E+00  
Eu55         155          63           0.00000E+00  
Eu56         156          63           0.00000E+00  
Eu57         157          63           0.00000E+00  
Gd52         152          64           4.85240E-12  
Gd53         153          64           0.00000E+00  
Gd54         154          64           9.79520E-11  
Gd55         155          64           1.14160E-10  
Gd56         156          64           3.16910E-10  
Gd57         157          64           1.56990E-10  
Gd58         158          64           5.67150E-10  
Gd59         159          64           0.00000E+00  
Gd60         160          64           1.07030E-10  
Tb59         159          65           1.54420E-10  
Tb60         160          65           0.00000E+00  
Tb61         161          65           0.00000E+00  
Dy60         160          66           1.87620E-10  
Dy61         161          66           1.29030E-10  
Dy62         162          66           4.54370E-10  
Dy63         163          66           1.83450E-10  
Dy64         164          66           8.05610E-10  
Dy65         165          66           0.00000E+00  
Dy66         166          66           0.00000E+00  
Ho63         163          67           3.27560E-13  
Ho64         164          67           0.00000E+00  
Ho65         165          67           2.27160E-10  
Ho66         166          67           0.00000E+00  
Er64         164          68           6.62320E-11  
Er65         165          68           0.00000E+00  
Er66         166          68           3.27230E-10  
Er67         167          68           1.62530E-10  
Er68         168          68           6.12260E-10  
Er69         169          68           0.00000E+00  
Er70         170          68           2.07180E-10  
Er71         171          68           0.00000E+00  
Er72         172          68           0.00000E+00  
Tm69         169          69           1.34900E-10  
Tm70         170          69           0.00000E+00  
Tm71         171          69           0.00000E+00  
Tm72         172          69           0.00000E+00  
Tm73         173          69           0.00000E+00  
Yb70         170          70           1.89630E-10  
Yb71         171          70           2.69410E-10  
Yb72         172          70           6.56060E-10  
Yb73         173          70           3.12320E-10  
Yb74         174          70           1.46220E-09  
Yb75         175          70           0.00000E+00  
Yb76         176          70           1.81260E-10  
Yb77         177          70           0.00000E+00  
Lu75         175          71           2.14950E-10  
Lu76         176          71           3.50860E-11  
Lu77         177          71           0.00000E+00  
Hf76         176          72           2.65030E-10  
Hf77         177          72           1.77340E-10  
Hf78         178          72           7.37800E-10  
Hf79         179          72           2.61800E-10  
Hf80         180          72           1.46430E-09  
Hf81         181          72           0.00000E+00  
Hf82         182          72           7.18760E-11  
Hf83         183          72           0.00000E+00  
Hf84         184          72           0.00000E+00  
Ta79         179          73           0.00000E+00  
Ta80         180          73           0.00000E+00  
Ta81         181          73           3.14170E-10  
Ta82         182          73           0.00000E+00  
Ta83         183          73           0.00000E+00  
Ta84         184          73           0.00000E+00  
W180         180          74           0.00000E+00  
W181         181          74           0.00000E+00  
W182         182          74           6.21590E-10  
W183         183          74           4.12830E-10  
W184         184          74           1.08540E-09  
W185         185          74           0.00000E+00  
W186         186          74           4.43200E-10  
W187         187          74           0.00000E+00  
W188         188          74           0.00000E+00  
Re85         185          75           2.19190E-10  
Re86         186          75           0.00000E+00  
Re87         187          75           1.24360E-10  
Re88         188          75           0.00000E+00  
Re89         189          75           0.00000E+00  
Os86         186          76           3.87350E-10  
Os87         187          76           1.16090E-10  
Os88         188          76           8.54060E-10  
Os89         189          76           2.36700E-10  
Os90         190          76           9.91410E-10  
Os91         191          76           0.00000E+00  
Os92         192          76           5.60610E-10  
Os93         193          76           0.00000E+00  
Os94         194          76           0.00000E+00  
Ir91         191          77           3.19600E-10  
Ir92         192          77           0.00000E+00  
Ir93         193          77           4.53240E-10  
Ir94         194          77           0.00000E+00  
Ir95         195          77           0.00000E+00  
Pt92         192          78           2.60700E-10  
Pt93         193          78           0.00000E+00  
Pt94         194          78           1.19240E-09  
Pt95         195          78           6.53020E-10  
Pt96         196          78           1.54740E-09  
Pt97         197          78           0.00000E+00  
Pt98         198          78           1.24170E-10  
Au97         197          79           5.18550E-10  
Au98         198          79           0.00000E+00  
Au99         199          79           0.00000E+00  
Hg98         198          80           1.29470E-09  
Hg99         199          80           6.44050E-10  
Hg00         200          80           2.08080E-09  
Hg01         201          80           8.84820E-10  
Hg02         202          80           3.64120E-09  
Hg03         203          80           0.00000E+00  
Hg04         204          80           8.85670E-11  
Tl03         203          81           1.61560E-09  
Tl04         204          81           0.00000E+00  
Tl05         205          81           3.74860E-09  
Pb04         204          82           2.03870E-09  
Pb05         205          82           2.28500E-10  
Pb06         206          82           2.32620E-08  
Pb07         207          82           3.19250E-08  
Pb08         208          82           3.20750E-07  
Pb09         209          82           0.00000E+00  
Pb10         210          82           0.00000E+00  
Bi09         209          83           2.36790E-09  
Bi10         210          83           0.00000E+00  
Po10         210          84           0.00000E+00  
