Isotope      A            Z            YIELD 
H            1            1            6.10460E-01  
He4          4            2            2.49500E-01  
C12          12           6            3.63650E-03  
C13          13           6            2.52700E-05  
C14          14           6            4.79660E-11  
N14          14           7            6.07740E-04  
N15          15           7            6.30520E-07  
O16          16           8            2.35620E-03  
O17          17           8            4.85450E-06  
O18          18           8            3.84640E-06  
F18          18           9            0.00000E+00  
F19          19           9            3.57660E-07  
Ne20         20           10           4.03010E-04  
Ne21         21           10           1.05810E-06  
Ne22         22           10           1.87220E-04  
Na22         22           11           0.00000E+00  
Na23         23           11           1.64930E-05  
Na24         24           11           0.00000E+00  
Mg24         24           12           2.04180E-04  
Mg25         25           12           2.67000E-05  
Mg26         26           12           3.08820E-05  
Al26         26           13           6.34090E-08  
Al27         27           13           2.31620E-05  
Si28         28           14           2.62460E-04  
Si29         29           14           1.38200E-05  
Si30         30           14           9.51980E-06  
Si31         31           14           0.00000E+00  
Si32         32           14           0.00000E+00  
P31          31           15           2.51520E-06  
P32          32           15           0.00000E+00  
P33          33           15           0.00000E+00  
S32          32           16           1.37900E-04  
S33          33           16           1.13890E-06  
S34          34           16           6.56210E-06  
S35          35           16           0.00000E+00  
S36          36           16           3.20260E-08  
Cl35         35           17           1.41040E-06  
Cl36         36           17           2.47140E-10  
Cl37         37           17           5.08330E-07  
Ar36         36           18           3.15790E-05  
Ar37         37           18           0.00000E+00  
Ar38         38           18           6.10330E-06  
Ar39         39           18           6.41810E-13  
Ar40         40           18           1.41730E-08  
Ar41         41           18           0.00000E+00  
Ar42         42           18           0.00000E+00  
K39          39           19           1.31650E-06  
K40          40           19           2.10700E-09  
K41          41           19           1.06760E-07  
K42          42           19           0.00000E+00  
K43          43           19           0.00000E+00  
Ca40         40           20           2.36900E-05  
Ca41         41           20           6.03980E-10  
Ca42         42           20           1.71180E-07  
Ca43         43           20           3.64520E-08  
Ca44         44           20           5.65040E-07  
Ca45         45           20           0.00000E+00  
Ca46         46           20           1.46070E-09  
Ca47         47           20           0.00000E+00  
Ca48         48           20           5.49310E-08  
Sc45         45           21           1.63290E-08  
Sc46         46           21           0.00000E+00  
Sc47         47           21           0.00000E+00  
Sc48         48           21           0.00000E+00  
Sc49         49           21           0.00000E+00  
Ti46         46           22           9.35390E-08  
Ti47         47           22           8.50450E-08  
Ti48         48           22           8.58620E-07  
Ti49         49           22           6.83010E-08  
Ti50         50           22           7.44010E-08  
V50          50           23           3.63270E-10  
V51          51           23           1.49080E-07  
Cr50         50           24           2.88920E-07  
Cr51         51           24           0.00000E+00  
Cr52         52           24           5.82640E-06  
Cr53         53           24           6.72440E-07  
Cr54         54           24           1.81690E-07  
Mn55         55           25           5.11150E-06  
Mn56         56           25           0.00000E+00  
Fe54         54           26           2.77670E-05  
Fe55         55           26           5.27600E-13  
Fe56         56           26           4.53680E-04  
Fe57         57           26           1.10260E-05  
Fe58         58           26           1.89260E-06  
Fe59         59           26           0.00000E+00  
Fe60         60           26           1.46880E-08  
Co59         59           27           1.44600E-06  
Co60         60           27           0.00000E+00  
Ni58         58           28           1.90900E-05  
Ni59         59           28           3.13870E-09  
Ni60         60           28           7.68760E-06  
Ni61         61           28           3.65800E-07  
Ni62         62           28           1.14050E-06  
Ni63         63           28           2.16090E-13  
Ni64         64           28           3.17470E-07  
Ni65         65           28           0.00000E+00  
Ni66         66           28           0.00000E+00  
Cu63         63           29           2.51070E-07  
Cu64         64           29           0.00000E+00  
Cu65         65           29           1.14560E-07  
Cu66         66           29           0.00000E+00  
Cu67         67           29           0.00000E+00  
Zn64         64           30           4.01310E-07  
Zn65         65           30           0.00000E+00  
Zn66         66           30           2.41900E-07  
Zn67         67           30           3.66600E-08  
Zn68         68           30           1.71780E-07  
Zn69         69           30           0.00000E+00  
Zn70         70           30           5.53350E-09  
Ga69         69           31           1.69390E-08  
Ga70         70           31           0.00000E+00  
Ga71         71           31           1.22150E-08  
Ga72         72           31           0.00000E+00  
Ga73         73           31           0.00000E+00  
Ge70         70           32           2.10980E-08  
Ge71         71           32           0.00000E+00  
Ge72         72           32           2.74710E-08  
Ge73         73           32           7.75850E-09  
Ge74         74           32           3.68390E-08  
Ge75         75           32           0.00000E+00  
Ge76         76           32           6.88110E-09  
Ge77         77           32           0.00000E+00  
As75         75           33           4.96850E-09  
As76         76           33           0.00000E+00  
As77         77           33           0.00000E+00  
Se76         76           34           6.43690E-09  
Se77         77           34           4.62410E-09  
Se78         78           34           1.49920E-08  
Se79         79           34           3.65660E-10  
Se80         80           34           3.21930E-08  
Se81         81           34           0.00000E+00  
Se82         82           34           4.62540E-09  
Br79         79           35           4.96720E-09  
Br80         80           35           0.00000E+00  
Br81         81           35           5.41800E-09  
Br82         82           35           0.00000E+00  
Br83         83           35           0.00000E+00  
Br84         84           35           0.00000E+00  
Kr80         80           36           1.41670E-09  
Kr81         81           36           7.71940E-11  
Kr82         82           36           8.49340E-09  
Kr83         83           36           6.36550E-09  
Kr84         84           36           3.33400E-08  
Kr85         85           36           0.00000E+00  
Kr86         86           36           1.13320E-08  
Kr87         87           36           0.00000E+00  
Kr88         88           36           0.00000E+00  
Rb85         85           37           5.35010E-09  
Rb86         86           37           0.00000E+00  
Rb87         87           37           2.60440E-09  
Rb88         88           37           0.00000E+00  
Sr86         86           38           5.39100E-09  
Sr87         87           38           3.63870E-09  
Sr88         88           38           8.43370E-08  
Sr89         89           38           0.00000E+00  
Sr90         90           38           0.00000E+00  
Sr91         91           38           0.00000E+00  
Sr92         92           38           0.00000E+00  
Y89          89           39           1.94710E-08  
Y90          90           39           0.00000E+00  
Y91          91           39           0.00000E+00  
Y92          92           39           0.00000E+00  
Y93          93           39           0.00000E+00  
Zr90         90           40           2.34250E-08  
Zr91         91           40           5.78680E-09  
Zr92         92           40           9.95510E-09  
Zr93         93           40           2.32830E-09  
Zr94         94           40           1.40850E-08  
Zr95         95           40           0.00000E+00  
Zr96         96           40           1.94460E-09  
Zr97         97           40           0.00000E+00  
Nb93         93           41           1.19700E-09  
Nb94         94           41           0.00000E+00  
Nb95         95           41           0.00000E+00  
Nb96         96           41           0.00000E+00  
Nb97         97           41           0.00000E+00  
Mo92         92           42           3.87790E-10  
Mo93         93           42           0.00000E+00  
Mo94         94           42           3.38270E-10  
Mo95         95           42           1.64530E-09  
Mo96         96           42           3.05790E-09  
Mo97         97           42           1.19910E-09  
Mo98         98           42           3.92230E-09  
Mo99         99           42           0.00000E+00  
Mo00         100          42           3.31750E-10  
Tc97         97           43           0.00000E+00  
Tc98         98           43           0.00000E+00  
Tc99         99           43           1.48070E-10  
Ru96         96           44           9.72750E-11  
Ru97         97           44           0.00000E+00  
Ru98         98           44           3.36450E-11  
Ru99         99           44           5.22920E-10  
Ru00         100          44           1.81030E-09  
Ru01         101          44           6.61460E-10  
Ru02         102          44           2.34510E-09  
Ru03         103          44           0.00000E+00  
Ru04         104          44           4.01600E-10  
Ru05         105          44           0.00000E+00  
Ru06         106          44           0.00000E+00  
Rh03         103          45           7.44170E-10  
Rh05         105          45           0.00000E+00  
Pd04         104          46           1.36540E-09  
Pd05         105          46           6.57910E-10  
Pd06         106          46           1.86820E-09  
Pd07         107          46           2.74690E-10  
Pd08         108          46           2.24710E-09  
Pd09         109          46           0.00000E+00  
Pd10         110          46           2.27970E-10  
Ag07         107          47           2.83740E-10  
Ag09         109          47           7.32090E-10  
Ag11         111          47           0.00000E+00  
Cd08         108          48           2.18530E-11  
Cd09         109          48           0.00000E+00  
Cd10         110          48           1.79220E-09  
Cd11         111          48           7.61800E-10  
Cd12         112          48           2.44420E-09  
Cd13         113          48           8.14610E-10  
Cd14         114          48           3.51610E-09  
Cd15         115          48           0.00000E+00  
Cd16         116          48           3.02980E-10  
In13         113          49           8.83590E-12  
In15         115          49           7.95710E-10  
Sn14         114          50           2.81420E-11  
Sn15         115          50           1.46090E-11  
Sn16         116          50           4.89500E-09  
Sn17         117          50           1.66430E-09  
Sn18         118          50           7.21470E-09  
Sn19         119          50           2.26590E-09  
Sn20         120          50           1.19420E-08  
Sn21         121          50           0.00000E+00  
Sn22         122          50           7.12150E-10  
Sn23         123          50           0.00000E+00  
Sn24         124          50           2.87450E-10  
Sb21         121          51           1.02600E-09  
Sb22         122          51           0.00000E+00  
Sb23         123          51           2.70650E-10  
Sb24         124          51           0.00000E+00  
Sb25         125          51           0.00000E+00  
Te22         122          52           1.50480E-09  
Te23         123          52           5.42820E-10  
Te24         124          52           3.06830E-09  
Te25         125          52           1.37550E-09  
Te26         126          52           6.35000E-09  
Te27         127          52           0.00000E+00  
Te28         128          52           2.65640E-09  
Te30         130          52           2.12960E-09  
I127         127          53           1.96070E-09  
I128         128          53           0.00000E+00  
I129         129          53           1.26150E-11  
I130         130          53           0.00000E+00  
I131         131          53           0.00000E+00  
I132         132          53           0.00000E+00  
I133         133          53           0.00000E+00  
Xe28         128          54           1.77340E-09  
Xe29         129          54           2.58850E-09  
Xe30         130          54           3.86820E-09  
Xe31         131          54           2.54030E-09  
Xe32         132          54           8.97380E-09  
Xe33         133          54           0.00000E+00  
Xe34         134          54           1.29820E-09  
Xe35         135          54           0.00000E+00  
Xe36         136          54           5.89000E-10  
Cs33         133          55           1.43680E-09  
Cs34         134          55           0.00000E+00  
Cs35         135          55           3.36330E-10  
Cs36         136          55           0.00000E+00  
Cs37         137          55           0.00000E+00  
Ba34         134          56           2.74690E-09  
Ba35         135          56           1.36130E-09  
Ba36         136          56           7.78120E-09  
Ba37         137          56           7.28430E-09  
Ba38         138          56           8.80860E-08  
Ba39         139          56           0.00000E+00  
Ba40         140          56           0.00000E+00  
La39         139          57           1.11860E-08  
La40         140          57           0.00000E+00  
Ce40         140          58           3.27820E-08  
Ce41         141          58           0.00000E+00  
Ce42         142          58           8.67480E-10  
Ce43         143          58           0.00000E+00  
Ce44         144          58           0.00000E+00  
Pr41         141          59           2.87630E-09  
Pr42         142          59           0.00000E+00  
Pr43         143          59           0.00000E+00  
Pr45         145          59           0.00000E+00  
Nd42         142          60           8.09320E-09  
Nd43         143          60           1.25770E-09  
Nd44         144          60           3.84430E-09  
Nd45         145          60           7.45030E-10  
Nd46         146          60           3.67590E-09  
Nd47         147          60           0.00000E+00  
Nd48         148          60           2.26980E-10  
Nd49         149          60           0.00000E+00  
Nd50         150          60           7.18960E-11  
Pm45         145          61           0.00000E+00  
Pm46         146          61           0.00000E+00  
Pm47         147          61           0.00000E+00  
Pm48         148          61           0.00000E+00  
Pm49         149          61           0.00000E+00  
Pm50         150          61           0.00000E+00  
Pm51         151          61           0.00000E+00  
Sm44         144          62           1.14680E-11  
Sm45         145          62           0.00000E+00  
Sm46         146          62           0.00000E+00  
Sm47         147          62           4.35870E-10  
Sm48         148          62           1.17160E-09  
Sm49         149          62           2.14610E-10  
Sm50         150          62           7.43080E-10  
Sm51         151          62           0.00000E+00  
Sm52         152          62           6.61570E-10  
Sm53         153          62           0.00000E+00  
Sm54         154          62           1.52420E-10  
Eu51         151          63           1.68170E-10  
Eu52         152          63           0.00000E+00  
Eu53         153          63           1.78540E-10  
Eu54         154          63           0.00000E+00  
Eu55         155          63           0.00000E+00  
Eu56         156          63           0.00000E+00  
Eu57         157          63           0.00000E+00  
Gd52         152          64           1.31270E-11  
Gd53         153          64           0.00000E+00  
Gd54         154          64           1.87590E-10  
Gd55         155          64           1.99330E-10  
Gd56         156          64           5.57520E-10  
Gd57         157          64           2.98750E-10  
Gd58         158          64           1.06190E-09  
Gd59         159          64           0.00000E+00  
Gd60         160          64           1.58390E-10  
Tb59         159          65           3.03990E-10  
Tb60         160          65           0.00000E+00  
Tb61         161          65           0.00000E+00  
Dy60         160          66           3.33790E-10  
Dy61         161          66           2.69550E-10  
Dy62         162          66           8.44450E-10  
Dy63         163          66           3.86320E-10  
Dy64         164          66           1.41580E-09  
Dy65         165          66           0.00000E+00  
Dy66         166          66           0.00000E+00  
Ho63         163          67           6.33520E-13  
Ho64         164          67           0.00000E+00  
Ho65         165          67           4.34520E-10  
Ho66         166          67           0.00000E+00  
Er64         164          68           1.08920E-10  
Er65         165          68           0.00000E+00  
Er66         166          68           6.52430E-10  
Er67         167          68           3.32500E-10  
Er68         168          68           1.08050E-09  
Er69         169          68           0.00000E+00  
Er70         170          68           1.72660E-10  
Er71         171          68           0.00000E+00  
Er72         172          68           0.00000E+00  
Tm69         169          69           3.08810E-10  
Tm70         170          69           0.00000E+00  
Tm71         171          69           0.00000E+00  
Tm72         172          69           0.00000E+00  
Tm73         173          69           0.00000E+00  
Yb70         170          70           3.25110E-10  
Yb71         171          70           3.92050E-10  
Yb72         172          70           1.06260E-09  
Yb73         173          70           5.20090E-10  
Yb74         174          70           2.24350E-09  
Yb75         175          70           0.00000E+00  
Yb76         176          70           1.48510E-10  
Yb77         177          70           0.00000E+00  
Lu75         175          71           3.47790E-10  
Lu76         176          71           5.20230E-11  
Lu77         177          71           0.00000E+00  
Hf76         176          72           3.92680E-10  
Hf77         177          72           2.80990E-10  
Hf78         178          72           1.13210E-09  
Hf79         179          72           4.00440E-10  
Hf80         180          72           2.11480E-09  
Hf81         181          72           0.00000E+00  
Hf82         182          72           4.67600E-11  
Hf83         183          72           0.00000E+00  
Hf84         184          72           0.00000E+00  
Ta79         179          73           0.00000E+00  
Ta80         180          73           0.00000E+00  
Ta81         181          73           4.46670E-10  
Ta82         182          73           0.00000E+00  
Ta83         183          73           0.00000E+00  
Ta84         184          73           0.00000E+00  
W180         180          74           2.78730E-13  
W181         181          74           0.00000E+00  
W182         182          74           1.01810E-09  
W183         183          74           6.21540E-10  
W184         184          74           1.61840E-09  
W185         185          74           0.00000E+00  
W186         186          74           4.08720E-10  
W187         187          74           0.00000E+00  
W188         188          74           0.00000E+00  
Re85         185          75           3.26860E-10  
Re86         186          75           0.00000E+00  
Re87         187          75           1.16310E-10  
Re88         188          75           0.00000E+00  
Re89         189          75           0.00000E+00  
Os86         186          76           6.25890E-10  
Os87         187          76           2.29620E-10  
Os88         188          76           9.44650E-10  
Os89         189          76           4.20010E-10  
Os90         190          76           1.38870E-09  
Os91         191          76           0.00000E+00  
Os92         192          76           6.52000E-10  
Os93         193          76           0.00000E+00  
Os94         194          76           0.00000E+00  
Ir91         191          77           6.88810E-10  
Ir92         192          77           0.00000E+00  
Ir93         193          77           1.04310E-09  
Ir94         194          77           0.00000E+00  
Ir95         195          77           0.00000E+00  
Pt92         192          78           4.46090E-10  
Pt93         193          78           0.00000E+00  
Pt94         194          78           2.16740E-09  
Pt95         195          78           1.40310E-09  
Pt96         196          78           2.65620E-09  
Pt97         197          78           0.00000E+00  
Pt98         198          78           2.25850E-10  
Au97         197          79           9.12540E-10  
Au98         198          79           0.00000E+00  
Au99         199          79           0.00000E+00  
Hg98         198          80           1.69930E-09  
Hg99         199          80           8.53200E-10  
Hg00         200          80           2.60830E-09  
Hg01         201          80           1.10440E-09  
Hg02         202          80           4.44960E-09  
Hg03         203          80           0.00000E+00  
Hg04         204          80           9.40190E-11  
Tl03         203          81           1.97540E-09  
Tl04         204          81           0.00000E+00  
Tl05         205          81           5.14950E-09  
Pb04         204          82           3.21690E-09  
Pb05         205          82           2.95360E-10  
Pb06         206          82           1.75430E-08  
Pb07         207          82           1.86680E-08  
Pb08         208          82           2.91760E-08  
Pb09         209          82           0.00000E+00  
Pb10         210          82           0.00000E+00  
Bi09         209          83           4.52410E-10  
Bi10         210          83           0.00000E+00  
Po10         210          84           0.00000E+00  
