 ele  Z   A   PFAv000     PFAv150     PFAv300     PFBv000     PFBv150     PFBv300     PFCv000     PFCv150     PFCv300     PFDv000     PFDv150     PFDv300      YAv000      YAv150      YAv300      YBv000      YBv150      YBv300      YCv000      YCv150      YCv300      YDv000      YDv150      YDv300     PFAvavg     PFBvavg     PFCvavg     PFDvavg      YAvavg      YBvavg      YCvavg      YDvavg       iniA        iniB        iniC        iniD 
  H     1    0  5.7620E-01  4.5943E-01  3.9457E-01  5.4856E-01  4.4039E-01  4.1981E-01  5.4355E-01  4.8163E-01  4.2972E-01  5.5122E-01  4.4700E-01  4.2654E-01  3.8976E-01  3.0315E-01  2.6151E-01  3.7830E-01  2.9457E-01  2.8021E-01  3.8425E-01  3.0862E-01  2.8689E-01  3.8833E-01  3.0163E-01  2.9084E-01  5.7619E-01  5.4855E-01  5.4355E-01  5.5122E-01  3.8976E-01  3.7830E-01  3.8425E-01  3.8832E-01  7.2158E-01  7.4679E-01  7.5971E-01  7.6000E-01
  He    2    0  1.4775E+00  1.4894E+00  1.7058E+00  1.4853E+00  1.3442E+00  1.3183E+00  1.5501E+00  1.1247E+00  1.0143E+00  1.4562E+00  1.0316E+00  9.8475E-01  3.6708E-01  3.6096E-01  4.1523E-01  3.4294E-01  3.0101E-01  2.9461E-01  3.4621E-01  2.2770E-01  2.1394E-01  3.2400E-01  2.1985E-01  2.1207E-01  1.4775E+00  1.4853E+00  1.5501E+00  1.4562E+00  3.6708E-01  3.4294E-01  3.4621E-01  3.2400E-01  2.6503E-01  2.5003E-01  2.4003E-01  2.4003E-01
  Li    3    0  1.1370E-02  2.2180E-03  1.6186E-03  1.0756E-02  1.1023E-01  9.6130E-02  1.8607E-02  8.2229E-02  3.7206E-02  5.9740E-03  1.8156E-02  2.3820E-02  9.6592E-11  1.8381E-11  1.3472E-11  2.0359E-11  2.0236E-10  1.7611E-10  3.5488E-11  1.4216E-10  6.7017E-11  1.1350E-11  3.3042E-11  4.3804E-11  1.1370E-02  1.0761E-02  1.8610E-02  5.9746E-03  9.6588E-11  2.0369E-11  3.5494E-11  1.1352E-11  9.0621E-09  2.0497E-09  2.0497E-09  2.0497E-09
  Be    4    0  1.8343E-02  3.1916E-03  2.4843E-03  1.3384E-02  1.4634E-03  7.8303E-04  9.3530E-03  1.9116E-04  1.0576E-04  4.0339E-03  9.1634E-05  5.0672E-05  2.7322E-12  4.6374E-13  3.6256E-13  1.9839E-13  2.1039E-14  1.1233E-14  1.3969E-14  2.5880E-16  1.4918E-16  6.0018E-16  1.3059E-17  7.2972E-18  1.8343E-02  1.3383E-02  9.3525E-03  4.0337E-03  2.7321E-12  1.9838E-13  1.3969E-14  6.0015E-16  1.5889E-10  1.6051E-11  1.6051E-12  1.6051E-13
  B     5    0  1.4935E-01  4.6615E-02  2.3295E-02  1.2322E-01  2.7448E-02  8.4819E-03  8.4273E-02  7.8709E-03  6.1495E-04  5.5970E-02  3.4949E-03  1.8197E-04  5.5779E-10  1.6983E-10  8.5245E-11  4.5795E-11  9.8945E-12  3.0511E-12  3.1561E-12  2.6719E-13  2.1750E-14  2.0881E-13  1.2489E-14  6.5707E-16  1.4934E-01  1.2321E-01  8.4270E-02  5.5968E-02  5.5777E-10  4.5793E-11  3.1559E-12  2.0880E-13  3.9841E-09  4.0247E-10  4.0247E-11  4.0247E-12
  C     6    0  1.4607E+01  2.3696E+01  2.2818E+01  6.9483E+01  1.1161E+02  1.1544E+02  6.6778E+02  1.0400E+03  1.1233E+03  6.8707E+03  9.1953E+03  1.3246E+04  3.2588E-02  5.1571E-02  4.9877E-02  2.8432E-02  4.4294E-02  4.5718E-02  2.7533E-02  3.8870E-02  4.3740E-02  2.8220E-02  3.6177E-02  5.2660E-02  1.4608E+01  6.9485E+01  6.6780E+02  6.8708E+03  3.2589E-02  2.8432E-02  2.7534E-02  2.8221E-02  2.3799E-03  4.4310E-04  4.4310E-05  4.4310E-06
  N     7    0  4.4177E+00  5.9240E+00  8.0383E+00  1.0701E+01  4.8278E+01  3.7003E+01  1.2102E+01  3.1867E+02  2.5764E+02  1.2603E+01  2.0819E+03  3.8445E+03  2.8861E-03  3.7753E-03  5.1453E-03  6.8859E-04  3.0131E-03  2.3046E-03  7.8469E-05  1.8729E-03  1.5776E-03  8.1407E-06  1.2881E-03  2.4035E-03  4.4178E+00  1.0703E+01  1.2117E+01  1.2709E+01  2.8862E-03  6.8871E-04  7.8564E-05  8.2087E-06  6.9691E-04  6.9682E-05  6.9682E-06  6.9682E-07
  O     8    0  1.9144E+01  2.8370E+01  2.6413E+01  7.2130E+01  1.1184E+02  1.1508E+02  7.2327E+02  1.2517E+03  1.4784E+03  8.0341E+03  1.4951E+04  1.5581E+04  1.0356E-01  1.4971E-01  1.4000E-01  1.3636E-01  2.0507E-01  2.1058E-01  1.3778E-01  2.1613E-01  2.6598E-01  1.5246E-01  2.7175E-01  2.8618E-01  1.9144E+01  7.2132E+01  7.2330E+02  8.0344E+03  1.0356E-01  1.3637E-01  1.3778E-01  1.5247E-01  5.7706E-03  2.0472E-03  2.0472E-04  2.0472E-05
  F     9    0  9.4229E-01  1.3866E+01  8.0721E+00  6.5264E+00  1.6004E+02  3.8930E+02  7.4379E+00  1.3472E+03  1.8321E+03  1.0792E+01  6.5760E+04  4.0609E+04  4.4860E-07  6.4394E-06  3.7653E-06  3.0603E-07  7.2784E-06  1.7668E-05  3.5144E-08  5.7701E-06  8.1754E-06  5.0796E-09  2.9648E-05  1.8500E-05  9.4296E-01  6.5343E+00  7.5025E+00  1.4142E+01  4.4892E-07  3.0640E-07  3.5449E-08  6.6564E-09  5.0785E-07  5.0778E-08  5.0778E-09  5.0778E-10
  Ne   10    0  1.7265E+01  1.5985E+01  1.6351E+01  1.4926E+02  1.8037E+02  2.0803E+02  1.5295E+03  1.9771E+03  2.4610E+03  1.4943E+04  2.3547E+04  2.1498E+04  2.0424E-02  1.8446E-02  1.8951E-02  1.7390E-02  2.0383E-02  2.3459E-02  1.7956E-02  2.1040E-02  2.7287E-02  1.7476E-02  2.6379E-02  2.4336E-02  1.7265E+01  1.4926E+02  1.5295E+03  1.4943E+04  2.0424E-02  1.7390E-02  1.7956E-02  1.7477E-02  1.2619E-03  1.2617E-04  1.2617E-05  1.2617E-06
  Na   11    0  1.6178E+01  1.3441E+01  1.5167E+01  5.8014E+01  4.7995E+01  6.9561E+01  3.2030E+02  2.4346E+02  4.6894E+02  2.5507E+03  1.9881E+03  4.5154E+03  4.4623E-04  3.6165E-04  4.0990E-04  1.5761E-04  1.2647E-04  1.8291E-04  8.7686E-05  6.0415E-05  1.2124E-04  6.9560E-05  5.1932E-05  1.1919E-04  1.6178E+01  5.8014E+01  3.2030E+02  2.5507E+03  4.4623E-04  1.5761E-04  8.7684E-05  6.9559E-05  2.9424E-05  2.9420E-06  2.9420E-07  2.9420E-08
  Mg   12    0  7.8179E+00  8.2859E+00  7.7471E+00  4.0975E+01  6.0326E+01  6.3247E+01  3.5828E+02  7.2231E+02  8.3606E+02  3.3000E+03  9.4987E+03  7.0428E+03  5.2237E-03  5.4007E-03  5.0718E-03  4.7953E-03  6.8474E-03  7.1639E-03  4.2250E-03  7.7210E-03  9.3109E-03  3.8766E-03  1.0688E-02  8.0078E-03  7.8179E+00  4.0976E+01  3.5830E+02  3.3003E+03  5.2237E-03  4.7954E-03  4.2252E-03  3.8770E-03  7.1276E-04  1.2673E-04  1.2673E-05  1.2673E-06
  Al   13    0  9.6948E+00  8.8998E+00  9.5625E+00  5.3411E+01  6.2545E+01  6.3608E+01  2.6384E+02  3.7008E+02  5.8072E+02  1.8594E+03  2.9958E+03  5.3682E+03  5.0912E-04  4.5592E-04  4.9203E-04  2.7627E-04  3.1378E-04  3.1844E-04  1.3752E-04  1.7484E-04  2.8585E-04  9.6543E-05  1.4899E-04  2.6978E-04  9.6947E+00  5.3411E+01  2.6385E+02  1.8595E+03  5.0912E-04  2.7627E-04  1.3752E-04  9.6545E-05  5.6020E-05  5.6013E-06  5.6013E-07  5.6013E-08
  Si   14    0  1.1249E+01  1.4950E+01  1.6203E+01  4.9273E+01  7.0332E+01  9.2297E+01  4.2120E+02  7.7740E+02  9.8706E+02  4.0659E+03  7.2338E+03  7.1964E+03  7.0611E-03  9.1540E-03  9.9650E-03  7.8304E-03  1.0841E-02  1.4196E-02  6.7447E-03  1.1284E-02  1.4927E-02  6.4859E-03  1.1053E-02  1.1111E-02  1.1249E+01  4.9274E+01  4.2121E+02  4.0660E+03  7.0613E-03  7.8306E-03  6.7450E-03  6.4861E-03  6.6960E-04  1.7209E-04  1.7209E-05  1.7209E-06
  P    15    0  1.3550E+01  1.8178E+01  1.9796E+01  7.9667E+01  1.1638E+02  1.6986E+02  3.0948E+02  6.6350E+02  1.4159E+03  2.1867E+03  5.1486E+03  1.1717E+04  7.4511E-05  9.7513E-05  1.0666E-04  4.3150E-05  6.1137E-05  8.9046E-05  1.6891E-05  3.2824E-05  7.2977E-05  1.1889E-05  2.6812E-05  6.1657E-05  1.3550E+01  7.9669E+01  3.0950E+02  2.1868E+03  7.4512E-05  4.3151E-05  1.6891E-05  1.1889E-05  5.8660E-06  5.8652E-07  5.8652E-08  5.8652E-09
  S    16    0  9.2192E+00  1.3204E+01  1.4871E+01  3.8930E+01  6.9769E+01  1.2607E+02  3.0970E+02  8.3808E+02  1.2813E+03  3.4942E+03  7.1485E+03  7.0308E+03  2.6918E-03  3.7608E-03  4.2543E-03  2.5064E-03  4.3566E-03  7.8556E-03  2.0092E-03  4.9283E-03  7.8500E-03  2.2581E-03  4.4250E-03  4.3978E-03  9.2194E+00  3.8931E+01  3.0973E+02  3.4944E+03  2.6918E-03  2.5065E-03  2.0093E-03  2.2582E-03  3.1146E-04  6.9718E-05  6.9718E-06  6.9718E-07
  Cl   17    0  4.1111E+00  5.5265E+00  6.2123E+00  1.6863E+01  2.7512E+01  6.3911E+01  5.6881E+01  2.3664E+02  5.2516E+02  5.7888E+02  1.5400E+03  2.8886E+03  3.1836E-05  4.1748E-05  4.7135E-05  1.2863E-05  2.0353E-05  4.7181E-05  4.3717E-06  1.6486E-05  3.8118E-05  4.4321E-06  1.1294E-05  2.1406E-05  4.1112E+00  1.6864E+01  5.6890E+01  5.7893E+02  3.1837E-05  1.2863E-05  4.3724E-06  4.4324E-06  8.2607E-06  8.2596E-07  8.2596E-08  8.2596E-09
  Ar   18    0  7.5341E+00  1.1023E+01  1.2843E+01  3.0681E+01  6.5969E+01  1.5164E+02  2.5201E+02  8.7171E+02  1.4268E+03  3.2197E+03  6.5050E+03  6.3404E+03  4.7420E-04  6.7681E-04  7.9200E-04  4.2582E-04  8.8801E-04  2.0369E-03  3.5243E-04  1.1050E-03  1.8844E-03  4.4854E-04  8.6803E-04  8.5494E-04  7.5343E+00  3.0683E+01  2.5204E+02  3.2199E+03  4.7421E-04  4.2584E-04  3.5247E-04  4.4857E-04  6.7141E-05  1.5029E-05  1.5029E-06  1.5029E-07
  K    19    0  3.6688E+00  5.5048E+00  7.9059E+00  2.0495E+01  5.1081E+01  2.0905E+02  9.3466E+01  7.9209E+02  1.6667E+03  1.3499E+03  3.5900E+03  6.8129E+03  1.0617E-05  1.5540E-05  2.2417E-05  5.8420E-06  1.4122E-05  5.7673E-05  2.6845E-06  2.0622E-05  4.5211E-05  3.8624E-06  9.8388E-06  1.8867E-05  3.6689E+00  2.0496E+01  9.3500E+01  1.3500E+03  1.0618E-05  5.8424E-06  2.6855E-06  3.8627E-06  3.0871E-06  3.0867E-07  3.0867E-08  3.0867E-09
  Ca   20    0  4.8558E+00  6.8596E+00  8.3024E+00  2.2373E+01  6.0485E+01  1.2085E+02  2.1806E+02  8.7903E+02  1.2336E+03  2.9164E+03  5.1585E+03  4.7833E+03  2.9410E-04  4.0528E-04  4.9268E-04  2.9879E-04  7.8347E-04  1.5621E-03  2.9345E-04  1.0723E-03  1.5678E-03  3.9096E-04  6.6238E-04  6.2064E-04  4.8559E+00  2.2375E+01  2.1810E+02  2.9165E+03  2.9411E-04  2.9882E-04  2.9349E-04  3.9097E-04  6.4609E-05  1.4462E-05  1.4462E-06  1.4462E-07
  Sc   21    0  1.3223E+01  1.7901E+01  1.9706E+01  3.4318E+01  6.1065E+01  6.5633E+01  4.0928E+01  2.5510E+02  2.3152E+02  4.1287E+02  7.0497E+02  3.9944E+03  5.8003E-07  7.6601E-07  8.4697E-07  1.4828E-07  2.5590E-07  2.7447E-07  1.7819E-08  1.0067E-07  9.5191E-08  1.7906E-08  2.9286E-08  1.6768E-07  1.3223E+01  3.4320E+01  4.0939E+01  4.1289E+02  5.8004E-07  1.4829E-07  1.7823E-08  1.7907E-08  4.6794E-08  4.6788E-09  4.6788E-10  4.6788E-11
  Ti   22    0  3.0849E+00  3.9409E+00  4.6673E+00  8.2810E+00  1.2634E+01  3.1473E+01  4.8673E+01  9.3426E+01  2.3366E+02  5.3919E+02  7.2347E+02  1.1861E+03  9.0921E-06  1.1330E-05  1.3478E-05  4.7964E-06  7.0976E-06  1.7644E-05  2.8407E-06  4.9426E-06  1.2879E-05  3.1349E-06  4.0290E-06  6.6745E-06  3.0849E+00  8.2812E+00  4.8675E+01  5.3920E+02  9.0922E-06  4.7966E-06  2.8409E-06  3.1349E-06  3.1440E-06  6.2722E-07  6.2722E-08  6.2722E-09
  V    23    0  2.9706E+00  7.3883E+00  7.8291E+00  1.0053E+01  1.4558E+01  4.6544E+01  3.3115E+01  6.7273E+01  2.9292E+02  2.8974E+02  3.5073E+02  3.0339E+03  8.8983E-07  2.1589E-06  2.2978E-06  2.9661E-07  4.1661E-07  1.3291E-06  9.8451E-08  1.8129E-07  8.2242E-07  8.5810E-08  9.9496E-08  8.6968E-07  2.9708E+00  1.0053E+01  3.3117E+01  2.8974E+02  8.8990E-07  2.9661E-07  9.8455E-08  8.5810E-08  3.1954E-07  3.1950E-08  3.1950E-09  3.1950E-10
  Cr   24    0  2.7705E+00  7.4867E+00  5.8956E+00  1.5036E+01  1.9340E+01  3.2584E+01  1.2766E+02  1.9198E+02  2.9463E+02  1.3945E+03  1.7901E+03  3.1235E+03  4.3446E-05  1.1452E-04  9.0584E-05  2.3224E-05  2.8973E-05  4.8712E-05  1.9869E-05  2.7084E-05  4.3306E-05  2.1621E-05  2.6585E-05  4.6873E-05  2.7708E+00  1.5036E+01  1.2766E+02  1.3945E+03  4.3450E-05  2.3224E-05  1.9869E-05  2.1621E-05  1.6728E-05  1.6726E-06  1.6726E-07  1.6726E-08
  Mn   25    0  2.3779E+00  9.3584E+00  8.9246E+00  7.8141E+00  9.5154E+00  2.4190E+01  4.4617E+01  6.2033E+01  2.3042E+02  3.8700E+02  4.4783E+02  3.0012E+03  2.4293E-05  9.3264E-05  8.9333E-05  7.8626E-06  9.2863E-06  2.3558E-05  4.5237E-06  5.7011E-06  2.2063E-05  3.9088E-06  4.3325E-06  2.9339E-05  2.3783E+00  7.8142E+00  4.4618E+01  3.8701E+02  2.4297E-05  7.8627E-06  4.5238E-06  3.9088E-06  1.0898E-05  1.0896E-06  1.0896E-07  1.0896E-08
  Fe   26    0  3.0949E+00  4.6675E+00  4.4080E+00  2.2441E+01  2.3452E+01  2.5581E+01  2.1260E+02  2.3159E+02  2.5485E+02  2.1184E+03  2.2228E+03  2.4597E+03  3.7763E-03  5.5555E-03  5.2698E-03  2.6969E-03  2.7336E-03  2.9756E-03  2.5745E-03  2.5421E-03  2.9146E-03  2.5556E-03  2.5685E-03  2.8719E-03  3.0950E+00  2.2441E+01  2.1260E+02  2.1185E+03  3.7764E-03  2.6969E-03  2.5745E-03  2.5556E-03  1.3016E-03  1.3014E-04  1.3014E-05  1.3014E-06
  Co   27    0  7.4805E+00  8.3563E+00  8.0394E+00  1.6461E+01  1.6377E+01  1.6562E+01  1.1301E+02  9.4512E+01  1.2357E+02  9.1625E+02  7.8185E+02  8.6671E+02  2.9765E-05  3.2434E-05  3.1342E-05  6.4513E-06  6.2251E-06  6.2824E-06  4.4628E-06  3.3832E-06  4.6087E-06  3.6045E-06  2.9462E-06  3.3002E-06  7.4806E+00  1.6461E+01  1.1301E+02  9.1624E+02  2.9765E-05  6.4513E-06  4.4627E-06  3.6045E-06  4.2445E-06  4.2440E-07  4.2440E-08  4.2440E-09
  Ni   28    0  5.4715E+00  8.3119E+00  7.8232E+00  3.6022E+01  3.8607E+01  4.1179E+01  3.3445E+02  3.6512E+02  3.9308E+02  3.3298E+03  3.4544E+03  3.8236E+03  3.6822E-04  5.4566E-04  5.1584E-04  2.3878E-04  2.4821E-04  2.6418E-04  2.2339E-04  2.2105E-04  2.4794E-04  2.2155E-04  2.2015E-04  2.4624E-04  5.4716E+00  3.6023E+01  3.3446E+02  3.3298E+03  3.6823E-04  2.3878E-04  2.2339E-04  2.2155E-04  7.1789E-05  7.1779E-06  7.1779E-07  7.1779E-08
  Cu   29    0  3.1525E+01  4.4847E+01  4.4195E+01  4.1121E+01  6.2745E+01  5.1490E+01  4.1714E+01  1.2111E+02  5.3049E+01  5.4623E+02  7.3974E+02  1.9706E+02  2.1436E-05  2.9747E-05  2.9444E-05  2.7541E-06  4.0758E-06  3.3378E-06  2.8151E-07  7.4088E-07  3.3810E-07  3.6722E-07  4.7636E-07  1.2823E-07  3.1526E+01  4.1122E+01  4.1717E+01  5.4624E+02  2.1437E-05  2.7542E-06  2.8153E-07  3.6722E-07  7.2535E-07  7.2526E-08  7.2526E-09  7.2526E-10
  Zn   30    0  1.6998E+01  2.6660E+01  2.5818E+01  3.7056E+01  5.8650E+01  5.0747E+01  9.8123E+01  1.5375E+02  8.5972E+01  1.0835E+03  1.0965E+03  5.0411E+02  2.7884E-05  4.2662E-05  4.1496E-05  5.9874E-06  9.1913E-06  7.9362E-06  1.5976E-06  2.2691E-06  1.3219E-06  1.7573E-06  1.7034E-06  7.9136E-07  1.6999E+01  3.7057E+01  9.8126E+01  1.0835E+03  2.7885E-05  5.9876E-06  1.5976E-06  1.7573E-06  1.7499E-06  1.7497E-07  1.7497E-08  1.7497E-09
  Ga   31    0  6.2839E+01  1.0625E+02  1.0646E+02  1.3832E+02  2.5110E+02  2.3968E+02  1.5303E+01  2.0058E+02  2.0078E+02  2.0570E+00  2.4112E+02  1.3851E+02  3.3189E-06  5.4739E-06  5.5091E-06  7.1956E-07  1.2670E-06  1.2068E-06  8.0219E-09  9.5305E-08  9.9396E-08  1.0742E-10  1.2060E-08  7.0004E-09  6.2842E+01  1.3833E+02  1.5312E+01  2.0692E+00  3.3190E-06  7.1959E-07  8.0265E-09  1.0805E-10  5.6340E-08  5.6333E-09  5.6333E-10  5.6333E-11
  Ge   32    0  3.9556E+01  6.8189E+01  6.7376E+01  1.0750E+02  2.0599E+02  2.1215E+02  9.4769E+00  1.6751E+02  1.9869E+02  1.5601E+00  2.1510E+02  1.4102E+02  8.8636E-06  1.4905E-05  1.4792E-05  2.3726E-06  4.4095E-06  4.5318E-06  2.1076E-08  3.3768E-07  4.1729E-07  3.4563E-10  4.5644E-08  3.0240E-08  3.9558E+01  1.0751E+02  9.4845E+00  1.5710E+00  8.8640E-06  2.3727E-06  2.1093E-08  3.4804E-10  2.3903E-07  2.3900E-08  2.3900E-09  2.3900E-10
  As   33    0  7.2272E+01  1.1919E+02  1.1580E+02  1.9324E+02  3.9735E+02  4.0501E+02  8.5568E+00  2.5065E+02  3.4455E+02  1.2935E+00  3.0316E+02  2.3357E+02  7.4634E-07  1.2007E-06  1.1717E-06  1.9656E-07  3.9201E-07  3.9873E-07  8.7704E-10  2.3288E-08  3.3352E-08  1.3207E-11  2.9650E-09  2.3083E-09  7.2274E+01  1.9325E+02  8.5685E+00  1.3089E+00  7.4636E-07  1.9657E-07  8.7823E-10  1.3364E-11  1.1016E-08  1.1015E-09  1.1015E-10  1.1015E-11
  Se   34    0  3.0113E+01  5.5719E+01  5.8493E+01  9.0163E+01  2.0690E+02  2.4725E+02  4.0170E+00  1.4880E+02  2.4415E+02  1.1632E+00  1.9551E+02  1.8534E+02  3.5935E-06  6.4863E-06  6.8392E-06  1.0598E-06  2.3588E-06  2.8129E-06  4.7579E-09  1.5976E-07  2.7311E-07  1.3725E-10  2.2096E-08  2.1166E-08  3.0114E+01  9.0169E+01  4.0239E+00  1.1731E+00  3.5937E-06  1.0599E-06  4.7661E-09  1.3842E-10  1.2730E-07  1.2729E-08  1.2729E-09  1.2729E-10
  Br   35    0  2.5205E+01  4.5634E+01  4.9583E+01  8.1336E+01  1.9895E+02  2.3884E+02  2.9513E+00  1.4154E+02  2.5061E+02  1.0769E+00  1.8216E+02  1.8438E+02  4.8241E-07  8.5200E-07  9.2982E-07  1.5333E-07  3.6377E-07  4.3577E-07  5.6061E-10  2.4371E-08  4.4957E-08  2.0377E-11  3.3017E-09  3.3771E-09  2.5206E+01  8.1342E+01  2.9580E+00  1.0861E+00  4.8243E-07  1.5334E-07  5.6188E-10  2.0552E-11  2.0417E-08  2.0414E-09  2.0414E-10  2.0414E-11
  Kr   36    0  1.6365E+01  3.5462E+01  3.9725E+01  9.1135E+01  2.1242E+02  2.9966E+02  2.8215E+00  1.5889E+02  4.3369E+02  1.1752E+00  2.6807E+02  3.5160E+02  1.6846E-06  3.5610E-06  4.0067E-06  9.2407E-07  2.0891E-06  2.9408E-06  2.8828E-09  1.4716E-07  4.1846E-07  1.1961E-10  2.6134E-08  3.4637E-08  1.6366E+01  9.1141E+01  2.8291E+00  1.1888E+00  1.6847E-06  9.2414E-07  2.8904E-09  1.2100E-10  1.0981E-07  1.0980E-08  1.0980E-09  1.0980E-10
  Rb   37    0  2.5243E+01  5.3115E+01  5.9816E+01  1.1436E+02  3.2668E+02  4.6203E+02  2.3136E+00  2.1293E+02  6.1037E+02  1.1722E+00  2.7527E+02  4.7850E+02  4.9369E-07  1.0134E-06  1.1462E-06  2.2029E-07  6.1035E-07  8.6142E-07  4.4909E-10  3.7465E-08  1.1189E-07  2.2666E-11  5.0984E-09  8.9553E-09  2.5244E+01  1.1437E+02  2.3238E+00  1.1862E+00  4.9372E-07  2.2031E-07  4.5106E-10  2.2936E-11  2.0863E-08  2.0860E-09  2.0860E-10  2.0860E-11
  Sr   38    0  1.6674E+01  3.9111E+01  4.8961E+01  2.3686E+02  4.9249E+02  1.1782E+03  3.8764E+00  3.6231E+02  3.1624E+03  1.4830E+00  8.2263E+02  3.7404E+03  7.4818E-07  1.7120E-06  2.1526E-06  1.0469E-06  2.1112E-06  5.0402E-06  1.7264E-09  1.4626E-07  1.3301E-06  6.5794E-11  3.4958E-08  1.6062E-07  1.6675E+01  2.3688E+02  3.8937E+00  1.5249E+00  7.4824E-07  1.0469E-06  1.7341E-09  6.7650E-11  4.7867E-08  4.7861E-09  4.7861E-10  4.7861E-11
  Y    39    0  9.3017E+00  2.2029E+01  3.2289E+01  1.3143E+02  3.1739E+02  1.1297E+03  2.8009E+00  2.7308E+02  3.7200E+03  1.2425E+00  5.9471E+02  5.1241E+03  9.2656E-08  2.1406E-07  3.1514E-07  1.2896E-07  3.0204E-07  1.0728E-06  2.7691E-10  2.4473E-08  3.4734E-07  1.2238E-11  5.6104E-09  4.8847E-08  9.3023E+00  1.3144E+02  2.8139E+00  1.2728E+00  9.2662E-08  1.2896E-07  2.7820E-10  1.2535E-11  1.0626E-08  1.0625E-09  1.0625E-10  1.0625E-11
  Zr   40    0  4.4992E+00  9.9963E+00  1.7730E+01  4.8908E+01  1.3800E+02  1.5947E+03  1.7258E+00  1.4434E+02  4.6338E+03  1.0837E+00  2.8034E+02  6.9489E+03  1.0780E-07  2.3364E-07  4.1623E-07  1.1542E-07  3.1586E-07  3.6425E-06  4.1038E-10  3.1112E-08  1.0406E-06  2.5671E-11  6.3609E-09  1.5932E-07  4.4995E+00  4.8912E+01  1.7327E+00  1.0979E+00  1.0781E-07  1.1543E-07  4.1202E-10  2.6008E-11  2.5559E-08  2.5555E-09  2.5555E-10  2.5555E-11
  Nb   41    0  2.7081E+00  5.5595E+00  9.2991E+00  2.1422E+01  7.3259E+01  7.1326E+02  1.2275E+00  8.3268E+01  3.1147E+03  9.2082E-01  1.5280E+02  5.1197E+03  5.0126E-09  1.0038E-08  1.6865E-08  3.9056E-09  1.2955E-08  1.2586E-07  2.2550E-11  1.3866E-09  5.4038E-08  1.6852E-12  2.6786E-10  9.0687E-09  2.7082E+00  2.1424E+01  1.2314E+00  9.2856E-01  5.0128E-09  3.9061E-09  2.2623E-11  1.6993E-12  1.9745E-09  1.9743E-10  1.9743E-11  1.9743E-12
  Mo   42    0  1.9339E+00  3.0767E+00  4.6991E+00  1.0316E+01  3.3114E+01  1.0588E+03  1.3589E+00  4.6377E+01  4.6101E+03  1.2082E+00  8.9948E+01  7.4145E+03  8.7301E-09  1.3548E-08  2.0784E-08  4.5866E-09  1.4280E-08  4.5566E-07  6.0882E-11  1.8834E-09  1.9506E-07  5.3923E-12  3.8453E-10  3.2029E-08  1.9340E+00  1.0317E+01  1.3611E+00  1.2127E+00  8.7303E-09  4.5872E-09  6.0979E-11  5.4125E-12  4.8155E-09  4.8148E-10  4.8148E-11  4.8148E-12
  Xe   54    0  1.2817E+00  1.7308E+00  2.4009E+00  5.2601E+00  1.8194E+01  4.6296E+02  9.7476E-01  2.5220E+01  2.3011E+03  9.3469E-01  5.1347E+01  3.7677E+03  7.3959E-09  9.7431E-09  1.3574E-08  2.9897E-09  1.0030E-08  2.5468E-07  5.5827E-11  1.3093E-09  1.2446E-07  5.3327E-12  2.8060E-10  2.0806E-08  1.2817E+00  5.2608E+00  9.7593E-01  9.3726E-01  7.3961E-09  2.9901E-09  5.5894E-11  5.3473E-12  6.1557E-09  6.1549E-10  6.1549E-11  6.1549E-12
  Cs   55    0  1.1778E+00  1.5087E+00  2.1603E+00  3.6318E+00  1.3993E+01  3.9777E+02  9.0170E-01  1.9111E+01  1.9794E+03  8.5011E-01  3.6335E+01  3.0796E+03  1.2997E-09  1.6240E-09  2.3357E-09  3.9475E-10  1.4751E-09  4.1845E-08  9.8756E-12  1.8973E-10  2.0474E-08  9.2749E-13  3.7972E-11  3.2520E-09  1.1779E+00  3.6324E+00  9.0258E-01  8.5192E-01  1.2997E-09  3.9481E-10  9.8851E-12  9.2946E-13  1.1771E-09  1.1770E-10  1.1770E-11  1.1770E-12
  Ba   56    0  1.5948E+00  2.2058E+00  2.9256E+00  4.9422E+00  1.4849E+01  1.7912E+03  1.2959E+00  3.3479E+01  6.5869E+03  1.1010E+00  5.9531E+01  1.2022E+04  2.2847E-08  3.0826E-08  4.1065E-08  6.9737E-09  2.0322E-08  2.4463E-06  1.8426E-10  4.3149E-09  8.8447E-07  1.5594E-11  8.0766E-10  1.6481E-07  1.5949E+00  4.9427E+00  1.2975E+00  1.1040E+00  2.2848E-08  6.9744E-09  1.8448E-10  1.5636E-11  1.5282E-08  1.5280E-09  1.5280E-10  1.5280E-11
  La   57    0  1.5573E+00  1.9384E+00  2.3822E+00  3.0565E+00  7.8969E+00  1.9943E+03  1.2411E+00  2.0241E+01  6.8248E+03  1.0221E+00  3.4334E+01  1.1999E+04  1.8806E-09  2.2834E-09  2.8186E-09  3.6357E-10  9.1107E-10  2.2960E-07  1.4876E-11  2.1991E-10  7.7253E-08  1.2204E-12  3.9267E-11  1.3867E-08  1.5573E+00  3.0568E+00  1.2420E+00  1.0238E+00  1.8806E-09  3.6360E-10  1.4887E-11  1.2224E-12  1.2882E-09  1.2881E-10  1.2881E-11  1.2881E-12
  Ce   58    0  1.2806E+00  1.4922E+00  1.6664E+00  2.0150E+00  4.4692E+00  1.5244E+03  1.1141E+00  9.8864E+00  5.2585E+03  9.8739E-01  2.3986E+01  8.6336E+03  4.1607E-09  4.7293E-09  5.3047E-09  6.4485E-10  1.3872E-09  4.7215E-07  3.5926E-11  2.8897E-10  1.6014E-07  3.1717E-12  7.3801E-11  2.6843E-08  1.2806E+00  2.0152E+00  1.1145E+00  9.8856E-01  4.1607E-09  6.4488E-10  3.5939E-11  3.1755E-12  3.4658E-09  3.4654E-10  3.4654E-11  3.4654E-12
  Pr   59    0  1.4213E+00  1.6611E+00  1.8729E+00  1.9232E+00  7.5398E+00  1.5123E+03  1.1747E+00  1.1189E+01  7.9844E+03  1.0363E+00  8.1243E+01  1.0009E+04  7.2583E-10  8.2746E-10  9.3709E-10  9.6733E-11  3.6783E-10  7.3623E-08  5.9538E-12  5.1405E-11  3.8217E-08  5.2321E-13  3.9290E-11  4.8912E-09  1.4213E+00  1.9234E+00  1.1752E+00  1.0404E+00  7.2583E-10  9.6748E-11  5.9562E-12  5.2527E-13  5.4475E-10  5.4468E-11  5.4468E-12  5.4468E-13
  Nd   60    0  1.2069E+00  1.3590E+00  1.4238E+00  1.8463E+00  2.9974E+00  1.3386E+03  1.1270E+00  5.4347E+00  4.6446E+03  1.0138E+00  1.8343E+01  7.1167E+03  1.9665E-09  2.1600E-09  2.2730E-09  2.9631E-10  4.6657E-10  2.0793E-07  1.8225E-11  7.9665E-11  7.0933E-08  1.6331E-12  2.8305E-11  1.1097E-08  1.2069E+00  1.8463E+00  1.1272E+00  1.0147E+00  1.9665E-09  2.9631E-10  1.8228E-11  1.6346E-12  1.7381E-09  1.7379E-10  1.7379E-11  1.7379E-12
  Hg   80    0  1.1384E+00  1.2691E+00  1.3100E+00  1.4955E+00  2.3542E+00  1.3497E+03  1.0250E+00  4.2840E+00  3.9085E+03  9.9220E-01  1.5024E+01  6.3088E+03  8.6378E-10  9.3932E-10  9.7386E-10  1.1176E-10  1.7064E-10  9.7629E-08  7.7184E-12  2.9243E-11  2.7796E-08  7.4432E-13  1.0795E-11  4.5807E-09  1.1384E+00  1.4955E+00  1.0251E+00  9.9292E-01  8.6379E-10  1.1176E-10  7.7195E-12  7.4485E-13  8.0938E-10  8.0928E-11  8.0928E-12  8.0928E-13
  Tl   81    0  1.1349E+00  1.2062E+00  1.2368E+00  1.4077E+00  2.0310E+00  1.0053E+03  1.0142E+00  3.2673E+00  3.4298E+03  9.6301E-01  1.0859E+01  4.8981E+03  1.2717E-09  1.3185E-09  1.3579E-09  1.5537E-10  2.1742E-10  1.0740E-07  1.1280E-11  3.2938E-11  3.6024E-08  1.0669E-12  1.1523E-11  5.2524E-09  1.1349E+00  1.4078E+00  1.0143E+00  9.6351E-01  1.2717E-09  1.5538E-10  1.1281E-11  1.0675E-12  1.1953E-09  1.1952E-10  1.1952E-11  1.1952E-12
  Pb   82    0  1.2130E+00  1.3327E+00  1.3559E+00  1.4692E+00  2.0524E+00  9.8601E+02  1.1066E+00  2.4827E+00  5.6891E+03  1.0115E+00  9.7252E+00  3.7124E+03  9.7607E-09  1.0461E-08  1.0690E-08  1.1644E-09  1.5777E-09  7.5635E-07  8.8373E-11  1.7972E-10  4.2907E-07  8.0470E-12  7.4108E-11  2.8586E-08  1.2130E+00  1.4692E+00  1.1067E+00  1.0119E+00  9.7608E-09  1.1644E-09  8.8377E-11  8.0505E-12  8.5836E-09  8.5824E-10  8.5824E-11  8.5824E-12
  Bi   83    0  9.6385E-01  9.4755E-01  9.4830E-01  9.7576E-01  9.9789E-01  1.0011E+02  9.3845E-01  9.7612E-01  1.7167E+03  9.3305E-01  2.2065E+00  3.5813E+02  6.2098E-10  5.9551E-10  5.9861E-10  6.1919E-11  6.1418E-11  6.1484E-09  6.0007E-12  5.6576E-12  1.0367E-08  5.9433E-13  1.3463E-12  2.2080E-10  9.6385E-01  9.7576E-01  9.3846E-01  9.3312E-01  6.2098E-10  6.1919E-11  6.0007E-12  5.9437E-13  6.8727E-10  6.8717E-11  6.8717E-12  6.8717E-13
