  ele   Z    A    013a000     015a000     020a000     025a000     030a000     040a000     060a000     080a000     120a000
  H     1    0  7.4389E-01  7.1584E-01  6.4682E-01  6.0957E-01  8.3694E-01  7.7919E-01  6.5885E-01  6.1015E-01  5.5257E-01
  He    2    0  1.5262E+00  1.4521E+00  1.4758E+00  1.3661E+00  1.4439E+00  1.6014E+00  1.8945E+00  1.9826E+00  2.1289E+00
  Li    3    0  8.7396E-03  9.3489E-03  1.1542E-02  1.1648E-02  1.6996E-02  1.7643E-02  1.5492E-02  1.4927E-02  1.4186E-02
  Be    4    0  1.2571E-02  1.2281E-02  2.1354E-02  2.0964E-02  2.9887E-02  2.8823E-02  2.5005E-02  2.0942E-02  1.9865E-02
  B     5    0  1.8142E-01  1.7456E-01  1.5964E-01  1.5334E-01  2.1419E-01  2.0735E-01  1.8301E-01  1.7004E-01  1.5314E-01
  C     6    0  4.2012E+00  6.9906E+00  9.4045E+00  1.1319E+01  5.8080E-01  5.4819E-01  3.9046E+00  8.2473E+00  9.2142E+00
  N     7    0  4.1394E+00  3.9444E+00  3.4237E+00  3.6988E+00  5.0756E+00  5.8025E+00  6.9199E+00  7.1538E+00  7.7493E+00
  O     8    0  3.7313E+00  7.6157E+00  1.1873E+01  1.8624E+01  6.6871E-01  5.8622E-01  6.0142E-01  7.3283E-01  6.9335E-01
  F     9    0  6.3077E-01  6.0077E-01  5.8618E-01  5.3266E-01  6.3905E-01  5.5822E-01  6.2074E-01  5.2593E-01  5.4392E-01
  Ne   10    0  3.1545E+00  8.4049E+00  1.8144E+01  3.0586E+01  9.6647E-01  9.5535E-01  1.2088E+00  1.5844E+00  1.7881E+00
  Na   11    0  3.0721E+00  6.2299E+00  1.2217E+01  3.1944E+01  2.5429E+00  3.0617E+00  4.0273E+00  4.4657E+00  5.0309E+00
  Mg   12    0  2.6698E+00  4.9671E+00  9.9841E+00  9.7417E+00  9.9533E-01  9.9152E-01  9.8547E-01  9.8260E-01  9.7804E-01
  Al   13    0  3.1522E+00  5.9285E+00  1.1705E+01  1.3686E+01  1.0815E+00  1.1423E+00  1.2606E+00  1.3492E+00  1.4701E+00
  Si   14    0  9.0571E+00  1.2526E+01  1.2198E+01  8.6806E+00  1.0000E+00  1.0001E+00  1.0002E+00  1.0005E+00  1.0007E+00
  P    15    0  6.7152E+00  1.0850E+01  1.1771E+01  1.1408E+01  1.0000E+00  1.0000E+00  1.0026E+00  1.0110E+00  1.0146E+00
  S    16    0  8.1008E+00  1.0565E+01  8.3379E+00  7.1861E+00  9.9999E-01  9.9999E-01  1.0000E+00  1.0001E+00  1.0001E+00
  Cl   17    0  1.9330E+00  2.7759E+00  2.5481E+00  3.9913E+00  9.9999E-01  1.0000E+00  1.0078E+00  1.0319E+00  1.0432E+00
  Ar   18    0  7.2054E+00  8.8915E+00  6.8731E+00  5.9683E+00  9.9999E-01  1.0000E+00  9.9906E-01  9.9594E-01  9.9447E-01
  K    19    0  2.0956E+00  2.8471E+00  2.5472E+00  3.2768E+00  9.9999E-01  1.0000E+00  1.0177E+00  1.0677E+00  1.0919E+00
  Ca   20    0  6.0769E+00  6.8365E+00  5.4905E+00  3.8512E+00  9.9998E-01  1.0000E+00  9.9929E-01  9.9712E-01  9.9607E-01
  Sc   21    0  1.9925E+00  2.6615E+00  5.2894E+00  1.0588E+01  1.0000E+00  1.0000E+00  1.0212E+00  1.0732E+00  1.1003E+00
  Ti   22    0  3.6064E+00  3.2770E+00  2.9611E+00  3.1191E+00  1.0000E+00  1.0000E+00  1.0004E+00  1.0015E+00  1.0021E+00
  V    23    0  3.7025E+00  4.2318E+00  3.6389E+00  2.4690E+00  9.9997E-01  1.0000E+00  1.0077E+00  1.0174E+00  1.0225E+00
  Cr   24    0  4.8949E+00  5.1090E+00  4.2190E+00  2.8264E+00  9.9998E-01  9.9998E-01  9.9987E-01  9.9956E-01  9.9945E-01
  Mn   25    0  4.0239E+00  4.6749E+00  3.9131E+00  2.2450E+00  1.0000E+00  1.0000E+00  1.0232E+00  1.0670E+00  1.0880E+00
  Fe   26    0  6.0507E+00  5.4235E+00  4.2248E+00  3.4271E+00  1.0000E+00  1.0000E+00  9.9987E-01  9.9944E-01  9.9925E-01
  Co   27    0  5.2778E+00  5.6013E+00  7.1027E+00  1.0071E+01  9.9999E-01  1.0000E+00  1.0342E+00  1.1135E+00  1.1553E+00
  Ni   28    0  9.5161E+00  8.4800E+00  6.6865E+00  5.8381E+00  9.9998E-01  1.0000E+00  9.9813E-01  9.9451E-01  9.9255E-01
  Cu   29    0  3.1588E+00  4.7561E+00  1.0851E+01  2.6618E+01  1.0000E+00  1.0000E+00  1.0221E+00  1.0945E+00  1.1269E+00
  Zn   30    0  2.4748E+00  2.8677E+00  4.6450E+00  9.8156E+00  9.9999E-01  1.0000E+00  9.9873E-01  9.9932E-01  9.9896E-01
  Ga   31    0  2.5839E+00  3.9841E+00  1.0689E+01  3.0235E+01  9.9999E-01  1.0000E+00  1.0101E+00  1.0377E+00  1.0508E+00
  Ge   32    0  1.7999E+00  2.4546E+00  5.7380E+00  1.7534E+01  9.9999E-01  1.0000E+00  1.0007E+00  1.0051E+00  1.0070E+00
  As   33    0  2.1899E+00  3.4522E+00  8.5318E+00  2.4955E+01  9.9996E-01  9.9996E-01  9.9679E-01  9.9406E-01  9.9234E-01
  Se   34    0  1.4164E+00  1.6966E+00  3.6230E+00  1.1508E+01  9.9998E-01  9.9999E-01  9.9985E-01  1.0002E+00  1.0008E+00
  Br   35    0  1.2993E+00  1.4977E+00  3.4656E+00  1.1605E+01  1.0000E+00  9.9995E-01  9.9503E-01  9.8899E-01  9.8589E-01
  Kr   36    0  1.1487E+00  1.2808E+00  2.2843E+00  5.5922E+00  9.9998E-01  1.0000E+00  1.0029E+00  1.0098E+00  1.0127E+00
  Rb   37    0  1.2785E+00  1.5698E+00  2.9858E+00  6.5282E+00  9.9996E-01  9.9997E-01  9.9799E-01  9.9137E-01  9.8841E-01
  Sr   38    0  1.2465E+00  1.5214E+00  2.4409E+00  3.9609E+00  1.0000E+00  1.0000E+00  1.0097E+00  1.0388E+00  1.0523E+00
  Y    39    0  1.1358E+00  1.2791E+00  1.7982E+00  3.0482E+00  1.0000E+00  1.0000E+00  1.0006E+00  1.0028E+00  1.0040E+00
  Zr   40    0  1.0332E+00  1.0917E+00  1.3461E+00  2.0252E+00  9.7102E-01  9.7102E-01  9.7098E-01  9.7152E-01  9.7170E-01
  Nb   41    0  9.8848E-01  1.0128E+00  1.2054E+00  1.8921E+00  9.9999E-01  1.0000E+00  9.8830E-01  9.7664E-01  9.6922E-01
  Mo   42    0  1.1824E+00  1.2017E+00  1.2849E+00  1.5327E+00  1.1538E+00  1.1538E+00  1.1621E+00  1.1710E+00  1.1766E+00
  Xe   54    0  9.7522E-01  9.6965E-01  9.8723E-01  1.0531E+00  1.0000E+00  1.0000E+00  9.9761E-01  9.9293E-01  9.9040E-01
  Cs   55    0  9.4529E-01  9.3799E-01  9.1836E-01  1.0015E+00  9.9996E-01  9.9996E-01  9.8518E-01  9.6641E-01  9.5587E-01
  Ba   56    0  1.0169E+00  1.0544E+00  1.1798E+00  1.3762E+00  1.0000E+00  1.0000E+00  1.0037E+00  1.0127E+00  1.0172E+00
  La   57    0  1.0096E+00  1.0427E+00  1.1747E+00  1.4283E+00  9.9996E-01  1.0000E+00  1.0004E+00  1.0019E+00  1.0025E+00
  Ce   58    0  9.9152E-01  9.9782E-01  1.0577E+00  1.1897E+00  1.0000E+00  1.0000E+00  1.0003E+00  1.0011E+00  1.0015E+00
  Pr   59    0  9.7981E-01  9.6510E-01  1.0015E+00  1.1895E+00  9.9998E-01  9.9998E-01  9.9400E-01  9.8188E-01  9.7577E-01
  Nd   60    0  1.0046E+00  1.0236E+00  1.0709E+00  1.1867E+00  9.9999E-01  1.0000E+00  1.0006E+00  1.0007E+00  1.0009E+00
  Hg   80    0  9.8923E-01  9.8567E-01  1.0210E+00  1.0882E+00  9.9998E-01  1.0000E+00  1.0049E+00  1.0156E+00  1.0210E+00
  Tl   81    0  9.7751E-01  9.8053E-01  1.0117E+00  1.0940E+00  9.9998E-01  1.0000E+00  9.9791E-01  9.9606E-01  9.9447E-01
  Pb   82    0  9.9286E-01  1.0022E+00  1.0613E+00  1.1768E+00  9.9999E-01  1.0000E+00  1.0012E+00  1.0044E+00  1.0061E+00
  Bi   83    0  9.7191E-01  9.6033E-01  9.6153E-01  9.8249E-01  9.9999E-01  1.0000E+00  9.9970E-01  9.9852E-01  9.9801E-01
  ele   Z    A    013a150     015a150     020a150     025a150     030a150     040a150     060a150     080a150     120a150
  H     1    0  6.1007E-01  5.6247E-01  5.0537E-01  4.7425E-01  6.3577E-01  6.0229E-01  5.6841E-01  5.4988E-01  4.7864E-01
  He    2    0  1.3824E+00  1.3358E+00  1.4077E+00  1.4103E+00  1.9183E+00  1.9977E+00  2.0561E+00  2.0888E+00  2.3285E+00
  Li    3    0  6.3668E-04  1.0479E-03  1.7755E-03  2.4059E-03  3.4602E-03  3.5830E-03  5.2945E-03  2.4481E-03  2.2560E-03
  Be    4    0  1.0609E-03  1.6733E-03  2.8286E-03  4.1075E-03  5.9707E-03  5.2890E-03  5.8459E-03  3.3372E-03  3.1330E-03
  B     5    0  6.5200E-02  6.1114E-02  5.0797E-02  4.4721E-02  5.9994E-02  5.8177E-02  6.1140E-02  5.0369E-02  5.6898E-02
  C     6    0  1.4424E+01  1.2176E+01  2.7435E+01  2.7349E+01  6.9080E+00  8.1012E+00  1.1598E+01  1.3120E+01  9.1605E+00
  N     7    0  5.2448E+00  4.6715E+00  5.7174E+00  5.5720E+00  8.2094E+00  8.8174E+00  8.5264E+00  8.6918E+00  8.7673E+00
  O     8    0  2.1189E+01  2.6455E+01  2.6581E+01  2.8472E+01  9.6522E-01  9.1076E-01  9.7339E-01  1.0992E+00  6.4118E-01
  F     9    0  2.6468E+00  1.0160E+02  1.3167E+01  1.4131E+00  4.8800E-01  5.1287E-01  9.4761E-01  4.8584E-01  5.5680E-01
  Ne   10    0  4.2235E+00  5.8342E+00  6.4063E+00  1.4392E+01  1.3130E+00  1.4296E+00  1.8213E+00  1.9932E+00  1.9008E+00
  Na   11    0  4.6496E+00  4.9167E+00  6.1241E+00  1.1155E+01  4.0623E+00  4.5418E+00  4.9636E+00  5.2701E+00  5.6698E+00
  Mg   12    0  2.9229E+00  4.4106E+00  5.0798E+00  8.5553E+00  9.9091E-01  9.8952E-01  9.8769E-01  9.8944E-01  9.7425E-01
  Al   13    0  3.0072E+00  3.1724E+00  4.6496E+00  1.0558E+01  1.1885E+00  1.2281E+00  1.3149E+00  1.3807E+00  1.5587E+00
  Si   14    0  1.4723E+01  1.3903E+01  2.0334E+01  2.0692E+01  1.0002E+00  1.0002E+00  1.0004E+00  1.0008E+00  1.0008E+00
  P    15    0  1.4318E+01  1.3995E+01  2.1749E+01  2.3428E+01  1.0036E+00  1.0048E+00  1.0083E+00  1.0186E+00  1.0159E+00
  S    16    0  1.5088E+01  1.4204E+01  1.8357E+01  1.5604E+01  1.0000E+00  1.0000E+00  1.0001E+00  1.0001E+00  1.0001E+00
  Cl   17    0  5.0061E+00  5.1157E+00  7.1372E+00  5.3078E+00  1.0116E+00  1.0160E+00  1.0294E+00  1.0572E+00  1.0473E+00
  Ar   18    0  1.3882E+01  1.2592E+01  1.4520E+01  1.2363E+01  9.9850E-01  9.9794E-01  9.9625E-01  9.9268E-01  9.9396E-01
  K    19    0  5.9789E+00  7.4292E+00  6.6419E+00  5.2113E+00  1.0259E+00  1.0356E+00  1.0649E+00  1.1168E+00  1.1001E+00
  Ca   20    0  9.8764E+00  6.7634E+00  8.2613E+00  8.2499E+00  9.9887E-01  9.9845E-01  9.9719E-01  9.9503E-01  9.9574E-01
  Sc   21    0  7.4542E+00  1.4408E+01  1.6286E+01  1.1945E+01  1.0312E+00  1.0431E+00  1.0793E+00  1.1282E+00  1.1093E+00
  Ti   22    0  4.8037E+00  4.0943E+00  4.0959E+00  4.2005E+00  1.0005E+00  1.0007E+00  1.0013E+00  1.0029E+00  1.0023E+00
  V    23    0  4.6587E+00  3.9398E+01  4.2606E+00  3.7732E+00  1.0096E+00  1.0131E+00  1.0232E+00  1.0256E+00  1.0244E+00
  Cr   24    0  5.2691E+00  4.5774E+01  3.7919E+00  3.9889E+00  9.9980E-01  9.9975E-01  9.9950E-01  9.9927E-01  9.9938E-01
  Mn   25    0  4.1234E+00  6.7145E+01  2.9440E+00  2.8860E+00  1.0317E+00  1.0430E+00  1.0764E+00  1.1074E+00  1.0955E+00
  Fe   26    0  6.3006E+00  1.9440E+01  4.2930E+00  3.5320E+00  9.9978E-01  9.9963E-01  9.9942E-01  9.9909E-01  9.9923E-01
  Co   27    0  6.8064E+00  8.9350E+00  9.7056E+00  8.6114E+00  1.0493E+00  1.0679E+00  1.1253E+00  1.2053E+00  1.1699E+00
  Ni   28    0  1.0397E+01  3.0810E+01  7.8923E+00  6.4033E+00  9.9733E-01  9.9636E-01  9.9350E-01  9.9153E-01  9.9198E-01
  Cu   29    0  2.1099E+01  3.4383E+01  3.5398E+01  3.5569E+01  1.0319E+00  1.0437E+00  1.0805E+00  1.1776E+00  1.1398E+00
  Zn   30    0  1.2471E+01  2.3249E+01  2.0045E+01  1.9972E+01  9.9846E-01  9.9795E-01  9.9666E-01  1.0028E+00  9.9920E-01
  Ga   31    0  3.7229E+01  1.0051E+02  6.6178E+01  7.0296E+01  1.0139E+00  1.0190E+00  1.0342E+00  1.0654E+00  1.0554E+00
  Ge   32    0  1.9282E+01  6.0163E+01  4.0235E+01  3.8869E+01  1.0012E+00  1.0017E+00  1.0033E+00  1.0107E+00  1.0077E+00
  As   33    0  2.7134E+01  1.0367E+02  5.5911E+01  6.5859E+01  9.9651E-01  9.9533E-01  9.9179E-01  9.9188E-01  9.9161E-01
  Se   34    0  1.3192E+01  4.8655E+01  3.0294E+01  2.5851E+01  9.9962E-01  9.9948E-01  9.9906E-01  9.9982E-01  1.0007E+00
  Br   35    0  9.2822E+00  3.1524E+01  1.9676E+01  2.0942E+01  9.9518E-01  9.9327E-01  9.8744E-01  9.8294E-01  9.8430E-01
  Kr   36    0  8.1999E+00  3.2150E+01  1.5465E+01  1.4982E+01  1.0040E+00  1.0056E+00  1.0106E+00  1.0186E+00  1.0142E+00
  Rb   37    0  9.1789E+00  4.6927E+01  2.0603E+01  1.9128E+01  9.9643E-01  9.9510E-01  9.9112E-01  9.8573E-01  9.8745E-01
  Sr   38    0  1.0524E+01  4.6333E+01  1.3977E+01  1.6808E+01  1.0144E+00  1.0197E+00  1.0357E+00  1.0693E+00  1.0572E+00
  Y    39    0  6.2777E+00  2.7452E+01  9.8434E+00  9.2184E+00  1.0009E+00  1.0013E+00  1.0026E+00  1.0064E+00  1.0045E+00
  Zr   40    0  3.5738E+00  1.2936E+01  5.9480E+00  4.3028E+00  9.7054E-01  9.7059E-01  9.7068E-01  9.7201E-01  9.7143E-01
  Nb   41    0  1.9202E+00  6.0637E+00  3.1303E+00  2.6702E+00  9.8638E-01  9.8171E-01  9.6733E-01  9.6437E-01  9.6638E-01
  Mo   42    0  1.6885E+00  3.2391E+00  2.0348E+00  2.1405E+00  1.1658E+00  1.1691E+00  1.1790E+00  1.1807E+00  1.1804E+00
  Xe   54    0  1.1135E+00  1.8059E+00  1.2606E+00  1.3083E+00  9.9665E-01  9.9545E-01  9.9178E-01  9.8856E-01  9.8963E-01
  Cs   55    0  1.0492E+00  1.5695E+00  1.1271E+00  1.1478E+00  9.8255E-01  9.7651E-01  9.5783E-01  9.4729E-01  9.5171E-01
  Ba   56    0  1.3837E+00  2.1996E+00  1.5890E+00  1.7084E+00  1.0050E+00  1.0069E+00  1.0126E+00  1.0226E+00  1.0189E+00
  La   57    0  1.2389E+00  1.7791E+00  1.4965E+00  1.5485E+00  1.0006E+00  1.0008E+00  1.0015E+00  1.0037E+00  1.0028E+00
  Ce   58    0  1.1162E+00  1.4022E+00  1.2621E+00  1.2743E+00  1.0003E+00  1.0005E+00  1.0009E+00  1.0020E+00  1.0016E+00
  Pr   59    0  1.0557E+00  1.5611E+00  1.9481E+00  1.1965E+00  9.9209E-01  9.8933E-01  9.8107E-01  9.7125E-01  9.7380E-01
  Nd   60    0  1.1072E+00  1.2511E+00  1.0930E+00  1.3587E+00  1.0005E+00  1.0007E+00  1.0012E+00  1.0009E+00  1.0010E+00
  Hg   80    0  1.1287E+00  1.2838E+00  1.1541E+00  1.1156E+00  1.0067E+00  1.0091E+00  1.0162E+00  1.0244E+00  1.0226E+00
  Tl   81    0  1.0152E+00  1.1415E+00  1.0192E+00  1.0657E+00  9.9745E-01  9.9657E-01  9.9394E-01  9.9476E-01  9.9409E-01
  Pb   82    0  1.0872E+00  1.2390E+00  1.1865E+00  1.2081E+00  1.0017E+00  1.0023E+00  1.0042E+00  1.0080E+00  1.0066E+00
  Bi   83    0  9.2148E-01  9.1521E-01  9.2050E-01  9.2365E-01  9.9950E-01  9.9935E-01  9.9886E-01  9.9753E-01  9.9785E-01
  ele   Z    A    013a300     015a300     020a300     025a300     030a300     040a300     060a300     080a300     120a300
  H     1    0  5.2303E-01  5.0042E-01  4.7684E-01  4.0169E-01  5.2507E-01  5.0577E-01  4.1139E-01  4.1241E-01  4.2395E-01
  He    2    0  1.4401E+00  1.3666E+00  1.3806E+00  1.5243E+00  2.1985E+00  2.2345E+00  2.5209E+00  2.5411E+00  2.5261E+00
  Li    3    0  2.9829E-04  5.2117E-04  1.1465E-03  1.9516E-03  2.8331E-03  3.5629E-03  2.6063E-03  2.3980E-03  9.8925E-04
  Be    4    0  4.3901E-04  7.5289E-04  1.6013E-03  2.6542E-03  4.4941E-03  5.7025E-03  4.0076E-03  3.7958E-03  1.7493E-03
  B     5    0  1.7028E-02  1.7186E-02  1.5605E-02  1.9111E-02  3.2199E-02  4.0642E-02  3.6423E-02  3.8322E-02  2.7553E-02
  C     6    0  2.0981E+01  1.7932E+01  2.5557E+01  2.8845E+01  8.7649E+00  1.0703E+01  8.3634E+00  6.0387E+00  4.3942E+00
  N     7    0  7.0042E+00  8.2991E+00  1.1239E+01  6.7516E+00  1.0048E+01  9.5798E+00  9.3931E+00  9.9630E+00  1.0547E+01
  O     8    0  2.4060E+01  2.6198E+01  3.0264E+01  3.0390E+01  9.0655E-01  8.7212E-01  5.1002E-01  3.8409E-01  2.8047E-01
  F     9    0  9.4741E+01  1.7316E+01  1.5105E+01  9.0928E-01  5.1766E-01  7.5637E-01  8.9535E-01  3.5788E-01  2.4933E-01
  Ne   10    0  8.6329E+00  9.4483E+00  9.1604E+00  1.9385E+01  1.4802E+00  1.7218E+00  1.7676E+00  1.5255E+00  1.3200E+00
  Na   11    0  7.9758E+00  7.1423E+00  9.0668E+00  1.7072E+01  4.9092E+00  5.1617E+00  5.8564E+00  6.0562E+00  6.2676E+00
  Mg   12    0  4.9521E+00  5.2563E+00  5.6720E+00  9.5638E+00  9.8751E-01  9.8563E-01  9.7416E-01  9.7352E-01  9.7465E-01
  Al   13    0  4.4806E+00  4.7098E+00  6.0991E+00  1.2571E+01  1.2498E+00  1.2972E+00  1.4783E+00  1.5141E+00  1.5576E+00
  Si   14    0  1.6271E+01  3.1596E+01  2.3000E+01  1.9762E+01  1.0003E+00  1.0003E+00  1.0005E+00  1.0005E+00  1.0005E+00
  P    15    0  1.1906E+01  2.2879E+01  3.5119E+01  2.3590E+01  1.0058E+00  1.0074E+00  1.0066E+00  1.0092E+00  1.0063E+00
  S    16    0  2.4695E+01  3.3804E+01  2.0782E+01  1.5546E+01  1.0000E+00  1.0000E+00  1.0001E+00  1.0000E+00  1.0000E+00
  Cl   17    0  7.7921E+00  1.1672E+01  8.4945E+00  5.5200E+00  1.0190E+00  1.0248E+00  1.0219E+00  1.0262E+00  1.0181E+00
  Ar   18    0  2.9521E+01  3.0191E+01  1.6887E+01  1.2521E+01  9.9757E-01  9.9682E-01  9.9729E-01  9.9666E-01  9.9767E-01
  K    19    0  1.8891E+01  2.6424E+01  7.8205E+00  5.3737E+00  1.0419E+00  1.0552E+00  1.0498E+00  1.0555E+00  1.0386E+00
  Ca   20    0  2.8145E+01  1.9091E+01  9.0190E+00  8.6335E+00  9.9818E-01  9.9761E-01  9.9793E-01  9.9764E-01  9.9835E-01
  Sc   21    0  2.4712E+01  3.0945E+01  1.5951E+01  1.4010E+01  1.0497E+00  1.0665E+00  1.0613E+00  1.0602E+00  1.0419E+00
  Ti   22    0  6.0355E+00  9.2040E+00  5.7485E+00  4.5354E+00  1.0008E+00  1.0011E+00  1.0010E+00  1.0013E+00  1.0009E+00
  V    23    0  5.5406E+00  4.1743E+01  6.8532E+00  3.6491E+00  1.0147E+00  1.0203E+00  1.0200E+00  1.0144E+00  1.0100E+00
  Cr   24    0  5.7708E+00  3.1323E+01  4.3931E+00  3.5263E+00  9.9966E-01  9.9960E-01  9.9966E-01  9.9963E-01  9.9973E-01
  Mn   25    0  6.9744E+00  6.2016E+01  3.6842E+00  2.5382E+00  1.0497E+00  1.0667E+00  1.0625E+00  1.0554E+00  1.0385E+00
  Fe   26    0  6.6285E+00  1.6979E+01  4.3847E+00  3.5111E+00  9.9957E-01  9.9945E-01  9.9962E-01  9.9952E-01  9.9967E-01
  Co   27    0  1.1129E+01  8.6167E+00  6.9185E+00  9.2264E+00  1.0782E+00  1.1051E+00  1.0976E+00  1.0944E+00  1.0655E+00
  Ni   28    0  1.1161E+01  2.6911E+01  7.9470E+00  6.5276E+00  9.9589E-01  9.9439E-01  9.9470E-01  9.9545E-01  9.9681E-01
  Cu   29    0  3.0264E+01  3.4811E+01  4.7777E+01  4.2585E+01  1.0525E+00  1.0681E+00  1.0598E+00  1.0788E+00  1.0541E+00
  Zn   30    0  1.5527E+01  2.2739E+01  3.3860E+01  2.4644E+01  9.9787E-01  9.9685E-01  9.9657E-01  9.9949E-01  9.9956E-01
  Ga   31    0  5.2657E+01  8.8432E+01  1.6710E+02  9.5378E+01  1.0225E+00  1.0295E+00  1.0267E+00  1.0313E+00  1.0216E+00
  Ge   32    0  3.4008E+01  6.1723E+01  9.3108E+01  5.4345E+01  1.0022E+00  1.0027E+00  1.0021E+00  1.0042E+00  1.0029E+00
  As   33    0  5.3566E+01  9.6768E+01  1.6024E+02  9.1852E+01  9.9479E-01  9.9261E-01  9.9225E-01  9.9479E-01  9.9642E-01
  Se   34    0  2.8564E+01  5.4043E+01  1.0023E+02  3.8999E+01  9.9938E-01  9.9921E-01  9.9944E-01  1.0002E+00  1.0002E+00
  Br   35    0  2.2001E+01  4.9053E+01  6.5593E+01  3.2974E+01  9.9250E-01  9.8917E-01  9.8860E-01  9.9054E-01  9.9345E-01
  Kr   36    0  1.8555E+01  5.4094E+01  7.8081E+01  2.3804E+01  1.0066E+00  1.0088E+00  1.0080E+00  1.0081E+00  1.0056E+00
  Rb   37    0  2.3119E+01  7.8109E+01  1.2570E+02  2.9435E+01  9.9441E-01  9.9249E-01  9.9316E-01  9.9300E-01  9.9512E-01
  Sr   38    0  2.3008E+01  9.2335E+01  1.1880E+02  2.6916E+01  1.0233E+00  1.0305E+00  1.0270E+00  1.0321E+00  1.0221E+00
  Y    39    0  1.5471E+01  6.7511E+01  8.5227E+01  1.4651E+01  1.0016E+00  1.0021E+00  1.0019E+00  1.0024E+00  1.0016E+00
  Zr   40    0  7.4953E+00  3.6851E+01  5.6247E+01  6.3773E+00  9.7062E-01  9.7061E-01  9.7055E-01  9.7101E-01  9.7086E-01
  Nb   41    0  4.6303E+00  2.4554E+01  2.1156E+01  3.8775E+00  9.7979E-01  9.7127E-01  9.7010E-01  9.7957E-01  9.8596E-01
  Mo   42    0  2.4737E+00  1.0017E+01  1.0924E+01  2.6996E+00  1.1706E+00  1.1763E+00  1.1769E+00  1.1707E+00  1.1663E+00
  Xe   54    0  1.4734E+00  5.2320E+00  4.5662E+00  1.4984E+00  9.9478E-01  9.9295E-01  9.9337E-01  9.9415E-01  9.9592E-01
  Cs   55    0  1.3211E+00  4.8305E+00  4.1333E+00  1.2115E+00  9.7371E-01  9.6309E-01  9.6233E-01  9.7108E-01  9.8008E-01
  Ba   56    0  1.9504E+00  5.6744E+00  5.1708E+00  2.0142E+00  1.0080E+00  1.0108E+00  1.0100E+00  1.0106E+00  1.0073E+00
  La   57    0  1.7840E+00  4.0957E+00  3.3861E+00  1.7726E+00  1.0010E+00  1.0013E+00  1.0011E+00  1.0015E+00  1.0010E+00
  Ce   58    0  1.3619E+00  2.3058E+00  2.1230E+00  1.3896E+00  1.0006E+00  1.0007E+00  1.0007E+00  1.0009E+00  1.0006E+00
  Pr   59    0  1.4127E+00  3.0298E+00  2.5359E+00  1.2819E+00  9.8766E-01  9.8340E-01  9.8441E-01  9.8496E-01  9.8959E-01
  Nd   60    0  1.1731E+00  1.5280E+00  1.6707E+00  1.4582E+00  1.0007E+00  1.0011E+00  1.0013E+00  1.0007E+00  1.0004E+00
  Hg   80    0  1.1389E+00  1.4425E+00  1.6700E+00  1.1792E+00  1.0106E+00  1.0141E+00  1.0132E+00  1.0128E+00  1.0089E+00
  Tl   81    0  1.1144E+00  1.2911E+00  1.3093E+00  1.1179E+00  9.9624E-01  9.9462E-01  9.9441E-01  9.9650E-01  9.9755E-01
  Pb   82    0  1.2298E+00  1.3528E+00  1.4361E+00  1.2893E+00  1.0027E+00  1.0036E+00  1.0033E+00  1.0037E+00  1.0025E+00
  Bi   83    0  9.3545E-01  9.1636E-01  9.0614E-01  9.3025E-01  9.9920E-01  9.9899E-01  9.9918E-01  9.9877E-01  9.9915E-01
  ele   Z    A    013b000     015b000     020b000     025b000     030b000     040b000     060b000     080b000     120b000
  H     1    0  7.2670E-01  7.0441E-01  6.3849E-01  6.1154E-01  9.9980E-01  9.4986E-01  8.8176E-01  7.7055E-01  6.1081E-01
  He    2    0  1.5988E+00  1.4403E+00  1.5202E+00  1.3955E+00  1.0001E+00  1.1495E+00  1.3530E+00  1.6855E+00  2.1420E+00
  Li    3    0  2.8386E-03  4.9444E-03  1.1115E-02  1.1417E-02  1.7612E-01  3.5959E-02  4.0419E-02  2.1278E-02  1.8085E-02
  Be    4    0  8.8407E-03  8.4805E-03  1.3726E-02  1.7331E-02  2.5944E-01  5.0309E-02  3.9143E-02  2.2416E-02  1.9162E-02
  B     5    0  1.5383E-01  1.4892E-01  1.3417E-01  1.3138E-01  8.9588E-01  3.9497E-01  3.2950E-01  1.8643E-01  1.5443E-01
  C     6    0  2.6527E+01  4.4388E+01  5.0343E+01  6.9757E+01  9.9992E-01  8.4495E-01  6.8640E-01  4.9981E-01  7.9390E+00
  N     7    0  9.6533E+00  8.8026E+00  8.6049E+00  8.1421E+00  9.9992E-01  5.5204E+00  1.0542E+01  1.7802E+01  2.1875E+01
  O     8    0  1.1962E+01  3.1819E+01  3.5912E+01  5.9427E+01  9.9992E-01  8.6905E-01  7.1948E-01  4.9086E-01  1.2309E+00
  F     9    0  6.7066E-01  6.4132E-01  6.9575E-01  2.2583E+00  9.9992E-01  8.6453E-01  6.8677E-01  4.7452E-01  3.4728E-01
  Ne   10    0  3.6910E+01  5.8620E+01  2.0857E+02  1.6984E+02  9.9993E-01  9.7826E-01  9.4968E-01  9.0348E-01  1.1009E+00
  Na   11    0  1.3391E+01  2.6362E+01  7.0151E+01  8.6348E+01  9.9992E-01  2.0256E+00  3.3790E+00  5.5689E+00  7.0081E+00
  Mg   12    0  1.5368E+01  1.9558E+01  5.1975E+01  3.2844E+01  9.9993E-01  9.9227E-01  9.7696E-01  9.5040E-01  9.2911E-01
  Al   13    0  2.3690E+01  3.1197E+01  6.9559E+01  5.3086E+01  9.9992E-01  1.1949E+00  1.5850E+00  2.2552E+00  3.1479E+00
  Si   14    0  2.6931E+01  4.7531E+01  3.6697E+01  4.7439E+01  9.9990E-01  1.0000E+00  1.0001E+00  1.0004E+00  1.0014E+00
  P    15    0  3.7905E+01  6.3139E+01  5.5636E+01  7.4391E+01  9.9993E-01  1.0000E+00  1.0001E+00  1.0003E+00  1.0240E+00
  S    16    0  2.1406E+01  4.0642E+01  2.4049E+01  3.5686E+01  9.9993E-01  9.9998E-01  9.9998E-01  1.0000E+00  1.0001E+00
  Cl   17    0  6.5342E+00  1.2423E+01  8.6641E+00  1.7409E+01  9.9993E-01  9.9998E-01  9.9999E-01  1.0000E+00  1.0509E+00
  Ar   18    0  1.7952E+01  3.2847E+01  1.8263E+01  2.5084E+01  9.9994E-01  9.9995E-01  1.0000E+00  1.0000E+00  9.9702E-01
  K    19    0  8.4671E+00  1.6046E+01  1.0282E+01  1.6436E+01  9.9991E-01  9.9998E-01  9.9998E-01  9.9998E-01  1.0580E+00
  Ca   20    0  1.5047E+01  2.5707E+01  1.3672E+01  1.5938E+01  9.9990E-01  9.9997E-01  9.9997E-01  9.9997E-01  9.9907E-01
  Sc   21    0  4.7550E+00  8.8575E+00  1.5088E+01  2.9621E+01  9.9994E-01  9.9998E-01  9.9998E-01  1.0000E+00  1.1393E+00
  Ti   22    0  9.9195E+00  1.1188E+01  7.5175E+00  7.1232E+00  9.9992E-01  9.9998E-01  9.9998E-01  1.0000E+00  1.0028E+00
  V    23    0  9.2849E+00  1.5961E+01  1.1097E+01  7.6155E+00  9.9992E-01  9.9998E-01  9.9998E-01  1.0000E+00  9.9874E-01
  Cr   24    0  2.1932E+01  3.2516E+01  2.0336E+01  1.6614E+01  9.9990E-01  9.9997E-01  9.9997E-01  1.0000E+00  9.9959E-01
  Mn   25    0  1.0960E+01  1.8592E+01  1.1996E+01  7.6748E+00  9.9996E-01  9.9996E-01  9.9996E-01  9.9996E-01  1.0025E+00
  Fe   26    0  5.0304E+01  4.4217E+01  3.2280E+01  2.6164E+01  9.9991E-01  9.9999E-01  9.9999E-01  9.9999E-01  9.9929E-01
  Co   27    0  3.3915E+01  2.6954E+01  2.2960E+01  1.7402E+01  9.9993E-01  9.9998E-01  9.9998E-01  1.0000E+00  1.1157E+00
  Ni   28    0  7.9480E+01  7.0058E+01  5.1236E+01  4.2105E+01  9.9993E-01  9.9997E-01  9.9999E-01  1.0000E+00  1.0062E+00
  Cu   29    0  5.2884E+00  8.6969E+00  1.4922E+01  3.5552E+01  9.9992E-01  9.9996E-01  9.9999E-01  1.0000E+00  1.2084E+00
  Zn   30    0  1.1364E+01  1.1589E+01  1.1562E+01  2.4981E+01  9.9992E-01  9.9997E-01  9.9998E-01  1.0000E+00  1.0417E+00
  Ga   31    0  2.6508E+00  6.2790E+00  1.2783E+01  5.9260E+01  9.9993E-01  9.9998E-01  9.9998E-01  1.0000E+00  1.0462E+00
  Ge   32    0  2.0130E+00  4.2487E+00  7.4458E+00  4.1465E+01  9.9993E-01  9.9997E-01  9.9999E-01  1.0000E+00  1.0186E+00
  As   33    0  1.8832E+00  4.3872E+00  7.6638E+00  6.1167E+01  9.9991E-01  1.0000E+00  1.0000E+00  1.0000E+00  1.0092E+00
  Se   34    0  1.5142E+00  2.2331E+00  3.5354E+00  2.6263E+01  9.9993E-01  9.9997E-01  9.9998E-01  1.0000E+00  1.0042E+00
  Br   35    0  1.4005E+00  1.7265E+00  3.2078E+00  2.2952E+01  9.9993E-01  9.9998E-01  9.9998E-01  1.0000E+00  9.9949E-01
  Kr   36    0  1.2259E+00  1.3983E+00  2.1131E+00  1.1237E+01  9.9992E-01  9.9997E-01  1.0000E+00  1.0000E+00  1.0090E+00
  Rb   37    0  1.2750E+00  1.5197E+00  2.2202E+00  1.4397E+01  9.9990E-01  9.9996E-01  9.9997E-01  9.9998E-01  1.0010E+00
  Sr   38    0  1.3162E+00  1.8298E+00  2.7786E+00  1.1775E+01  9.9994E-01  9.9997E-01  9.9999E-01  1.0000E+00  1.0351E+00
  Y    39    0  1.1864E+00  1.5903E+00  2.1305E+00  7.6361E+00  9.9995E-01  9.9995E-01  9.9995E-01  1.0000E+00  1.0137E+00
  Zr   40    0  1.0484E+00  1.2134E+00  1.4488E+00  3.6714E+00  9.7560E-01  9.7158E-01  9.7153E-01  9.7114E-01  9.7514E-01
  Nb   41    0  9.9125E-01  1.0205E+00  1.2565E+00  2.2775E+00  9.9992E-01  9.9997E-01  9.9997E-01  1.0000E+00  9.9940E-01
  Mo   42    0  1.1940E+00  1.2576E+00  1.3192E+00  1.7809E+00  1.1290E+00  1.1507E+00  1.1510E+00  1.1531E+00  1.1530E+00
  Xe   54    0  9.7316E-01  9.5963E-01  9.8213E-01  1.1839E+00  9.9992E-01  9.9997E-01  9.9998E-01  1.0000E+00  9.9751E-01
  Cs   55    0  9.3595E-01  9.2083E-01  9.2821E-01  1.1269E+00  9.9992E-01  1.0000E+00  1.0000E+00  1.0000E+00  9.9347E-01
  Ba   56    0  1.0349E+00  1.0836E+00  1.2224E+00  1.5346E+00  9.9990E-01  9.9998E-01  9.9998E-01  9.9999E-01  1.0089E+00
  La   57    0  1.0219E+00  1.0682E+00  1.2142E+00  1.5361E+00  9.9993E-01  1.0000E+00  1.0000E+00  1.0000E+00  1.0050E+00
  Ce   58    0  1.0000E+00  1.0116E+00  1.0914E+00  1.2724E+00  9.9992E-01  9.9998E-01  9.9998E-01  1.0000E+00  1.0019E+00
  Pr   59    0  9.7374E-01  9.9163E-01  9.9184E-01  1.2197E+00  9.9993E-01  9.9998E-01  9.9998E-01  1.0000E+00  9.9697E-01
  Nd   60    0  1.0141E+00  1.0592E+00  1.0884E+00  1.2417E+00  9.9992E-01  9.9997E-01  9.9998E-01  1.0000E+00  1.0007E+00
  Hg   80    0  9.9416E-01  9.8119E-01  1.0396E+00  1.1339E+00  9.9993E-01  9.9998E-01  9.9998E-01  1.0000E+00  1.0018E+00
  Tl   81    0  9.8015E-01  9.7136E-01  1.0354E+00  1.1430E+00  9.9993E-01  9.9997E-01  9.9999E-01  1.0000E+00  1.0015E+00
  Pb   82    0  1.0005E+00  1.0098E+00  1.0836E+00  1.1971E+00  9.9993E-01  9.9996E-01  9.9999E-01  1.0000E+00  1.0036E+00
  Bi   83    0  9.7196E-01  9.4581E-01  9.6135E-01  9.4308E-01  9.9992E-01  9.9998E-01  9.9998E-01  1.0000E+00  9.9924E-01
  ele   Z    A    013b150     015b150     020b150     025b150     030b150     040b150     060b150     080b150     120b150
  H     1    0  5.8508E-01  5.5355E-01  4.9282E-01  4.7320E-01  8.6243E-01  7.9049E-01  6.2573E-01  5.9687E-01  4.3487E-01
  He    2    0  1.4411E+00  1.4284E+00  1.4025E+00  1.3368E+00  1.4109E+00  1.6260E+00  1.9824E+00  2.0013E+00  2.5760E+00
  Li    3    0  1.6802E-02  2.7296E-02  9.6891E-03  5.4147E-03  9.5557E-03  3.5904E-02  7.2407E-01  4.5280E-01  1.3544E-03
  Be    4    0  3.9410E-04  5.9644E-04  1.2032E-03  1.7881E-03  1.4682E-02  5.4862E-03  1.4036E-03  1.7226E-03  1.9464E-03
  B     5    0  4.8522E-02  4.4121E-02  3.7412E-02  3.2774E-02  1.2579E-01  3.9763E-02  2.6129E-02  2.4805E-02  3.3875E-02
  C     6    0  6.5496E+01  7.2874E+01  7.8986E+01  7.1651E+01  5.3020E-01  1.7866E-01  6.7221E+01  9.7673E+01  5.5954E+01
  N     7    0  9.3056E+01  1.0943E+02  1.1535E+02  5.5028E+01  1.4300E+01  2.3846E+01  2.0373E+01  1.9653E+01  2.2645E+01
  O     8    0  5.6667E+01  7.4063E+01  9.6300E+01  1.0788E+02  6.1858E-01  3.4826E-01  2.3198E+00  3.9314E+00  1.8332E+00
  F     9    0  3.7830E+01  1.2664E+02  4.9217E+02  4.5429E+02  5.7702E-01  1.5628E-01  1.9952E+00  1.5775E+00  1.6649E+00
  Ne   10    0  6.0129E+01  8.2123E+01  9.5063E+01  2.4076E+02  9.4077E-01  8.9807E-01  3.9428E+00  4.8094E+00  3.6264E+00
  Na   11    0  2.3998E+01  3.2402E+01  3.0439E+01  7.0616E+01  3.7841E+00  5.7871E+00  6.6641E+00  6.8242E+00  8.6100E+00
  Mg   12    0  1.3457E+01  2.5059E+01  3.1200E+01  5.1725E+01  9.8220E-01  9.7098E-01  9.3998E-01  9.5026E-01  9.0047E-01
  Al   13    0  1.8119E+01  4.0962E+01  5.2470E+01  9.1385E+01  1.4773E+00  1.8557E+00  2.7667E+00  2.9729E+00  3.9307E+00
  Si   14    0  7.6738E+01  5.2607E+01  7.6591E+01  5.7522E+01  1.0001E+00  1.0002E+00  1.0019E+00  1.0030E+00  1.0032E+00
  P    15    0  6.8110E+01  7.4778E+01  1.3010E+02  1.1621E+02  1.0002E+00  1.0003E+00  1.1018E+00  1.1547E+00  1.1097E+00
  S    16    0  1.7897E+02  7.5720E+01  7.0457E+01  4.9337E+01  1.0000E+00  1.0000E+00  1.0002E+00  1.0003E+00  1.0002E+00
  Cl   17    0  1.0204E+02  1.3047E+01  2.7548E+01  2.1221E+01  1.0000E+00  1.0000E+00  1.2486E+00  1.3917E+00  1.2710E+00
  Ar   18    0  2.4952E+02  8.8634E+01  6.0275E+01  4.3298E+01  1.0000E+00  1.0000E+00  9.8575E-01  9.7759E-01  9.8447E-01
  K    19    0  5.0722E+02  1.5200E+01  3.7998E+01  2.6918E+01  9.9998E-01  1.0000E+00  1.4196E+00  1.6300E+00  1.4486E+00
  Ca   20    0  2.9247E+02  1.0735E+02  4.7947E+01  3.6733E+01  9.9997E-01  1.0000E+00  9.9224E-01  9.8845E-01  9.9177E-01
  Sc   21    0  1.4714E+02  3.8477E+01  4.0548E+01  4.8439E+01  1.0000E+00  1.0000E+00  1.5078E+00  1.7907E+00  1.5415E+00
  Ti   22    0  3.1865E+01  1.4455E+01  1.5272E+01  1.4961E+01  1.0000E+00  1.0000E+00  1.0062E+00  1.0109E+00  1.0072E+00
  V    23    0  4.1729E+01  1.9284E+01  1.3730E+01  1.2660E+01  1.0000E+00  1.0000E+00  1.0134E+00  1.0113E+00  1.0070E+00
  Cr   24    0  4.6807E+01  3.8794E+01  2.8741E+01  2.2020E+01  1.0000E+00  1.0000E+00  9.9891E-01  9.9820E-01  9.9887E-01
  Mn   25    0  2.5258E+01  2.3876E+01  1.1217E+01  9.0038E+00  9.9996E-01  1.0001E+00  1.1103E+00  1.1424E+00  1.0994E+00
  Fe   26    0  5.4013E+01  4.7558E+01  3.4218E+01  2.6473E+01  9.9999E-01  9.9999E-01  9.9863E-01  9.9769E-01  9.9858E-01
  Co   27    0  3.6621E+01  2.6085E+01  2.2530E+01  1.9114E+01  1.0000E+00  1.0000E+00  1.3303E+00  1.5538E+00  1.3633E+00
  Ni   28    0  8.6540E+01  7.7201E+01  5.5442E+01  4.3135E+01  1.0000E+00  1.0000E+00  9.9320E-01  9.9525E-01  9.9477E-01
  Cu   29    0  3.1515E+01  4.7185E+01  5.3509E+01  6.0782E+01  1.0000E+00  1.0000E+00  1.4063E+00  1.7060E+00  1.4558E+00
  Zn   30    0  3.6715E+01  3.9333E+01  4.7816E+01  5.7543E+01  1.0000E+00  1.0000E+00  1.0329E+00  1.0725E+00  1.0406E+00
  Ga   31    0  5.5301E+01  1.2882E+02  2.0212E+02  2.5380E+02  1.0000E+00  1.0000E+00  1.1180E+00  1.1900E+00  1.1309E+00
  Ge   32    0  4.4297E+01  8.8787E+01  1.4157E+02  2.0408E+02  1.0000E+00  1.0000E+00  1.0303E+00  1.0554E+00  1.0357E+00
  As   33    0  5.2237E+01  1.5093E+02  2.9342E+02  3.8427E+02  1.0000E+00  1.0000E+00  9.9810E-01  1.0063E+00  1.0015E+00
  Se   34    0  3.8766E+01  7.2782E+01  1.3224E+02  2.0930E+02  1.0000E+00  1.0000E+00  1.0027E+00  1.0053E+00  1.0052E+00
  Br   35    0  3.4829E+01  6.9921E+01  1.2746E+02  2.2447E+02  1.0000E+00  1.0000E+00  9.8416E-01  9.7931E-01  9.8660E-01
  Kr   36    0  3.7679E+01  5.7616E+01  1.0329E+02  1.9124E+02  1.0000E+00  1.0000E+00  1.0319E+00  1.0532E+00  1.0335E+00
  Rb   37    0  4.7754E+01  7.1327E+01  1.4437E+02  2.8578E+02  9.9996E-01  1.0000E+00  9.8193E-01  9.7729E-01  9.8195E-01
  Sr   38    0  5.0388E+01  9.8876E+01  2.1786E+02  4.7313E+02  1.0000E+00  1.0000E+00  1.1241E+00  1.1977E+00  1.1344E+00
  Y    39    0  3.7518E+01  6.6187E+01  1.3971E+02  2.9292E+02  1.0000E+00  1.0000E+00  1.0183E+00  1.0362E+00  1.0219E+00
  Zr   40    0  2.4687E+01  2.8403E+01  5.3600E+01  1.1930E+02  9.7055E-01  9.7060E-01  9.7603E-01  9.8125E-01  9.7726E-01
  Nb   41    0  1.3770E+01  1.7307E+01  2.5140E+01  6.5117E+01  1.0000E+00  1.0000E+00  9.7105E-01  9.6730E-01  9.7661E-01
  Mo   42    0  6.2388E+00  8.8924E+00  1.2583E+01  2.4175E+01  1.1562E+00  1.1562E+00  1.1687E+00  1.1649E+00  1.1633E+00
  Xe   54    0  3.0703E+00  3.9987E+00  5.5113E+00  1.1153E+01  1.0000E+00  1.0000E+00  9.8724E-01  9.8096E-01  9.8716E-01
  Cs   55    0  2.6549E+00  3.8009E+00  4.5364E+00  7.8042E+00  1.0000E+00  1.0000E+00  9.4529E-01  9.2779E-01  9.4869E-01
  Ba   56    0  3.4594E+00  4.7154E+00  6.1724E+00  1.2198E+01  9.9999E-01  9.9999E-01  1.0393E+00  1.0624E+00  1.0428E+00
  La   57    0  2.5671E+00  3.0995E+00  3.7045E+00  6.6793E+00  1.0000E+00  1.0000E+00  1.0090E+00  1.0165E+00  1.0106E+00
  Ce   58    0  1.7467E+00  2.0008E+00  2.2878E+00  3.5032E+00  1.0000E+00  1.0000E+00  1.0043E+00  1.0071E+00  1.0047E+00
  Pr   59    0  2.0750E+00  1.8202E+00  1.9466E+00  2.2163E+00  1.0000E+00  1.0000E+00  9.6435E-01  9.5168E-01  9.6451E-01
  Nd   60    0  1.3339E+00  1.7679E+00  2.1471E+00  2.7514E+00  1.0000E+00  1.0000E+00  1.0002E+00  1.0004E+00  1.0001E+00
  Hg   80    0  1.2407E+00  1.4712E+00  1.6555E+00  2.2047E+00  1.0000E+00  1.0000E+00  1.0274E+00  1.0354E+00  1.0265E+00
  Tl   81    0  1.1944E+00  1.3299E+00  1.4293E+00  1.9619E+00  1.0000E+00  1.0000E+00  1.0009E+00  1.0043E+00  1.0022E+00
  Pb   82    0  1.2793E+00  1.4650E+00  1.5881E+00  2.0208E+00  1.0000E+00  1.0000E+00  1.0143E+00  1.0231E+00  1.0159E+00
  Bi   83    0  9.3283E-01  9.3345E-01  9.1082E-01  9.6306E-01  1.0000E+00  1.0000E+00  9.9519E-01  9.9296E-01  9.9489E-01
  ele   Z    A    013b300     015b300     020b300     025b300     030b300     040b300     060b300     080b300     120b300
  H     1    0  5.4711E-01  5.1425E-01  4.8372E-01  4.6190E-01  7.7029E-01  7.3234E-01  6.0256E-01  5.2017E-01  4.4354E-01
  He    2    0  1.3595E+00  1.3527E+00  1.4591E+00  1.1291E+00  1.6842E+00  1.7544E+00  2.0193E+00  2.2952E+00  2.5506E+00
  Li    3    0  2.1422E-04  4.5205E-04  4.3969E-04  2.0041E-03  3.9066E-03  2.4876E-02  1.0474E+00  7.7259E-04  9.3085E-04
  Be    4    0  1.5762E-04  2.5448E-04  5.0880E-04  8.5665E-04  2.0654E-03  3.0156E-03  9.8852E-04  9.0566E-04  1.2342E-03
  B     5    0  1.2920E-02  1.1561E-02  4.7778E-03  6.2271E-03  1.3819E-02  1.9529E-02  1.8448E-02  7.3560E-03  1.3182E-02
  C     6    0  3.2341E+01  3.7553E+01  8.7944E+01  9.4465E+01  1.7209E-01  1.1499E+01  8.0846E+01  6.8490E+01  5.5468E+01
  N     7    0  7.1159E+01  7.8691E+01  5.0229E+01  3.7170E+01  3.0079E+01  6.6288E+01  2.6560E+01  2.0050E+01  2.2451E+01
  O     8    0  6.1603E+01  6.8719E+01  9.3377E+01  1.2609E+02  4.8064E-01  1.9275E+00  3.0833E+00  2.3536E+00  1.8761E+00
  F     9    0  4.0485E+01  1.7864E+02  3.0772E+02  9.2606E+02  2.2067E-01  2.8412E-01  1.9035E+00  2.5111E+00  2.0229E+00
  Ne   10    0  8.7730E+01  8.1999E+01  9.7526E+01  3.2001E+02  9.3751E-01  1.4329E+00  4.3911E+00  4.3189E+00  3.7714E+00
  Na   11    0  3.7748E+01  4.3113E+01  7.0936E+01  1.3913E+02  6.0489E+00  7.1263E+00  7.1766E+00  7.5009E+00  8.6753E+00
  Mg   12    0  3.9953E+01  3.3456E+01  3.3260E+01  5.9919E+01  9.7066E-01  9.6816E-01  9.4175E-01  9.2124E-01  9.0089E-01
  Al   13    0  1.0564E+01  1.1586E+01  5.4829E+01  1.2004E+02  1.7776E+00  2.0802E+00  2.8592E+00  3.3385E+00  3.8898E+00
  Si   14    0  2.0135E+02  2.1755E+02  6.6685E+01  6.8323E+01  1.0004E+00  1.0006E+00  1.0024E+00  1.0028E+00  1.0031E+00
  P    15    0  1.2480E+02  2.2450E+02  2.9458E+02  1.6830E+02  1.0021E+00  1.0296E+00  1.1325E+00  1.1203E+00  1.1100E+00
  S    16    0  4.1274E+02  4.8188E+02  7.3241E+01  5.9166E+01  1.0002E+00  1.0000E+00  1.0002E+00  1.0002E+00  1.0002E+00
  Cl   17    0  1.2776E+02  2.6537E+02  4.5696E+01  3.3631E+01  1.0038E+00  1.0682E+00  1.3303E+00  1.2961E+00  1.2712E+00
  Ar   18    0  5.0659E+02  7.4792E+02  6.4446E+01  4.9473E+01  9.9998E-01  9.9607E-01  9.8105E-01  9.8305E-01  9.8447E-01
  K    19    0  5.8651E+02  1.3140E+03  5.8875E+01  3.7059E+01  1.0063E+00  1.0970E+00  1.5379E+00  1.4931E+00  1.4505E+00
  Ca   20    0  5.0503E+02  6.0306E+02  3.3046E+01  3.7475E+01  1.0001E+00  9.9824E-01  9.9011E-01  9.9091E-01  9.9172E-01
  Sc   21    0  8.1129E+01  1.2475E+02  3.0155E+01  5.5357E+01  1.0074E+00  1.1561E+00  1.6613E+00  1.6074E+00  1.5468E+00
  Ti   22    0  7.7890E+01  1.5078E+02  2.0718E+01  1.7168E+01  1.0003E+00  1.0027E+00  1.0089E+00  1.0078E+00  1.0072E+00
  V    23    0  1.1124E+02  2.3427E+02  3.9146E+01  1.6603E+01  1.0004E+00  1.0000E+00  1.0116E+00  1.0124E+00  1.0084E+00
  Cr   24    0  1.1117E+02  1.3047E+02  3.1994E+01  1.7408E+01  1.0002E+00  9.9958E-01  9.9851E-01  9.9865E-01  9.9883E-01
  Mn   25    0  1.3109E+02  9.9533E+01  2.4422E+01  7.6619E+00  1.0019E+00  1.0163E+00  1.1282E+00  1.1174E+00  1.1026E+00
  Fe   26    0  7.6454E+01  5.6507E+01  3.5762E+01  2.6946E+01  1.0002E+00  9.9932E-01  9.9809E-01  9.9836E-01  9.9853E-01
  Co   27    0  3.9592E+01  3.1026E+01  2.1391E+01  1.8316E+01  1.0048E+00  1.1164E+00  1.4550E+00  1.4056E+00  1.3659E+00
  Ni   28    0  1.1551E+02  8.8629E+01  5.6410E+01  4.3789E+01  1.0001E+00  1.0028E+00  9.9461E-01  9.9362E-01  9.9451E-01
  Cu   29    0  1.4705E+01  1.4498E+01  2.0116E+01  5.4153E+01  1.0062E+00  1.1886E+00  1.5825E+00  1.5045E+00  1.4565E+00
  Zn   30    0  1.7748E+01  1.4662E+01  2.1449E+01  6.1282E+01  1.0007E+00  1.0313E+00  1.0562E+00  1.0444E+00  1.0402E+00
  Ga   31    0  4.7529E+01  4.7556E+01  9.1436E+01  3.2769E+02  1.0020E+00  1.0478E+00  1.1576E+00  1.1450E+00  1.1314E+00
  Ge   32    0  4.5810E+01  4.6185E+01  8.2192E+01  3.0235E+02  1.0006E+00  1.0173E+00  1.0444E+00  1.0389E+00  1.0355E+00
  As   33    0  4.8944E+01  4.9138E+01  1.1384E+02  6.1035E+02  1.0002E+00  1.0064E+00  1.0028E+00  1.0005E+00  1.0010E+00
  Se   34    0  5.4081E+01  6.3806E+01  1.2638E+02  4.1178E+02  1.0002E+00  1.0029E+00  1.0035E+00  1.0054E+00  1.0053E+00
  Br   35    0  4.9911E+01  5.1200E+01  9.1975E+01  4.5508E+02  9.9995E-01  9.9817E-01  9.8088E-01  9.8373E-01  9.8602E-01
  Kr   36    0  1.0080E+02  9.5569E+01  1.9330E+02  5.1025E+02  1.0007E+00  1.0106E+00  1.0444E+00  1.0372E+00  1.0333E+00
  Rb   37    0  1.0815E+02  8.6467E+01  2.6748E+02  8.0016E+02  9.9991E-01  9.9815E-01  9.8009E-01  9.7963E-01  9.8170E-01
  Sr   38    0  8.7926E+02  1.0441E+03  1.8350E+03  1.8646E+03  1.0021E+00  1.0400E+00  1.1667E+00  1.1477E+00  1.1348E+00
  Y    39    0  1.1961E+03  1.2846E+03  2.3389E+03  1.6690E+03  1.0004E+00  1.0112E+00  1.0287E+00  1.0240E+00  1.0218E+00
  Zr   40    0  2.1038E+03  4.8293E+03  4.3680E+03  1.0022E+03  9.7082E-01  9.7396E-01  9.7904E-01  9.7770E-01  9.7717E-01
  Nb   41    0  1.3348E+03  1.2177E+03  2.1786E+03  7.1744E+02  9.9979E-01  9.9707E-01  9.6996E-01  9.6837E-01  9.7474E-01
  Mo   42    0  1.5918E+03  1.7083E+03  4.7943E+03  4.3342E+02  1.1566E+00  1.1563E+00  1.1656E+00  1.1688E+00  1.1649E+00
  Xe   54    0  1.0399E+03  9.0191E+02  1.8100E+03  2.0440E+02  1.0000E+00  9.9688E-01  9.8396E-01  9.8477E-01  9.8677E-01
  Cs   55    0  7.9582E+02  7.8304E+02  1.6105E+03  1.4556E+02  9.9941E-01  9.8998E-01  9.3646E-01  9.3756E-01  9.4657E-01
  Ba   56    0  4.7837E+03  4.9537E+03  6.6610E+03  3.3485E+02  1.0007E+00  1.0112E+00  1.0524E+00  1.0472E+00  1.0429E+00
  La   57    0  5.7737E+03  6.5057E+03  6.7588E+03  2.1584E+02  1.0003E+00  1.0044E+00  1.0134E+00  1.0116E+00  1.0105E+00
  Ce   58    0  5.0373E+03  5.0604E+03  5.0161E+03  1.0868E+02  1.0003E+00  1.0018E+00  1.0059E+00  1.0052E+00  1.0047E+00
  Pr   59    0  1.0615E+04  4.0954E+03  4.1928E+03  6.1188E+01  9.9965E-01  9.9350E-01  9.5742E-01  9.5932E-01  9.6376E-01
  Nd   60    0  3.4761E+03  4.5280E+03  4.6463E+03  6.7372E+01  1.0002E+00  1.0003E+00  1.0003E+00  1.0004E+00  1.0002E+00
  Hg   80    0  3.6194E+03  4.3210E+03  4.8643E+03  5.1766E+01  1.0006E+00  1.0046E+00  1.0315E+00  1.0310E+00  1.0273E+00
  Tl   81    0  3.4662E+03  3.9293E+03  2.8515E+03  3.2660E+01  1.0002E+00  1.0015E+00  1.0034E+00  1.0007E+00  1.0016E+00
  Pb   82    0  3.9921E+03  4.1569E+03  2.4133E+03  1.9652E+01  1.0004E+00  1.0043E+00  1.0193E+00  1.0174E+00  1.0159E+00
  Bi   83    0  5.6686E+02  4.6116E+02  1.6781E+02  1.4140E+00  1.0001E+00  9.9881E-01  9.9390E-01  9.9435E-01  9.9487E-01
  ele   Z    A    013c000     015c000     020c000     025c000     030c000     040c000     060c000     080c000     120c000
  H     1    0  7.2601E-01  6.9590E-01  6.3794E-01  5.9979E-01  1.0003E+00  1.0008E+00  9.9932E-01  9.9999E-01  9.6802E-01
  He    2    0  1.6372E+00  1.6144E+00  1.5532E+00  1.5156E+00  1.0003E+00  1.0009E+00  9.9942E-01  1.0002E+00  1.1010E+00
  Li    3    0  2.5134E-03  1.1305E-02  1.1028E-02  1.1383E-02  1.0003E+00  1.0008E+00  9.9939E-01  5.7157E-01  7.0255E-02
  Be    4    0  3.6246E-03  1.3378E-02  1.2150E-02  1.1642E-02  1.0004E+00  1.0009E+00  9.9942E-01  5.7199E-01  7.0032E-02
  B     5    0  1.1222E-01  1.0669E-01  9.5300E-02  9.2363E-02  1.0003E+00  1.0009E+00  9.9941E-01  9.3624E-01  4.1767E-01
  C     6    0  3.1309E+02  4.4807E+02  5.0378E+02  6.3535E+02  1.0004E+00  1.0009E+00  9.9939E-01  1.0001E+00  8.4621E-01
  N     7    0  1.0792E+01  1.0536E+01  9.3822E+00  1.0298E+01  1.0003E+00  1.0009E+00  9.9941E-01  1.0001E+00  6.0129E+00
  O     8    0  1.1790E+02  2.0587E+02  3.6660E+02  5.0653E+02  1.0004E+00  1.0008E+00  9.9943E-01  1.0001E+00  8.4959E-01
  F     9    0  6.3812E-01  6.1725E-01  7.4488E-01  1.0730E+00  1.0004E+00  1.0009E+00  9.9941E-01  1.0001E+00  8.4799E-01
  Ne   10    0  8.7350E+01  2.8046E+02  2.0522E+03  2.6425E+03  1.0004E+00  1.0009E+00  9.9942E-01  1.0001E+00  9.6029E-01
  Na   11    0  1.9585E+01  3.8637E+01  4.6816E+02  6.8590E+02  1.0004E+00  1.0009E+00  9.9941E-01  1.0001E+00  2.6125E+00
  Mg   12    0  8.0400E+01  1.5729E+02  4.8353E+02  3.9792E+02  1.0003E+00  1.0009E+00  9.9941E-01  1.0001E+00  9.8215E-01
  Al   13    0  4.7561E+01  1.8635E+02  4.0535E+02  2.6773E+02  1.0003E+00  1.0009E+00  9.9940E-01  1.0001E+00  1.5593E+00
  Si   14    0  3.1904E+02  4.0527E+02  3.4940E+02  2.6697E+02  1.0003E+00  1.0008E+00  9.9939E-01  1.0001E+00  1.0018E+00
  P    15    0  2.0823E+02  3.7479E+02  2.9449E+02  1.9076E+02  1.0004E+00  1.0008E+00  9.9940E-01  1.0001E+00  1.0004E+00
  S    16    0  2.7970E+02  3.2566E+02  2.3704E+02  1.9072E+02  1.0003E+00  1.0009E+00  9.9940E-01  1.0001E+00  1.0000E+00
  Cl   17    0  4.0461E+01  6.5793E+01  4.0130E+01  3.5270E+01  1.0003E+00  1.0009E+00  9.9941E-01  1.0001E+00  1.0000E+00
  Ar   18    0  2.3985E+02  2.6711E+02  1.9238E+02  1.5828E+02  1.0003E+00  1.0009E+00  9.9939E-01  1.0001E+00  1.0000E+00
  K    19    0  8.6573E+01  1.0166E+02  6.8690E+01  4.3812E+01  1.0003E+00  1.0009E+00  9.9939E-01  1.0001E+00  1.0000E+00
  Ca   20    0  2.0782E+02  2.2316E+02  1.6432E+02  1.4968E+02  1.0003E+00  1.0008E+00  9.9940E-01  1.0001E+00  1.0000E+00
  Sc   21    0  1.9275E+01  2.3118E+01  1.9574E+01  1.9226E+01  1.0003E+00  1.0009E+00  9.9940E-01  1.0001E+00  1.0000E+00
  Ti   22    0  9.3915E+01  8.0463E+01  5.7804E+01  4.8232E+01  1.0003E+00  1.0008E+00  9.9940E-01  1.0001E+00  1.0000E+00
  V    23    0  8.3563E+01  7.4740E+01  6.4431E+01  2.1006E+01  1.0004E+00  1.0009E+00  9.9941E-01  1.0001E+00  1.0000E+00
  Cr   24    0  3.0019E+02  2.3260E+02  1.9228E+02  1.1591E+02  1.0003E+00  1.0008E+00  9.9940E-01  1.0001E+00  1.0000E+00
  Mn   25    0  1.2139E+02  9.7306E+01  8.7487E+01  3.1924E+01  1.0003E+00  1.0009E+00  9.9941E-01  1.0001E+00  1.0001E+00
  Fe   26    0  4.9658E+02  4.2514E+02  3.1233E+02  2.4524E+02  1.0003E+00  1.0008E+00  9.9941E-01  1.0001E+00  9.9999E-01
  Co   27    0  2.6490E+02  2.3506E+02  1.6624E+02  1.2464E+02  1.0004E+00  1.0009E+00  9.9942E-01  1.0001E+00  1.0000E+00
  Ni   28    0  7.8675E+02  6.7370E+02  4.9504E+02  3.8960E+02  1.0003E+00  1.0009E+00  9.9941E-01  1.0001E+00  1.0000E+00
  Cu   29    0  1.9324E+01  1.6150E+01  1.2985E+01  1.5991E+01  1.0003E+00  1.0008E+00  9.9940E-01  1.0001E+00  1.0000E+00
  Zn   30    0  9.3139E+01  7.8811E+01  5.7796E+01  5.2652E+01  1.0004E+00  1.0009E+00  9.9941E-01  1.0001E+00  1.0000E+00
  Ga   31    0  1.2167E+00  1.1692E+00  1.4059E+00  1.9304E+00  1.0003E+00  1.0009E+00  9.9941E-01  1.0001E+00  1.0000E+00
  Ge   32    0  1.0919E+00  1.0838E+00  1.1880E+00  1.4862E+00  1.0003E+00  1.0009E+00  9.9941E-01  1.0001E+00  1.0000E+00
  As   33    0  1.0641E+00  1.0693E+00  1.1474E+00  1.3437E+00  1.0004E+00  1.0008E+00  9.9937E-01  1.0001E+00  1.0000E+00
  Se   34    0  1.0256E+00  1.0131E+00  1.0366E+00  1.1203E+00  1.0003E+00  1.0009E+00  9.9941E-01  1.0001E+00  1.0000E+00
  Br   35    0  9.9221E-01  9.8538E-01  1.0125E+00  1.0796E+00  1.0003E+00  1.0009E+00  9.9939E-01  1.0001E+00  1.0000E+00
  Kr   36    0  1.0110E+00  1.0209E+00  1.0828E+00  1.1575E+00  1.0004E+00  1.0008E+00  9.9940E-01  1.0001E+00  1.0000E+00
  Rb   37    0  1.0289E+00  1.0309E+00  1.0524E+00  1.0897E+00  1.0003E+00  1.0009E+00  9.9938E-01  1.0001E+00  9.9998E-01
  Sr   38    0  1.0887E+00  1.1422E+00  1.3644E+00  1.6893E+00  1.0003E+00  1.0009E+00  9.9941E-01  1.0001E+00  1.0000E+00
  Y    39    0  1.0469E+00  1.0536E+00  1.1456E+00  1.3662E+00  1.0003E+00  1.0009E+00  9.9938E-01  1.0001E+00  1.0000E+00
  Zr   40    0  9.8571E-01  9.8620E-01  1.0110E+00  1.1013E+00  1.0004E+00  1.0008E+00  9.9942E-01  9.8748E-01  9.7265E-01
  Nb   41    0  9.4682E-01  9.2857E-01  9.4856E-01  9.8559E-01  1.0003E+00  1.0009E+00  9.9941E-01  1.0001E+00  1.0000E+00
  Mo   42    0  1.1809E+00  1.1930E+00  1.1831E+00  1.1873E+00  1.0003E+00  1.0009E+00  9.9941E-01  1.0672E+00  1.1453E+00
  Xe   54    0  9.7197E-01  9.6038E-01  9.4396E-01  9.2305E-01  1.0004E+00  1.0009E+00  9.9941E-01  1.0001E+00  1.0000E+00
  Cs   55    0  9.2280E-01  9.1065E-01  8.8458E-01  8.6303E-01  1.0003E+00  1.0009E+00  9.9941E-01  1.0001E+00  1.0000E+00
  Ba   56    0  9.9965E-01  1.0088E+00  1.0803E+00  1.1542E+00  1.0003E+00  1.0009E+00  9.9943E-01  1.0001E+00  9.9999E-01
  La   57    0  9.8172E-01  9.8244E-01  1.0218E+00  1.0835E+00  1.0003E+00  1.0009E+00  9.9939E-01  1.0001E+00  1.0000E+00
  Ce   58    0  9.7856E-01  9.7630E-01  9.9048E-01  1.0108E+00  1.0004E+00  1.0008E+00  9.9940E-01  1.0001E+00  1.0000E+00
  Pr   59    0  9.5561E-01  9.4679E-01  9.2681E-01  9.3746E-01  1.0003E+00  1.0009E+00  9.9941E-01  1.0001E+00  1.0000E+00
  Nd   60    0  9.9415E-01  1.0076E+00  1.0157E+00  1.0283E+00  1.0003E+00  1.0009E+00  9.9941E-01  1.0001E+00  1.0000E+00
  Hg   80    0  9.9395E-01  9.8723E-01  9.9701E-01  1.0025E+00  1.0003E+00  1.0009E+00  9.9940E-01  1.0001E+00  1.0000E+00
  Tl   81    0  9.6728E-01  9.6428E-01  9.9395E-01  1.0181E+00  1.0003E+00  1.0009E+00  9.9941E-01  1.0001E+00  1.0000E+00
  Pb   82    0  9.8205E-01  9.8087E-01  1.0087E+00  1.0414E+00  1.0003E+00  1.0009E+00  9.9940E-01  1.0001E+00  1.0000E+00
  Bi   83    0  9.6708E-01  9.5910E-01  9.5978E-01  9.5965E-01  1.0003E+00  1.0009E+00  9.9940E-01  1.0001E+00  1.0000E+00
  ele   Z    A    013c150     015c150     020c150     025c150     030c150     040c150     060c150     080c150     120c150
  H     1    0  5.8857E-01  5.6769E-01  5.3905E-01  5.2473E-01  8.9308E-01  8.6331E-01  8.3382E-01  7.9275E-01  6.3521E-01
  He    2    0  1.4574E+00  1.4344E+00  1.3981E+00  1.2680E+00  1.3395E+00  1.4251E+00  1.5103E+00  1.6255E+00  2.0823E+00
  Li    3    0  4.1939E-02  2.3432E-02  1.0788E-03  6.8649E-02  4.0159E-03  5.0258E-01  3.2839E-01  1.3707E-01  1.6083E-03
  Be    4    0  5.2975E-05  8.2563E-05  1.6834E-04  2.6628E-04  2.8347E-03  4.6803E-04  2.5996E-04  2.5450E-04  4.1575E-04
  B     5    0  2.1490E-02  1.9908E-02  1.5797E-02  6.4072E-03  1.8303E-02  5.7153E-03  3.6559E-03  3.5569E-03  3.9133E-03
  C     6    0  6.3254E+02  6.8952E+02  7.3974E+02  8.8325E+02  1.8088E-01  1.5119E+01  3.7311E+01  8.7980E+01  2.5248E+02
  N     7    0  7.9603E+02  7.9174E+02  8.5094E+02  5.4377E+01  1.7780E+01  1.3569E+02  1.6977E+02  1.9713E+02  1.8659E+02
  O     8    0  6.6352E+02  6.3920E+02  8.9091E+02  1.0366E+03  5.8550E-01  1.9669E+00  5.4180E+00  1.0908E+01  2.4641E+01
  F     9    0  9.5405E+02  1.7641E+03  1.9909E+03  1.2977E+03  3.4818E-01  6.0770E-01  5.3409E-01  4.7635E-01  3.3170E-01
  Ne   10    0  9.6772E+02  5.9102E+02  5.4476E+02  1.6260E+03  8.7963E-01  1.0086E+00  1.1405E+00  1.4752E+00  2.6737E+00
  Na   11    0  1.6144E+02  1.1594E+02  1.0640E+02  2.5857E+02  6.5064E+00  6.4493E+00  6.4720E+00  6.7028E+00  6.9465E+00
  Mg   12    0  2.4687E+02  1.0754E+02  2.3807E+02  4.6965E+02  9.5490E-01  9.5598E-01  9.5812E-01  9.6295E-01  9.8688E-01
  Al   13    0  2.2374E+02  8.3124E+01  2.5866E+02  6.0818E+02  2.1899E+00  2.4018E+00  2.8112E+00  3.3794E+00  5.2886E+00
  Si   14    0  4.1583E+02  9.0864E+02  7.1521E+02  5.9190E+02  1.0035E+00  1.0055E+00  1.0088E+00  1.0141E+00  1.0388E+00
  P    15    0  3.0175E+02  5.1811E+02  6.3849E+02  8.1951E+02  1.0016E+00  1.0066E+00  1.0124E+00  1.0297E+00  1.1281E+00
  S    16    0  3.6754E+02  2.2986E+03  7.0053E+02  4.7320E+02  1.0003E+00  1.0000E+00  1.0000E+00  1.0001E+00  1.0003E+00
  Cl   17    0  5.7221E+01  1.0116E+03  1.2702E+02  1.2752E+02  1.0003E+00  1.0115E+00  1.0242E+00  1.0579E+00  1.2005E+00
  Ar   18    0  3.3284E+02  3.1959E+03  6.5272E+02  4.0988E+02  1.0003E+00  9.9936E-01  9.9858E-01  9.9665E-01  9.8832E-01
  K    19    0  1.0237E+02  4.8442E+03  2.0114E+02  1.9762E+02  1.0003E+00  1.0174E+00  1.0336E+00  1.0737E+00  1.2119E+00
  Ca   20    0  3.1416E+02  3.7470E+03  6.2236E+02  3.5687E+02  1.0003E+00  9.9972E-01  9.9937E-01  9.9873E-01  9.9652E-01
  Sc   21    0  5.0311E+01  1.3027E+03  8.7142E+01  8.2772E+01  1.0003E+00  1.0240E+00  1.0492E+00  1.1309E+00  1.7201E+00
  Ti   22    0  1.1941E+02  2.5946E+02  1.1238E+02  9.4046E+01  1.0003E+00  1.0004E+00  1.0009E+00  1.0026E+00  1.0162E+00
  V    23    0  7.2240E+01  2.4786E+02  7.5547E+01  4.7728E+01  1.0003E+00  1.0003E+00  9.9984E-01  9.9858E-01  9.9390E-01
  Cr   24    0  2.8543E+02  4.5734E+02  2.9954E+02  1.8783E+02  1.0003E+00  9.9994E-01  9.9988E-01  9.9965E-01  9.9788E-01
  Mn   25    0  9.5535E+01  1.5987E+02  1.0259E+02  5.4067E+01  1.0003E+00  1.0039E+00  1.0052E+00  1.0070E+00  1.0013E+00
  Fe   26    0  5.1618E+02  4.4784E+02  3.3271E+02  2.5856E+02  1.0003E+00  9.9992E-01  9.9980E-01  9.9932E-01  9.9610E-01
  Co   27    0  2.6743E+02  1.3181E+02  1.4498E+02  1.1705E+02  1.0003E+00  1.0189E+00  1.0440E+00  1.1172E+00  1.4854E+00
  Ni   28    0  8.1932E+02  7.2153E+02  5.3409E+02  4.1207E+02  1.0003E+00  1.0002E+00  1.0010E+00  1.0046E+00  1.0366E+00
  Cu   29    0  9.1918E+01  2.8063E+02  7.7544E+01  5.8277E+01  1.0003E+00  1.0258E+00  1.0614E+00  1.1865E+00  2.1701E+00
  Zn   30    0  1.6259E+02  2.3600E+02  1.2251E+02  1.0204E+02  1.0003E+00  1.0034E+00  1.0090E+00  1.0329E+00  1.2769E+00
  Ga   31    0  4.3313E+01  6.7382E+01  1.4045E+02  2.1953E+02  1.0003E+00  1.0061E+00  1.0129E+00  1.0398E+00  1.3517E+00
  Ge   32    0  3.3102E+01  5.4487E+01  1.0565E+02  2.1335E+02  1.0003E+00  1.0020E+00  1.0047E+00  1.0156E+00  1.1472E+00
  As   33    0  2.9277E+01  5.2869E+01  1.6574E+02  4.0237E+02  1.0003E+00  1.0005E+00  1.0017E+00  1.0071E+00  1.0760E+00
  Se   34    0  3.1621E+01  5.6112E+01  9.0121E+01  2.7253E+02  1.0003E+00  1.0002E+00  1.0005E+00  1.0026E+00  1.0364E+00
  Br   35    0  2.8892E+01  5.3316E+01  7.5436E+01  3.0539E+02  1.0003E+00  9.9939E-01  9.9896E-01  9.9894E-01  1.0153E+00
  Kr   36    0  2.8221E+01  6.3142E+01  6.6157E+01  3.2627E+02  1.0003E+00  1.0017E+00  1.0035E+00  1.0091E+00  1.0492E+00
  Rb   37    0  3.2650E+01  6.0223E+01  9.0767E+01  5.3002E+02  1.0003E+00  9.9963E-01  9.9956E-01  9.9990E-01  1.0078E+00
  Sr   38    0  6.7269E+01  1.2393E+02  1.2459E+02  1.4139E+03  1.0003E+00  1.0064E+00  1.0139E+00  1.0360E+00  1.1640E+00
  Y    39    0  5.5722E+01  1.0620E+02  8.9172E+01  1.2928E+03  1.0003E+00  1.0015E+00  1.0037E+00  1.0117E+00  1.0747E+00
  Zr   40    0  3.2223E+01  7.4765E+01  3.7139E+01  8.1964E+02  9.7085E-01  9.7100E-01  9.7161E-01  9.7402E-01  9.9552E-01
  Nb   41    0  2.2361E+01  5.4058E+01  1.6518E+01  5.0746E+02  1.0003E+00  9.9927E-01  9.9931E-01  9.9976E-01  1.0080E+00
  Mo   42    0  1.3531E+01  4.0566E+01  7.8072E+00  2.8046E+02  1.1566E+00  1.1564E+00  1.1558E+00  1.1546E+00  1.1538E+00
  Xe   54    0  7.3673E+00  2.1885E+01  3.7025E+00  1.5490E+02  1.0003E+00  9.9945E-01  9.9889E-01  9.9740E-01  9.9194E-01
  Cs   55    0  5.3622E+00  1.5551E+01  3.4502E+00  1.1581E+02  1.0003E+00  9.9805E-01  9.9686E-01  9.9372E-01  9.8293E-01
  Ba   56    0  1.1174E+01  3.9698E+01  4.3812E+00  2.0974E+02  1.0003E+00  1.0019E+00  1.0040E+00  1.0097E+00  1.0358E+00
  La   57    0  6.4958E+00  2.6340E+01  2.8696E+00  1.2328E+02  1.0003E+00  1.0006E+00  1.0015E+00  1.0044E+00  1.0238E+00
  Ce   58    0  3.4471E+00  1.4162E+01  1.9258E+00  5.4116E+01  1.0003E+00  1.0003E+00  1.0005E+00  1.0017E+00  1.0102E+00
  Pr   59    0  2.4260E+00  8.5364E+00  1.7502E+00  6.2294E+01  1.0003E+00  9.9875E-01  9.9792E-01  9.9607E-01  9.9220E-01
  Nd   60    0  2.3354E+00  8.9946E+00  1.7491E+00  2.2787E+01  1.0003E+00  1.0001E+00  1.0001E+00  1.0004E+00  1.0041E+00
  Hg   80    0  1.9492E+00  7.3179E+00  1.6065E+00  1.8242E+01  1.0003E+00  1.0009E+00  1.0013E+00  1.0023E+00  1.0071E+00
  Tl   81    0  1.5816E+00  4.9336E+00  1.2800E+00  1.2886E+01  1.0003E+00  1.0002E+00  1.0007E+00  1.0019E+00  1.0069E+00
  Pb   82    0  1.4798E+00  3.1402E+00  1.4346E+00  6.4392E+00  1.0003E+00  1.0007E+00  1.0015E+00  1.0038E+00  1.0155E+00
  Bi   83    0  9.1772E-01  9.3718E-01  9.0094E-01  1.1757E+00  1.0003E+00  9.9985E-01  9.9966E-01  9.9924E-01  9.9720E-01
  ele   Z    A    013c300     015c300     020c300     025c300     030c300     040c300     060c300     080c300     120c300
  H     1    0  5.3812E-01  5.2935E-01  5.1658E-01  4.8868E-01  8.3822E-01  8.7621E-01  8.3262E-01  7.0442E-01  5.1483E-01
  He    2    0  1.4159E+00  1.4087E+00  1.2577E+00  9.8354E-01  1.4972E+00  1.3663E+00  1.4546E+00  1.8468E+00  2.4008E+00
  Li    3    0  1.8902E-03  3.0395E-04  1.5811E-04  1.6672E-02  1.2737E-01  3.3814E-01  5.8778E-02  4.7165E-04  3.7054E-04
  Be    4    0  2.1920E-05  3.4975E-05  7.3306E-05  1.2347E-04  2.9754E-04  4.7263E-04  1.5829E-04  1.4444E-04  2.2100E-04
  B     5    0  1.2388E-03  1.0395E-03  3.8047E-04  5.0992E-04  1.2008E-03  2.0568E-03  7.5386E-04  6.3763E-04  9.8380E-04
  C     6    0  3.0747E+02  3.3217E+02  4.3943E+02  1.0674E+03  5.3891E+01  5.1149E+01  2.5102E+02  3.5088E+02  5.6160E+02
  N     7    0  9.2893E+02  7.5251E+02  1.5259E+02  8.4729E+01  1.4568E+02  4.1449E+02  4.8528E+02  2.7404E+02  1.7448E+02
  O     8    0  5.8787E+02  6.5344E+02  1.1285E+03  1.3518E+03  2.6968E+00  6.2290E+00  1.7803E+01  1.9399E+01  3.1284E+01
  F     9    0  5.0143E+02  7.8305E+02  2.3783E+03  7.2636E+03  6.6056E-01  6.9412E-01  9.1914E-01  1.4542E+00  6.4485E-01
  Ne   10    0  9.1931E+02  1.0318E+03  1.4574E+03  2.9855E+03  1.3184E+00  2.0349E+00  7.0652E+00  4.1715E+00  5.4596E+00
  Na   11    0  2.2450E+02  3.3245E+02  2.8880E+02  1.1013E+03  6.8785E+00  8.3568E+00  9.8737E+00  6.9645E+00  6.5074E+00
  Mg   12    0  3.8582E+02  4.6617E+02  5.4893E+02  5.4548E+02  9.5640E-01  9.6314E-01  1.0126E+00  9.5963E-01  9.3629E-01
  Al   13    0  9.6893E+01  1.3295E+02  3.5207E+02  1.0323E+03  2.4118E+00  2.4164E+00  2.9401E+00  4.6218E+00  8.2764E+00
  Si   14    0  2.0231E+03  1.9704E+03  7.2543E+02  7.3837E+02  1.0061E+00  1.0066E+00  1.0211E+00  1.0357E+00  1.0863E+00
  P    15    0  1.3167E+03  1.7949E+03  1.7776E+03  1.5704E+03  1.0319E+00  1.1126E+00  1.8037E+00  1.3715E+00  1.7404E+00
  S    16    0  4.5001E+03  4.0660E+03  1.0969E+03  6.5100E+02  1.0003E+00  1.0004E+00  1.0021E+00  1.0009E+00  1.0018E+00
  Cl   17    0  1.6497E+03  1.8236E+03  5.7266E+02  3.0822E+02  1.0493E+00  1.0966E+00  1.3250E+00  1.4002E+00  1.7420E+00
  Ar   18    0  6.3632E+03  5.3073E+03  1.1140E+03  5.4187E+02  9.9732E-01  9.9420E-01  9.7790E-01  9.7597E-01  9.5526E-01
  K    19    0  8.5101E+03  8.2390E+03  9.0238E+02  3.5649E+02  1.0567E+00  1.0831E+00  1.2641E+00  1.3488E+00  1.6176E+00
  Ca   20    0  6.2575E+03  4.8297E+03  7.9798E+02  4.0997E+02  9.9920E-01  9.9820E-01  9.8925E-01  9.9353E-01  9.8839E-01
  Sc   21    0  9.6483E+02  7.7971E+02  1.8128E+02  9.9026E+01  1.1699E+00  1.7325E+00  4.5695E+00  3.5071E+00  6.0575E+00
  Ti   22    0  1.1788E+03  9.5774E+02  1.6856E+02  1.0514E+02  1.0043E+00  1.0361E+00  1.3230E+00  1.0857E+00  1.1726E+00
  V    23    0  1.3336E+03  1.4779E+03  1.9890E+02  6.8547E+01  9.9890E-01  1.0027E+00  1.0911E+00  9.9351E-01  9.9019E-01
  Cr   24    0  1.1436E+03  1.0989E+03  2.9631E+02  1.6574E+02  9.9970E-01  9.9804E-01  9.9313E-01  9.9269E-01  9.8578E-01
  Mn   25    0  7.8591E+02  1.2254E+03  1.7552E+02  6.3066E+01  1.0044E+00  9.9592E-01  9.7215E-01  9.7758E-01  9.4797E-01
  Fe   26    0  6.1208E+02  6.2544E+02  3.6831E+02  2.6609E+02  9.9937E-01  9.9615E-01  9.7687E-01  9.8655E-01  9.7365E-01
  Co   27    0  3.0693E+02  3.3581E+02  1.7266E+02  1.3305E+02  1.1035E+00  1.2174E+00  1.5624E+00  1.9993E+00  2.8858E+00
  Ni   28    0  9.5648E+02  9.4455E+02  5.8705E+02  4.2413E+02  1.0074E+00  1.0340E+00  1.1375E+00  1.1302E+00  1.2590E+00
  Cu   29    0  2.9559E+01  2.6864E+01  2.6590E+01  4.2724E+01  1.2874E+00  2.5841E+00  9.1774E+00  6.0204E+00  1.0893E+01
  Zn   30    0  8.5455E+01  7.4458E+01  6.2961E+01  8.0004E+01  1.0707E+00  1.6609E+00  5.8579E+00  2.6449E+00  4.2587E+00
  Ga   31    0  3.6721E+01  4.3598E+01  6.2417E+01  1.8556E+02  1.1065E+00  2.9110E+00  2.1530E+01  4.2984E+00  7.4214E+00
  Ge   32    0  3.4315E+01  3.9016E+01  5.9276E+01  1.8960E+02  1.0457E+00  2.1453E+00  1.6282E+01  2.6376E+00  4.1522E+00
  As   33    0  3.5003E+01  4.0321E+01  1.1100E+02  3.8317E+02  1.0235E+00  1.8564E+00  1.4868E+01  2.0043E+00  2.9051E+00
  Se   34    0  4.1334E+01  3.9349E+01  8.6128E+01  2.9614E+02  1.0119E+00  1.5477E+00  1.1351E+01  1.5569E+00  2.0385E+00
  Br   35    0  3.4888E+01  3.4509E+01  7.3168E+01  3.2818E+02  1.0052E+00  1.3816E+00  8.9926E+00  1.3456E+00  1.6383E+00
  Kr   36    0  7.1773E+01  6.6914E+01  1.7800E+02  4.4153E+02  1.0141E+00  1.5906E+00  1.5808E+01  1.4964E+00  1.9065E+00
  Rb   37    0  7.4049E+01  4.5666E+01  3.2738E+02  7.5788E+02  1.0022E+00  1.2231E+00  7.6878E+00  1.1529E+00  1.2738E+00
  Sr   38    0  5.5502E+02  5.8539E+02  2.0749E+03  3.8380E+03  1.0420E+00  1.9995E+00  4.3281E+01  1.8208E+00  2.5135E+00
  Y    39    0  6.9731E+02  7.1386E+02  2.7559E+03  4.6625E+03  1.0183E+00  1.4001E+00  2.4654E+01  1.3741E+00  1.7214E+00
  Zr   40    0  2.4801E+03  1.2753E+03  5.0594E+03  4.7468E+03  9.7710E-01  1.1074E+00  1.0688E+01  1.1170E+00  1.2587E+00
  Nb   41    0  7.7721E+02  7.6388E+02  2.8960E+03  3.6468E+03  1.0015E+00  1.0718E+00  6.7776E+00  1.0771E+00  1.1548E+00
  Mo   42    0  1.1406E+03  1.3317E+03  6.0815E+03  3.3005E+03  1.1568E+00  1.1888E+00  3.9657E+00  1.1840E+00  1.2127E+00
  Xe   54    0  6.9202E+02  6.0131E+02  3.1209E+03  1.7818E+03  9.9832E-01  1.0109E+00  2.2031E+00  9.9860E-01  9.9949E-01
  Cs   55    0  5.4176E+02  5.2742E+02  2.4333E+03  1.5466E+03  9.9499E-01  1.0025E+00  1.7751E+00  9.8081E-01  9.6815E-01
  Ba   56    0  4.9201E+03  5.4245E+03  7.6176E+03  3.7179E+03  1.0091E+00  1.0380E+00  2.5089E+00  1.0928E+00  1.1752E+00
  La   57    0  7.0159E+03  8.2189E+03  7.5493E+03  3.0883E+03  1.0056E+00  1.0271E+00  1.6838E+00  1.0752E+00  1.1476E+00
  Ce   58    0  7.2883E+03  8.4641E+03  6.0599E+03  1.5272E+03  1.0026E+00  1.0158E+00  1.3089E+00  1.0411E+00  1.0825E+00
  Pr   59    0  1.5170E+04  6.0058E+03  2.5085E+04  8.0935E+02  9.9743E-01  1.0030E+00  1.1416E+00  1.0000E+00  1.0056E+00
  Nd   60    0  6.5603E+03  1.0082E+04  4.3231E+03  9.1933E+02  1.0012E+00  1.0101E+00  1.1792E+00  1.0234E+00  1.0477E+00
  Hg   80    0  6.7515E+03  9.1963E+03  3.5141E+03  7.3623E+02  1.0028E+00  1.0102E+00  1.1455E+00  1.0240E+00  1.0462E+00
  Tl   81    0  7.0177E+03  9.6703E+03  2.4797E+03  5.8719E+02  1.0017E+00  1.0086E+00  1.1168E+00  1.0206E+00  1.0409E+00
  Pb   82    0  1.8467E+04  3.1592E+04  2.2920E+03  2.3893E+02  1.0039E+00  1.0137E+00  1.1135E+00  1.0426E+00  1.0820E+00
  Bi   83    0  6.1976E+03  1.1803E+04  3.5464E+02  6.1189E+00  9.9927E-01  9.9847E-01  9.9823E-01  9.9358E-01  9.8773E-01
  ele   Z    A    013d000     015d000     020d000     025d000     030d000     040d000     060d000     080d000     120d000
  H     1    0  7.2314E-01  7.0380E-01  6.3896E-01  6.0162E-01  9.7778E-01  9.9929E-01  1.0021E+00  1.0046E+00  9.8728E-01
  He    2    0  1.6367E+00  1.4799E+00  1.5366E+00  1.4785E+00  9.7787E-01  9.9938E-01  1.0022E+00  1.0047E+00  9.8737E-01
  Li    3    0  1.7766E-03  3.5222E-03  1.1103E-02  1.1117E-02  9.7787E-01  9.9938E-01  1.0022E+00  1.0047E+00  9.8737E-01
  Be    4    0  1.7784E-03  3.5121E-03  1.1054E-02  1.1012E-02  9.7799E-01  9.9936E-01  1.0023E+00  1.0048E+00  9.8752E-01
  B     5    0  7.6769E-02  7.3422E-02  6.4968E-02  5.9811E-02  9.7799E-01  9.9937E-01  1.0023E+00  1.0049E+00  9.8749E-01
  C     6    0  3.2895E+03  4.7116E+03  5.1716E+03  5.6780E+03  9.7785E-01  9.9937E-01  1.0022E+00  1.0047E+00  9.8736E-01
  N     7    0  1.2896E+01  1.1535E+01  1.0786E+01  1.0596E+01  9.7787E-01  9.9938E-01  1.0022E+00  1.0047E+00  9.8737E-01
  O     8    0  1.2517E+03  3.0310E+03  3.8305E+03  5.6167E+03  9.7788E-01  9.9938E-01  1.0022E+00  1.0047E+00  9.8738E-01
  F     9    0  5.1760E-01  5.1147E-01  1.7517E+00  2.5214E+00  9.7786E-01  9.9937E-01  1.0022E+00  1.0047E+00  9.8736E-01
  Ne   10    0  8.9224E+02  1.5497E+03  2.1522E+04  2.4534E+04  9.7786E-01  9.9941E-01  1.0022E+00  1.0047E+00  9.8739E-01
  Na   11    0  1.2047E+02  1.8827E+02  4.9895E+03  4.7935E+03  9.7786E-01  9.9937E-01  1.0022E+00  1.0047E+00  9.8737E-01
  Mg   12    0  9.1136E+02  1.1220E+03  4.2605E+03  4.1590E+03  9.7787E-01  9.9937E-01  1.0022E+00  1.0047E+00  9.8736E-01
  Al   13    0  8.3470E+02  6.5123E+02  2.8890E+03  2.3382E+03  9.7787E-01  9.9936E-01  1.0022E+00  1.0047E+00  9.8737E-01
  Si   14    0  3.1650E+03  4.9276E+03  2.9170E+03  3.2753E+03  9.7788E-01  9.9939E-01  1.0022E+00  1.0047E+00  9.8737E-01
  P    15    0  2.5818E+03  1.5676E+03  2.0877E+03  1.9658E+03  9.7787E-01  9.9937E-01  1.0022E+00  1.0047E+00  9.8736E-01
  S    16    0  2.6375E+03  8.4355E+03  1.9957E+03  2.2140E+03  9.7787E-01  9.9937E-01  1.0022E+00  1.0047E+00  9.8737E-01
  Cl   17    0  4.7947E+02  1.6222E+03  3.4040E+02  3.2266E+02  9.7786E-01  9.9937E-01  1.0022E+00  1.0047E+00  9.8736E-01
  Ar   18    0  2.2500E+03  1.0294E+04  1.6719E+03  1.8614E+03  9.7788E-01  9.9939E-01  1.0022E+00  1.0047E+00  9.8734E-01
  K    19    0  8.2662E+02  5.8732E+03  6.3761E+02  4.1493E+02  9.7786E-01  9.9936E-01  1.0022E+00  1.0047E+00  9.8735E-01
  Ca   20    0  1.9862E+03  9.8913E+03  1.4647E+03  1.8325E+03  9.7787E-01  9.9940E-01  1.0022E+00  1.0048E+00  9.8738E-01
  Sc   21    0  1.9191E+02  1.9975E+03  1.2973E+02  1.5597E+02  9.7786E-01  9.9938E-01  1.0022E+00  1.0047E+00  9.8737E-01
  Ti   22    0  8.5158E+02  1.3013E+03  5.7944E+02  5.6177E+02  9.7787E-01  9.9938E-01  1.0022E+00  1.0047E+00  9.8737E-01
  V    23    0  6.4175E+02  8.1487E+02  6.2796E+02  1.1083E+02  9.7786E-01  9.9938E-01  1.0022E+00  1.0047E+00  9.8737E-01
  Cr   24    0  2.4424E+03  3.5002E+03  1.9665E+03  9.9422E+02  9.7789E-01  9.9939E-01  1.0022E+00  1.0047E+00  9.8739E-01
  Mn   25    0  8.9842E+02  9.9134E+02  8.3225E+02  1.7321E+02  9.7784E-01  9.9941E-01  1.0022E+00  1.0047E+00  9.8739E-01
  Fe   26    0  4.9510E+03  4.2940E+03  3.1136E+03  2.4574E+03  9.7784E-01  9.9940E-01  1.0022E+00  1.0048E+00  9.8737E-01
  Co   27    0  2.8597E+03  1.6161E+03  1.6409E+03  1.1936E+03  9.7786E-01  9.9937E-01  1.0022E+00  1.0047E+00  9.8735E-01
  Ni   28    0  7.8479E+03  6.8241E+03  4.9342E+03  3.9116E+03  9.7787E-01  9.9937E-01  1.0022E+00  1.0047E+00  9.8736E-01
  Cu   29    0  1.8670E+02  2.0941E+03  1.1354E+02  5.9607E+02  9.7786E-01  9.9938E-01  1.0022E+00  1.0047E+00  9.8736E-01
  Zn   30    0  9.9965E+02  3.0257E+03  6.2041E+02  1.4834E+03  9.7786E-01  9.9937E-01  1.0022E+00  1.0047E+00  9.8737E-01
  Ga   31    0  1.0785E+00  1.9487E+00  1.1440E+00  2.0359E+00  9.7786E-01  9.9938E-01  1.0022E+00  1.0047E+00  9.8736E-01
  Ge   32    0  1.0259E+00  1.5600E+00  1.0334E+00  1.5770E+00  9.7787E-01  9.9937E-01  1.0022E+00  1.0047E+00  9.8736E-01
  As   33    0  1.0266E+00  1.0617E+00  1.0309E+00  1.0740E+00  9.7785E-01  9.9937E-01  1.0022E+00  1.0047E+00  9.8738E-01
  Se   34    0  9.9965E-01  1.0537E+00  9.9917E-01  1.0769E+00  9.7787E-01  9.9937E-01  1.0022E+00  1.0047E+00  9.8737E-01
  Br   35    0  9.8263E-01  9.8489E-01  9.8842E-01  9.9521E-01  9.7786E-01  9.9939E-01  1.0022E+00  1.0047E+00  9.8734E-01
  Kr   36    0  9.9683E-01  9.9481E-01  1.0277E+00  1.0482E+00  9.7786E-01  9.9938E-01  1.0022E+00  1.0047E+00  9.8736E-01
  Rb   37    0  1.0090E+00  9.9918E-01  1.0032E+00  1.0040E+00  9.7785E-01  9.9937E-01  1.0022E+00  1.0047E+00  9.8737E-01
  Sr   38    0  1.0484E+00  1.0682E+00  1.1362E+00  1.1958E+00  9.7787E-01  9.9938E-01  1.0022E+00  1.0047E+00  9.8737E-01
  Y    39    0  1.0105E+00  1.0186E+00  1.0339E+00  1.0664E+00  9.7783E-01  9.9938E-01  1.0022E+00  1.0047E+00  9.8733E-01
  Zr   40    0  9.7064E-01  1.0239E+00  9.8364E-01  1.0050E+00  9.7788E-01  9.9937E-01  1.0022E+00  1.0047E+00  9.8738E-01
  Nb   41    0  9.3056E-01  9.0539E-01  9.1140E-01  9.0199E-01  9.7788E-01  9.9936E-01  1.0022E+00  1.0047E+00  9.8736E-01
  Mo   42    0  1.1935E+00  1.2108E+00  1.2277E+00  1.2459E+00  9.7785E-01  9.9936E-01  1.0022E+00  1.0047E+00  9.8736E-01
  Xe   54    0  9.6731E-01  9.4860E-01  9.5529E-01  9.4392E-01  9.7785E-01  9.9936E-01  1.0022E+00  1.0047E+00  9.8737E-01
  Cs   55    0  9.1847E-01  8.9306E-01  8.8327E-01  8.6544E-01  9.7783E-01  9.9941E-01  1.0022E+00  1.0048E+00  9.8735E-01
  Ba   56    0  9.8874E-01  9.7895E-01  1.0232E+00  1.0333E+00  9.7785E-01  9.9936E-01  1.0022E+00  1.0047E+00  9.8737E-01
  La   57    0  9.7686E-01  9.6237E-01  9.9072E-01  9.8848E-01  9.7786E-01  9.9939E-01  1.0022E+00  1.0047E+00  9.8734E-01
  Ce   58    0  9.7708E-01  9.6246E-01  9.8295E-01  9.7802E-01  9.7788E-01  9.9937E-01  1.0022E+00  1.0047E+00  9.8737E-01
  Pr   59    0  9.5455E-01  9.3946E-01  9.2759E-01  9.1219E-01  9.7786E-01  9.9938E-01  1.0022E+00  1.0047E+00  9.8737E-01
  Nd   60    0  9.9801E-01  1.0088E+00  1.0082E+00  1.0168E+00  9.7786E-01  9.9937E-01  1.0022E+00  1.0047E+00  9.8736E-01
  Hg   80    0  9.8876E-01  9.7206E-01  1.0115E+00  1.0098E+00  9.7787E-01  9.9937E-01  1.0022E+00  1.0047E+00  9.8737E-01
  Tl   81    0  9.6377E-01  9.4053E-01  9.7710E-01  9.7224E-01  9.7787E-01  9.9937E-01  1.0022E+00  1.0047E+00  9.8736E-01
  Pb   82    0  9.7740E-01  9.6144E-01  9.8954E-01  9.8678E-01  9.7787E-01  9.9938E-01  1.0022E+00  1.0047E+00  9.8736E-01
  Bi   83    0  9.6724E-01  9.4358E-01  9.6475E-01  9.5150E-01  9.7786E-01  9.9937E-01  1.0022E+00  1.0047E+00  9.8736E-01
  ele   Z    A    013d150     015d150     020d150     025d150     030d150     040d150     060d150     080d150     120d150
  H     1    0  5.9653E-01  5.5855E-01  5.5144E-01  5.1751E-01  9.0573E-01  9.4549E-01  9.5294E-01  9.3848E-01  7.3394E-01
  He    2    0  1.4807E+00  1.4400E+00  1.3761E+00  1.2989E+00  1.2985E+00  1.1723E+00  1.1488E+00  1.1945E+00  1.8421E+00
  Li    3    0  5.2407E-03  7.1996E-03  1.6625E-03  1.3155E-03  9.1956E-04  2.0716E-01  5.8184E-02  1.5717E-02  3.0723E-03
  Be    4    0  1.1948E-04  2.8529E-04  1.3680E-04  1.7189E-04  5.5331E-04  5.0320E-05  3.4076E-05  2.9776E-05  1.0892E-04
  B     5    0  9.4810E-03  1.2305E-02  5.8992E-03  4.3074E-03  4.1283E-03  6.4699E-04  6.2909E-04  1.1249E-03  4.5991E-03
  C     6    0  5.7414E+03  6.5902E+03  7.2574E+03  6.4217E+03  1.0274E+00  1.2487E-01  1.6592E-01  1.8405E-01  2.5338E-01
  N     7    0  4.4837E+03  1.9781E+03  4.4484E+03  5.6743E+03  5.9052E+01  1.5878E+01  1.5949E+01  1.8367E+01  4.4431E+01
  O     8    0  6.6202E+03  7.6538E+03  8.9324E+03  1.0496E+04  9.3459E-01  6.7391E-01  6.5942E-01  5.6031E-01  3.5634E-01
  F     9    0  1.8352E+04  2.3436E+05  1.1800E+05  1.8853E+04  4.5717E-01  6.2600E-01  6.4904E-01  5.4100E-01  2.7016E-01
  Ne   10    0  4.9194E+03  5.3928E+03  7.7373E+03  1.9612E+04  8.0556E-01  8.3759E-01  8.3537E-01  7.7950E-01  4.7737E-01
  Na   11    0  4.5440E+02  5.2022E+02  1.1497E+03  2.9561E+03  4.4418E+00  3.9836E+00  3.4558E+00  3.4979E+00  1.9101E+00
  Mg   12    0  1.4981E+03  8.4226E+02  2.8679E+03  4.2146E+03  1.0501E+00  1.0441E+00  1.0099E+00  9.8698E-01  5.7920E-01
  Al   13    0  1.0905E+03  4.1960E+02  1.8887E+03  3.8021E+03  2.0581E+00  2.0381E+00  2.7112E+00  3.6440E+00  5.9340E+00
  Si   14    0  4.1977E+03  8.2296E+03  5.5674E+03  5.4791E+03  1.0472E+00  1.0256E+00  1.0460E+00  1.0896E+00  1.7106E+00
  P    15    0  1.8688E+03  3.3616E+03  3.4504E+03  4.4525E+03  1.0136E+00  1.0071E+00  1.0062E+00  1.0084E+00  1.0452E+00
  S    16    0  4.4724E+03  1.5078E+04  4.8343E+03  4.3237E+03  1.0001E+00  9.9999E-01  1.0000E+00  9.9999E-01  1.0000E+00
  Cl   17    0  6.5126E+02  5.0237E+03  7.0034E+02  7.2513E+02  1.0004E+00  1.0000E+00  1.0000E+00  9.9999E-01  1.0003E+00
  Ar   18    0  4.2133E+03  1.5169E+04  4.2948E+03  3.8462E+03  1.0001E+00  1.0000E+00  1.0000E+00  1.0000E+00  9.9996E-01
  K    19    0  1.4441E+03  1.4357E+04  1.2695E+03  1.1518E+03  1.0005E+00  9.9998E-01  1.0000E+00  9.9998E-01  1.0003E+00
  Ca   20    0  3.8913E+03  8.3603E+03  3.9793E+03  3.6678E+03  1.0001E+00  9.9997E-01  9.9997E-01  9.9997E-01  9.9999E-01
  Sc   21    0  4.8316E+02  1.6024E+03  4.0217E+02  4.3463E+02  1.0006E+00  1.0000E+00  1.0000E+00  1.0000E+00  1.0022E+00
  Ti   22    0  1.1978E+03  1.2678E+03  9.9921E+02  8.4505E+02  1.0001E+00  1.0000E+00  1.0000E+00  1.0000E+00  1.0001E+00
  V    23    0  6.8003E+02  9.9042E+02  3.1803E+02  1.8905E+02  1.0001E+00  1.0000E+00  1.0000E+00  9.9998E-01  1.0000E+00
  Cr   24    0  3.3316E+03  3.8190E+03  2.8949E+03  1.7952E+03  1.0001E+00  9.9997E-01  1.0000E+00  9.9997E-01  9.9998E-01
  Mn   25    0  9.1511E+02  1.2069E+03  5.0294E+02  2.7402E+02  1.0001E+00  9.9996E-01  9.9996E-01  9.9996E-01  9.9996E-01
  Fe   26    0  5.1914E+03  4.3847E+03  3.2620E+03  2.5494E+03  1.0001E+00  9.9999E-01  9.9999E-01  9.9999E-01  1.0000E+00
  Co   27    0  1.7827E+03  1.9121E+03  8.8939E+02  8.6269E+02  1.0005E+00  1.0000E+00  1.0000E+00  1.0000E+00  1.0008E+00
  Ni   28    0  8.2425E+03  6.9604E+03  5.1845E+03  4.0763E+03  1.0001E+00  9.9999E-01  1.0000E+00  9.9999E-01  1.0001E+00
  Cu   29    0  3.4155E+03  5.7971E+02  1.2936E+03  1.5439E+03  1.0008E+00  1.0000E+00  1.0000E+00  1.0000E+00  1.0043E+00
  Zn   30    0  3.3153E+03  1.2814E+03  1.2186E+03  1.8773E+03  1.0002E+00  1.0000E+00  1.0000E+00  1.0000E+00  1.0015E+00
  Ga   31    0  2.2375E+01  2.0534E+01  5.8673E+01  6.0685E+01  1.0003E+00  9.9998E-01  1.0000E+00  9.9998E-01  1.0031E+00
  Ge   32    0  1.7376E+01  1.4642E+01  5.1189E+01  4.1179E+01  1.0002E+00  9.9999E-01  1.0000E+00  9.9999E-01  1.0016E+00
  As   33    0  1.6055E+01  1.3228E+01  5.0086E+01  3.8288E+01  1.0001E+00  1.0000E+00  1.0000E+00  1.0000E+00  1.0010E+00
  Se   34    0  1.9724E+01  1.3999E+01  5.7155E+01  2.0351E+01  1.0001E+00  1.0000E+00  1.0000E+00  1.0000E+00  1.0006E+00
  Br   35    0  1.8711E+01  1.3104E+01  5.5371E+01  1.5659E+01  1.0001E+00  9.9998E-01  1.0000E+00  9.9998E-01  1.0004E+00
  Kr   36    0  2.0877E+01  1.1572E+01  9.1798E+01  1.2046E+01  1.0001E+00  1.0000E+00  1.0000E+00  1.0000E+00  1.0005E+00
  Rb   37    0  2.5987E+01  1.5057E+01  1.6149E+02  9.2267E+00  1.0001E+00  9.9996E-01  9.9997E-01  9.9997E-01  1.0001E+00
  Sr   38    0  4.2103E+01  2.0416E+01  8.8357E+01  1.5629E+01  1.0003E+00  1.0000E+00  1.0000E+00  9.9999E-01  1.0008E+00
  Y    39    0  3.4848E+01  1.5996E+01  7.5989E+01  8.6944E+00  1.0001E+00  1.0000E+00  1.0000E+00  1.0000E+00  1.0003E+00
  Zr   40    0  2.0551E+01  8.6248E+00  5.3555E+01  3.9644E+00  9.7068E-01  9.7055E-01  9.7055E-01  9.7055E-01  9.7069E-01
  Nb   41    0  1.4431E+01  5.3834E+00  3.7257E+01  2.2631E+00  1.0001E+00  1.0000E+00  1.0000E+00  1.0000E+00  1.0001E+00
  Mo   42    0  9.7812E+00  3.1966E+00  2.2405E+01  1.9602E+00  1.1564E+00  1.1562E+00  1.1562E+00  1.1562E+00  1.1563E+00
  Xe   54    0  4.9278E+00  1.8434E+00  2.1511E+01  1.1572E+00  1.0001E+00  1.0000E+00  1.0000E+00  1.0000E+00  1.0000E+00
  Cs   55    0  3.4233E+00  1.5506E+00  1.8109E+01  1.0524E+00  1.0001E+00  1.0000E+00  1.0000E+00  1.0000E+00  1.0000E+00
  Ba   56    0  7.1536E+00  2.3465E+00  1.4747E+01  1.7834E+00  1.0002E+00  9.9998E-01  9.9999E-01  9.9998E-01  1.0001E+00
  La   57    0  4.3848E+00  1.7638E+00  8.3155E+00  1.6463E+00  1.0001E+00  1.0000E+00  1.0000E+00  1.0000E+00  1.0001E+00
  Ce   58    0  2.5177E+00  1.3414E+00  5.5602E+00  1.3688E+00  1.0001E+00  1.0000E+00  1.0000E+00  1.0000E+00  1.0000E+00
  Pr   59    0  1.8538E+00  1.1311E+00  2.8201E+01  1.0961E+00  1.0001E+00  1.0000E+00  1.0000E+00  1.0000E+00  1.0000E+00
  Nd   60    0  1.8748E+00  1.2089E+00  2.0565E+00  1.4023E+00  1.0001E+00  1.0000E+00  1.0000E+00  1.0000E+00  1.0000E+00
  Hg   80    0  1.5609E+00  1.1288E+00  2.1231E+00  1.1614E+00  1.0001E+00  9.9999E-01  1.0000E+00  9.9999E-01  1.0000E+00
  Tl   81    0  1.3324E+00  1.0540E+00  1.6308E+00  1.1272E+00  1.0001E+00  1.0000E+00  1.0000E+00  9.9999E-01  1.0000E+00
  Pb   82    0  1.3160E+00  1.1856E+00  1.7258E+00  1.2798E+00  1.0001E+00  1.0000E+00  1.0000E+00  1.0000E+00  1.0000E+00
  Bi   83    0  9.0899E-01  8.9789E-01  1.0059E+00  8.9541E-01  1.0001E+00  9.9999E-01  1.0000E+00  9.9999E-01  9.9999E-01
  ele   Z    A    013d300     015d300     020d300     025d300     030d300     040d300     060d300     080d300     120d300
  H     1    0  5.4239E-01  5.2283E-01  5.1545E-01  4.7763E-01  9.0911E-01  9.4421E-01  9.3238E-01  8.4490E-01  7.9678E-01
  He    2    0  1.4805E+00  1.4856E+00  1.5062E+00  1.0266E+00  1.2876E+00  1.1763E+00  1.2139E+00  1.4868E+00  1.6431E+00
  Li    3    0  1.5223E-03  1.2356E-03  1.5836E-02  3.1476E-04  3.9543E-02  1.5204E-01  1.6183E-01  4.4956E-04  2.2629E-04
  Be    4    0  5.6584E-05  2.1568E-04  8.1386E-05  3.8074E-05  5.2176E-05  2.5680E-05  1.5841E-05  1.8068E-05  6.8518E-05
  B     5    0  4.2245E-04  7.3497E-04  2.2379E-04  1.3416E-04  1.7851E-04  9.4629E-05  4.5402E-05  4.9777E-05  1.6347E-04
  C     6    0  7.2359E+03  7.5906E+03  8.4977E+03  1.0563E+04  4.2139E-02  4.6800E-02  4.7691E-02  1.5770E+01  1.3984E-01
  N     7    0  1.7889E+04  1.7362E+04  1.2146E+03  1.3169E+03  1.8713E+01  1.7549E+01  1.9139E+01  1.1289E+03  4.5043E+01
  O     8    0  6.9740E+03  7.2911E+03  8.4214E+03  1.3460E+04  5.8718E-01  6.3121E-01  5.6913E-01  1.0430E+01  3.5010E-01
  F     9    0  7.2783E+03  7.9434E+03  1.5237E+04  6.8380E+04  4.0348E-01  5.2046E-01  4.5352E-01  5.4748E-01  3.0259E-01
  Ne   10    0  9.4554E+03  7.3422E+03  7.2387E+03  2.9898E+04  7.8860E-01  8.2237E-01  7.7192E-01  2.0511E+00  5.9923E-01
  Na   11    0  5.9130E+03  3.5426E+03  2.6817E+03  7.0413E+03  5.0971E+00  4.5591E+00  4.0346E+00  5.6134E+00  2.8682E+00
  Mg   12    0  2.0218E+03  1.7290E+03  2.2098E+03  5.7486E+03  1.0747E+00  1.0485E+00  1.0337E+00  8.9556E-01  7.3564E-01
  Al   13    0  3.7594E+03  3.2054E+03  3.8599E+03  5.7805E+03  1.9169E+00  2.0436E+00  3.2607E+00  3.2952E+00  5.3579E+00
  Si   14    0  6.7252E+03  9.8199E+03  6.7465E+03  7.1996E+03  1.0288E+00  1.0242E+00  1.0584E+00  1.2842E+00  1.4530E+00
  P    15    0  1.2203E+04  1.6767E+04  1.6376E+04  6.8945E+03  1.0122E+00  1.0071E+00  1.0088E+00  1.1015E+00  1.0381E+00
  S    16    0  1.0644E+04  1.3039E+04  7.4834E+03  5.8653E+03  1.0000E+00  9.9998E-01  1.0000E+00  1.0002E+00  1.0000E+00
  Cl   17    0  4.6594E+03  8.3462E+03  3.2722E+03  1.2426E+03  1.0000E+00  9.9998E-01  1.0000E+00  1.0167E+00  1.0005E+00
  Ar   18    0  1.2266E+04  1.2987E+04  6.6251E+03  5.1318E+03  1.0000E+00  9.9995E-01  1.0000E+00  9.9896E-01  9.9996E-01
  K    19    0  1.1719E+04  3.3005E+04  4.5151E+03  1.6962E+03  1.0000E+00  9.9998E-01  1.0000E+00  1.0134E+00  1.0006E+00
  Ca   20    0  1.0297E+04  8.2813E+03  4.8608E+03  4.7700E+03  1.0000E+00  9.9997E-01  1.0000E+00  9.9952E-01  9.9999E-01
  Sc   21    0  4.5743E+03  2.9103E+04  6.9646E+02  5.5313E+02  1.0000E+00  9.9998E-01  1.0000E+00  1.1937E+00  1.0044E+00
  Ti   22    0  2.4593E+03  4.1278E+03  1.2895E+03  8.0216E+02  1.0000E+00  9.9998E-01  1.0000E+00  1.0176E+00  1.0003E+00
  V    23    0  3.8445E+03  2.0670E+04  1.7122E+03  2.3501E+02  1.0000E+00  9.9998E-01  1.0000E+00  1.0051E+00  1.0001E+00
  Cr   24    0  5.1851E+03  1.4802E+04  2.8762E+03  1.5977E+03  1.0000E+00  9.9997E-01  1.0000E+00  9.9973E-01  9.9998E-01
  Mn   25    0  3.7324E+03  2.0062E+04  1.8045E+03  3.2869E+02  1.0001E+00  9.9996E-01  1.0001E+00  9.9849E-01  1.0001E+00
  Fe   26    0  5.3715E+03  6.6669E+03  3.4176E+03  2.6072E+03  9.9999E-01  9.9999E-01  9.9999E-01  9.9884E-01  1.0000E+00
  Co   27    0  2.9144E+03  1.4200E+03  1.5404E+03  8.9678E+02  1.0000E+00  9.9998E-01  1.0000E+00  1.0291E+00  1.0010E+00
  Ni   28    0  8.4972E+03  1.0558E+04  5.4218E+03  4.1919E+03  1.0000E+00  9.9997E-01  1.0000E+00  1.0076E+00  1.0002E+00
  Cu   29    0  3.2984E+02  8.1243E+01  1.4215E+02  9.1866E+02  1.0000E+00  9.9998E-01  1.0000E+00  1.4443E+00  1.0089E+00
  Zn   30    0  1.4422E+03  2.5713E+02  5.1193E+02  1.0595E+03  1.0000E+00  9.9998E-01  1.0000E+00  1.2647E+00  1.0042E+00
  Ga   31    0  7.9912E+01  8.4321E+01  6.7899E+01  2.8193E+02  1.0000E+00  9.9998E-01  1.0000E+00  2.1032E+00  1.0139E+00
  Ge   32    0  7.4831E+01  7.3323E+01  6.2101E+01  2.5365E+02  1.0000E+00  9.9998E-01  1.0000E+00  1.8107E+00  1.0088E+00
  As   33    0  1.1898E+02  1.1763E+02  9.4805E+01  3.5516E+02  1.0000E+00  1.0000E+00  1.0000E+00  1.7283E+00  1.0069E+00
  Se   34    0  1.0448E+02  9.7635E+01  9.3991E+01  2.5106E+02  1.0000E+00  9.9997E-01  1.0000E+00  1.5373E+00  1.0046E+00
  Br   35    0  8.7320E+01  7.8635E+01  7.6185E+01  2.5483E+02  1.0000E+00  9.9998E-01  1.0000E+00  1.4126E+00  1.0033E+00
  Kr   36    0  1.5972E+02  1.5078E+02  1.3771E+02  2.4540E+02  1.0000E+00  9.9997E-01  1.0000E+00  1.7456E+00  1.0053E+00
  Rb   37    0  2.1231E+02  2.0029E+02  1.8749E+02  3.1389E+02  9.9996E-01  9.9996E-01  9.9998E-01  1.3316E+00  1.0020E+00
  Sr   38    0  1.4101E+03  1.4285E+03  1.4025E+03  4.8150E+02  1.0000E+00  1.0000E+00  1.0000E+00  2.9454E+00  1.0097E+00
  Y    39    0  1.8965E+03  1.8356E+03  1.8693E+03  3.4945E+02  1.0000E+00  9.9995E-01  1.0000E+00  2.0112E+00  1.0041E+00
  Zr   40    0  3.0219E+03  3.2310E+03  3.9474E+03  1.5149E+02  9.7056E-01  9.7054E-01  9.7060E-01  1.3570E+00  9.7193E-01
  Nb   41    0  1.7512E+03  1.6411E+03  1.9229E+03  8.3104E+01  1.0000E+00  9.9997E-01  1.0000E+00  1.2198E+00  1.0006E+00
  Mo   42    0  3.3263E+03  3.6688E+03  5.9219E+03  3.6478E+01  1.1562E+00  1.1562E+00  1.1562E+00  1.2571E+00  1.1566E+00
  Xe   54    0  1.4276E+03  1.3600E+03  1.7415E+03  1.7943E+01  1.0000E+00  9.9997E-01  1.0000E+00  1.0419E+00  1.0001E+00
  Cs   55    0  1.2362E+03  1.1985E+03  1.6830E+03  1.5003E+01  1.0000E+00  1.0000E+00  1.0000E+00  1.0268E+00  9.9992E-01
  Ba   56    0  5.5854E+03  5.6645E+03  8.1987E+03  2.1352E+01  9.9999E-01  9.9998E-01  9.9999E-01  1.0531E+00  1.0003E+00
  La   57    0  7.9161E+03  6.5553E+03  9.5202E+03  1.1678E+01  1.0000E+00  1.0000E+00  1.0000E+00  1.0253E+00  1.0002E+00
  Ce   58    0  5.5073E+03  5.1672E+03  8.3167E+03  6.0400E+00  1.0000E+00  9.9998E-01  1.0000E+00  1.0124E+00  1.0001E+00
  Pr   59    0  5.2247E+03  6.8670E+03  9.8259E+03  6.7115E+00  1.0000E+00  9.9998E-01  1.0000E+00  1.0057E+00  1.0000E+00
  Nd   60    0  4.2284E+03  4.4627E+03  9.0207E+03  3.8260E+00  1.0000E+00  9.9998E-01  1.0000E+00  1.0077E+00  1.0001E+00
  Hg   80    0  4.0443E+03  5.0346E+03  9.8562E+03  2.9438E+00  1.0000E+00  9.9998E-01  1.0000E+00  1.0065E+00  1.0001E+00
  Tl   81    0  3.8377E+03  3.6116E+03  6.0199E+03  2.5103E+00  1.0000E+00  9.9998E-01  1.0000E+00  1.0055E+00  1.0000E+00
  Pb   82    0  4.6422E+03  4.3744E+03  7.2484E+03  2.4866E+00  1.0000E+00  9.9996E-01  1.0000E+00  1.0059E+00  1.0001E+00
  Bi   83    0  7.2156E+02  6.8912E+02  9.1696E+02  9.8442E-01  1.0000E+00  9.9998E-01  1.0000E+00  9.9999E-01  9.9998E-01
