 ele  Z   A   PFAv000     PFAv150     PFAv300     PFBv000     PFBv150     PFBv300     PFCv000     PFCv150     PFCv300     PFDv000     PFDv150     PFDv300      YAv000      YAv150      YAv300      YBv000      YBv150      YBv300      YCv000      YCv150      YCv300      YDv000      YDv150      YDv300     PFAvavg     PFBvavg     PFCvavg     PFDvavg      YAvavg      YBvavg      YCvavg      YDvavg       iniA        iniB        iniC        iniD 
  H     1    0  6.7860E-01  5.4794E-01  4.5971E-01  7.0778E-01  5.6688E-01  5.4948E-01  6.6575E-01  6.4433E-01  6.2437E-01  6.5617E-01  6.6590E-01  6.5755E-01  3.8976E-01  3.0315E-01  2.6151E-01  3.0301E-01  2.7106E-01  2.8021E-01  2.0108E-01  2.8193E-01  2.8689E-01  1.8924E-01  2.7336E-01  2.9080E-01  6.7859E-01  7.0777E-01  6.6575E-01  6.5617E-01  3.8976E-01  3.0301E-01  2.0109E-01  1.8924E-01  7.2158E-01  7.4679E-01  7.5971E-01  7.6000E-01
  He    2    0  1.6312E+00  1.7448E+00  1.9552E+00  1.5112E+00  1.6486E+00  1.6729E+00  1.5490E+00  1.4557E+00  1.4089E+00  1.5143E+00  1.3542E+00  1.3522E+00  3.4412E-01  3.5456E-01  4.0852E-01  2.1660E-01  2.6393E-01  2.8562E-01  1.4782E-01  2.0124E-01  2.0453E-01  1.3793E-01  1.7557E-01  1.8886E-01  1.6312E+00  1.5112E+00  1.5490E+00  1.5143E+00  3.4412E-01  2.1660E-01  1.4783E-01  1.3793E-01  2.6503E-01  2.5003E-01  2.4003E-01  2.4003E-01
  Li    3    0  1.3391E-02  2.6454E-03  1.8858E-03  1.6864E-02  1.4822E-01  1.2582E-01  2.0776E-02  1.2029E-01  5.4059E-02  9.9014E-03  2.9823E-02  3.6725E-02  9.6592E-11  1.8381E-11  1.3472E-11  1.9816E-11  1.9452E-10  1.7611E-10  1.6930E-11  1.4200E-10  6.7017E-11  7.7012E-12  3.3018E-11  4.3802E-11  1.3390E-02  1.6872E-02  2.0784E-02  9.9029E-03  9.6588E-11  1.9825E-11  1.6937E-11  7.7025E-12  9.0621E-09  2.0497E-09  2.0497E-09  2.0497E-09
  Be    4    0  2.1603E-02  3.8065E-03  2.8945E-03  2.1560E-02  2.0471E-03  1.0249E-03  2.1891E-02  2.7995E-04  1.5367E-04  9.8540E-03  1.5063E-04  7.8128E-05  2.7322E-12  4.6374E-13  3.6256E-13  1.9839E-13  2.1039E-14  1.1233E-14  1.3969E-14  2.5880E-16  1.4918E-16  6.0018E-16  1.3059E-17  7.2972E-18  2.1603E-02  2.1559E-02  2.1889E-02  9.8533E-03  2.7321E-12  1.9838E-13  1.3969E-14  6.0015E-16  1.5889E-10  1.6051E-11  1.6051E-12  1.6051E-13
  B     5    0  1.7589E-01  5.5596E-02  2.7141E-02  1.8645E-01  3.7746E-02  1.1102E-02  1.1811E-01  1.1376E-02  8.9317E-04  6.8850E-02  5.6826E-03  2.6516E-04  5.5779E-10  1.6983E-10  8.5245E-11  4.3019E-11  9.7273E-12  3.0511E-12  1.8898E-12  2.6371E-13  2.1742E-14  1.0515E-13  1.2354E-14  6.2099E-16  1.7588E-01  1.8645E-01  1.1810E-01  6.8845E-02  5.5777E-10  4.3017E-11  1.8897E-12  1.0514E-13  3.9841E-09  4.0247E-10  4.0247E-11  4.0247E-12
  C     6    0  6.4047E+00  1.5565E+01  1.5192E+01  3.4672E+01  6.4401E+01  5.8816E+01  4.8397E+02  5.0031E+02  4.1928E+02  4.9832E+03  4.5169E+03  5.3818E+03  1.2133E-02  2.8403E-02  2.8502E-02  8.8072E-03  1.8272E-02  1.7796E-02  8.5258E-03  1.2768E-02  1.1236E-02  8.3787E-03  1.0811E-02  1.3876E-02  6.4052E+00  3.4674E+01  4.8397E+02  4.9831E+03  1.2134E-02  8.8077E-03  8.5260E-03  8.3788E-03  2.3799E-03  4.4310E-04  4.4310E-05  4.4310E-06
  N     7    0  5.1666E+00  7.0613E+00  9.3620E+00  1.0469E+01  6.3332E+01  4.5984E+01  9.8660E+00  4.4940E+02  3.5608E+02  1.1132E+01  2.7461E+03  4.7260E+03  2.8661E-03  3.7732E-03  5.1436E-03  4.1819E-04  2.8257E-03  2.1880E-03  2.7332E-05  1.8036E-03  1.5007E-03  2.9435E-06  1.0336E-03  1.9163E-03  5.1667E+00  1.0472E+01  9.8999E+00  1.1339E+01  2.8661E-03  4.1832E-04  2.7427E-05  2.9984E-06  6.9691E-04  6.9682E-05  6.9682E-06  6.9682E-07
  O     8    0  5.9622E+00  1.3053E+01  1.3457E+01  2.5635E+01  5.1510E+01  4.9590E+01  3.2050E+02  5.2896E+02  5.8852E+02  3.8155E+03  5.8989E+03  5.7612E+03  2.7386E-02  5.7754E-02  6.1217E-02  3.0086E-02  6.7521E-02  6.9324E-02  2.6085E-02  6.2369E-02  7.2869E-02  2.9640E-02  6.5230E-02  6.8631E-02  5.9625E+00  2.5637E+01  3.2051E+02  3.8156E+03  2.7388E-02  3.0088E-02  2.6087E-02  2.9642E-02  5.7706E-03  2.0472E-03  2.0472E-04  2.0472E-05
  F     9    0  5.7993E-01  1.6442E+01  9.3354E+00  9.1153E-01  1.9058E+02  2.1630E+02  7.8835E-01  1.0353E+03  1.7668E+03  1.4845E+00  7.8124E+04  1.6245E+04  2.3443E-07  6.4024E-06  3.7375E-06  2.6534E-08  6.1963E-06  7.4998E-06  1.5915E-09  3.0277E-06  5.4260E-06  2.8604E-10  2.1428E-05  4.8000E-06  5.8074E-01  9.2280E-01  8.6806E-01  7.3996E+00  2.3476E-07  2.6862E-08  1.7525E-09  1.4258E-09  5.0785E-07  5.0778E-08  5.0778E-09  5.0778E-10
  Ne   10    0  8.9640E+00  4.7510E+00  6.3428E+00  9.2373E+01  7.3282E+01  8.1091E+01  1.4561E+03  5.5617E+02  9.8678E+02  1.4684E+04  6.6717E+03  8.2987E+03  9.0038E-03  4.5968E-03  6.3098E-03  6.6812E-03  5.9202E-03  6.9864E-03  7.3038E-03  4.0415E-03  7.5300E-03  7.0303E-03  4.5468E-03  6.0927E-03  8.9637E+00  9.2371E+01  1.4560E+03  1.4684E+04  9.0036E-03  6.6812E-03  7.3036E-03  7.0302E-03  1.2619E-03  1.2617E-04  1.2617E-05  1.2617E-06
  Na   11    0  9.1052E+00  5.8745E+00  7.9090E+00  3.8723E+01  2.6185E+01  4.4559E+01  3.4614E+02  9.9628E+01  3.0131E+02  3.1153E+03  9.2760E+02  2.7201E+03  2.1325E-04  1.3253E-04  1.8346E-04  6.5309E-05  4.9326E-05  8.9516E-05  4.0486E-05  1.6881E-05  5.3615E-05  3.4778E-05  1.4741E-05  4.6566E-05  9.1051E+00  3.8722E+01  3.4612E+02  3.1151E+03  2.1325E-04  6.5308E-05  4.0485E-05  3.4777E-05  2.9424E-05  2.9420E-06  2.9420E-07  2.9420E-08
  Mg   12    0  4.2793E+00  3.1743E+00  3.5299E+00  2.2991E+01  1.9247E+01  2.2109E+01  3.1711E+02  1.6559E+02  2.9750E+02  3.0244E+03  1.6902E+03  1.8474E+03  2.4278E-03  1.7348E-03  1.9835E-03  1.6703E-03  1.5618E-03  1.9133E-03  1.5977E-03  1.2087E-03  2.2803E-03  1.4544E-03  1.1570E-03  1.3623E-03  4.2792E+00  2.2991E+01  3.1709E+02  3.0243E+03  2.4278E-03  1.6703E-03  1.5977E-03  1.4544E-03  7.1276E-04  1.2673E-04  1.2673E-05  1.2673E-06
  Al   13    0  5.3668E+00  3.3690E+00  4.1148E+00  3.3708E+01  3.3089E+01  3.0611E+01  2.6231E+02  1.8806E+02  2.6060E+02  1.9155E+03  1.2754E+03  2.5891E+03  2.3931E-04  1.4471E-04  1.8172E-04  1.0824E-04  1.1867E-04  1.1708E-04  5.8415E-05  6.0670E-05  8.8286E-05  4.0714E-05  3.8588E-05  8.4387E-05  5.3667E+00  3.3708E+01  2.6231E+02  1.9155E+03  2.3930E-04  1.0824E-04  5.8415E-05  4.0714E-05  5.6020E-05  5.6013E-06  5.6013E-07  5.6013E-08
  Si   14    0  5.8668E+00  9.0858E+00  1.1559E+01  2.7775E+01  3.7180E+01  6.5550E+01  3.2724E+02  4.4678E+02  7.1291E+02  3.5914E+03  4.1633E+03  4.8121E+03  3.1269E-03  4.6647E-03  6.1017E-03  2.7401E-03  4.0969E-03  7.7029E-03  2.2389E-03  4.4283E-03  7.4201E-03  2.3452E-03  3.8700E-03  4.8188E-03  5.8670E+00  2.7776E+01  3.2725E+02  3.5914E+03  3.1270E-03  2.7402E-03  2.2390E-03  2.3453E-03  6.6960E-04  1.7209E-04  1.7209E-05  1.7209E-06
  P    15    0  5.8003E+00  9.6667E+00  1.2664E+01  4.0493E+01  5.9919E+01  1.1968E+02  2.7066E+02  3.9007E+02  9.8457E+02  1.9545E+03  2.3829E+03  8.4782E+03  2.7083E-05  4.3478E-05  5.8563E-05  1.3615E-05  2.2503E-05  4.7932E-05  6.3112E-06  1.3177E-05  3.4926E-05  4.3499E-06  7.5493E-06  2.8935E-05  5.8005E+00  4.0494E+01  2.7067E+02  1.9545E+03  2.7084E-05  1.3615E-05  6.3116E-06  4.3501E-06  5.8660E-06  5.8652E-07  5.8652E-08  5.8652E-09
  S    16    0  4.6933E+00  8.1694E+00  1.1343E+01  2.1112E+01  4.4032E+01  1.1608E+02  2.4402E+02  6.7041E+02  1.2735E+03  3.9121E+03  5.1260E+03  5.5707E+03  1.1635E-03  1.9509E-03  2.7851E-03  8.4380E-04  1.9656E-03  5.5260E-03  6.7638E-04  2.6920E-03  5.3700E-03  1.0350E-03  1.9304E-03  2.2599E-03  4.6935E+00  2.1114E+01  2.4406E+02  3.9122E+03  1.1636E-03  8.4386E-04  6.7649E-04  1.0350E-03  3.1146E-04  6.9718E-05  6.9718E-06  6.9718E-07
  Cl   17    0  1.9396E+00  3.3256E+00  4.4824E+00  8.1031E+00  1.6974E+01  6.0344E+01  4.4350E+01  2.3494E+02  5.6901E+02  7.0711E+02  1.3096E+03  2.6913E+03  1.2754E-05  2.1064E-05  2.9190E-05  3.8368E-06  8.9767E-06  3.4034E-05  1.4564E-06  1.1176E-05  2.8425E-05  2.2162E-06  5.8428E-06  1.2935E-05  1.9397E+00  8.1036E+00  4.4365E+01  7.0716E+02  1.2754E-05  3.8371E-06  1.4569E-06  2.2164E-06  8.2607E-06  8.2596E-07  8.2596E-08  8.2596E-09
  Ar   18    0  4.0138E+00  6.8424E+00  1.0078E+01  1.6255E+01  4.7013E+01  1.5793E+02  2.0088E+02  8.0816E+02  1.5786E+03  4.1856E+03  4.9134E+03  5.3506E+03  2.1451E-04  3.5224E-04  5.3341E-04  1.4005E-04  4.5241E-04  1.6207E-03  1.2003E-04  6.9954E-04  1.4349E-03  2.3870E-04  3.9887E-04  4.6792E-04  4.0139E+00  1.6257E+01  2.0093E+02  4.1857E+03  2.1451E-04  1.4007E-04  1.2006E-04  2.3871E-04  6.7141E-05  1.5029E-05  1.5029E-06  1.5029E-07
  K    19    0  1.8756E+00  3.6026E+00  6.7939E+00  9.1310E+00  4.2626E+01  2.4470E+02  7.0364E+01  9.5372E+02  2.1280E+03  2.0610E+03  3.3776E+03  7.8319E+03  4.6089E-06  8.5273E-06  1.6534E-05  1.6157E-06  8.4246E-06  5.1577E-05  8.6349E-07  1.6955E-05  3.9726E-05  2.4141E-06  5.6313E-06  1.4067E-05  1.8757E+00  9.1330E+00  7.0432E+01  2.0611E+03  4.6091E-06  1.6161E-06  8.6435E-07  2.4142E-06  3.0871E-06  3.0867E-07  3.0867E-08  3.0867E-09
  Ca   20    0  3.1737E+00  4.3087E+00  6.8075E+00  1.2089E+01  4.8900E+01  1.2842E+02  1.7414E+02  8.9041E+02  1.4070E+03  3.9650E+03  3.4689E+03  3.9461E+03  1.6322E-04  2.1344E-04  3.4674E-04  1.0023E-04  4.5282E-04  1.2682E-03  1.0012E-04  7.4166E-04  1.2307E-03  2.1759E-04  2.7098E-04  3.3208E-04  3.1738E+00  1.2091E+01  1.7419E+02  3.9650E+03  1.6322E-04  1.0025E-04  1.0016E-04  2.1759E-04  6.4609E-05  1.4462E-05  1.4462E-06  1.4462E-07
  Sc   21    0  3.2458E+00  7.0815E+00  1.0027E+01  1.0927E+01  3.0341E+01  3.6962E+01  1.9682E+01  2.7049E+02  2.4147E+02  6.6473E+02  5.1444E+02  5.6685E+03  1.2089E-07  2.5407E-07  3.6990E-07  2.9309E-08  9.0897E-08  1.1809E-07  3.6611E-09  7.2891E-08  6.8332E-08  1.1802E-08  1.3001E-08  1.5433E-07  3.2460E+00  1.0928E+01  1.9701E+01  6.6472E+02  1.2090E-07  2.9312E-08  3.6648E-09  1.1802E-08  4.6794E-08  4.6788E-09  4.6788E-10  4.6788E-11
  Ti   22    0  2.0411E+00  2.5120E+00  3.5031E+00  6.0792E+00  9.8342E+00  3.3447E+01  6.2628E+01  9.4940E+01  2.8156E+02  8.0201E+02  7.1135E+02  1.2973E+03  5.1079E-06  6.0554E-06  8.6826E-06  2.1859E-06  3.9495E-06  1.4325E-05  1.5617E-06  3.4297E-06  1.0681E-05  1.9088E-06  2.4100E-06  4.7350E-06  2.0411E+00  6.0794E+00  6.2630E+01  8.0200E+02  5.1080E-06  2.1860E-06  1.5618E-06  1.9089E-06  3.1440E-06  6.2722E-07  6.2722E-08  6.2722E-09
  V    23    0  2.2163E+00  7.2142E+00  7.8265E+00  7.8731E+00  1.0493E+01  5.1126E+01  5.5592E+01  7.4074E+01  3.7906E+02  5.4574E+02  3.4535E+02  4.3093E+03  5.6371E-07  1.7675E-06  1.9716E-06  1.4420E-07  2.1466E-07  1.1154E-06  7.0615E-08  1.3631E-07  7.3249E-07  6.6164E-08  5.9599E-08  8.0116E-07  2.2166E+00  7.8732E+00  5.5593E+01  5.4572E+02  5.6377E-07  1.4421E-07  7.0619E-08  6.6164E-08  3.1954E-07  3.1950E-08  3.1950E-09  3.1950E-10
  Cr   24    0  2.5330E+00  8.0329E+00  6.0468E+00  1.5522E+01  1.8328E+01  3.4232E+01  1.8643E+02  1.9802E+02  3.3866E+02  2.1847E+03  1.9645E+03  3.8330E+03  3.3728E-05  1.0303E-04  7.9742E-05  1.4883E-05  1.9628E-05  3.9097E-05  1.2397E-05  1.9076E-05  3.4259E-05  1.3866E-05  1.7748E-05  3.7306E-05  2.5333E+00  1.5522E+01  1.8643E+02  2.1846E+03  3.3731E-05  1.4883E-05  1.2398E-05  1.3866E-05  1.6728E-05  1.6726E-06  1.6726E-07  1.6726E-08
  Mn   25    0  2.3235E+00  1.0597E+01  9.9182E+00  8.7002E+00  9.2978E+00  2.7833E+01  7.5924E+01  6.6819E+01  2.9889E+02  7.1002E+02  4.6173E+02  4.2308E+03  2.0156E-05  8.8545E-05  8.5211E-05  5.4344E-06  6.4868E-06  2.0709E-05  3.2890E-06  4.1933E-06  1.9697E-05  2.9357E-06  2.7175E-06  2.6824E-05  2.3239E+00  8.7002E+00  7.5923E+01  7.1000E+02  2.0159E-05  5.4345E-06  3.2890E-06  2.9357E-06  1.0898E-05  1.0896E-06  1.0896E-07  1.0896E-08
  Fe   26    0  2.7063E+00  4.5820E+00  4.2008E+00  2.4021E+01  2.1902E+01  2.3358E+01  3.3075E+02  2.2955E+02  2.5777E+02  3.4450E+03  2.4149E+03  2.6898E+03  2.8039E-03  4.5727E-03  4.3105E-03  1.7921E-03  1.8251E-03  2.0757E-03  1.7113E-03  1.7206E-03  2.0289E-03  1.7012E-03  1.6975E-03  2.0369E-03  2.7064E+00  2.4021E+01  3.3074E+02  3.4449E+03  2.8040E-03  1.7921E-03  1.7113E-03  1.7012E-03  1.3016E-03  1.3014E-04  1.3014E-05  1.3014E-06
  Co   27    0  4.0611E+00  4.8144E+00  4.4646E+00  1.6028E+01  1.4168E+01  1.3871E+01  1.7703E+02  9.2240E+01  1.3098E+02  1.6324E+03  8.5052E+02  9.1775E+02  1.3721E-05  1.5668E-05  1.4939E-05  3.8995E-06  3.8500E-06  4.0200E-06  2.9869E-06  2.2546E-06  3.3621E-06  2.6289E-06  1.9497E-06  2.2665E-06  4.0611E+00  1.6028E+01  1.7702E+02  1.6323E+03  1.3721E-05  3.8995E-06  2.9869E-06  2.6288E-06  4.2445E-06  4.2440E-07  4.2440E-08  4.2440E-09
  Ni   28    0  4.0163E+00  7.2549E+00  6.6490E+00  3.7979E+01  3.5224E+01  3.6417E+01  5.2437E+02  3.6769E+02  4.0069E+02  5.4694E+03  3.8401E+03  4.2712E+03  2.2950E-04  3.9933E-04  3.7630E-04  1.5628E-04  1.6189E-04  1.7849E-04  1.4964E-04  1.5201E-04  1.7395E-04  1.4897E-04  1.4889E-04  1.7840E-04  4.0164E+00  3.7979E+01  5.2436E+02  5.4693E+03  2.2951E-04  1.5628E-04  1.4964E-04  1.4897E-04  7.1789E-05  7.1779E-06  7.1779E-07  7.1779E-08
  Cu   29    0  6.5775E+00  1.6574E+01  1.9454E+01  1.1896E+01  2.9821E+01  1.4890E+01  1.4705E+01  8.3439E+01  2.0550E+01  8.0000E+02  9.1523E+02  2.1432E+02  3.7976E-06  9.2178E-06  1.1124E-05  4.9461E-07  1.3848E-06  7.3740E-07  4.2400E-08  3.4853E-07  9.0140E-08  2.2017E-07  3.5854E-07  9.0450E-08  6.5780E+00  1.1897E+01  1.4710E+01  8.0001E+02  3.7979E-06  4.9466E-07  4.2417E-08  2.2017E-07  7.2535E-07  7.2526E-08  7.2526E-09  7.2526E-10
  Zn   30    0  3.0682E+00  1.0094E+01  1.2725E+01  1.0229E+01  2.7072E+01  1.6153E+01  6.3211E+01  9.6981E+01  4.3955E+01  1.5534E+03  1.0852E+03  4.1859E+02  4.2737E-06  1.3543E-05  1.7555E-05  1.0260E-06  3.0330E-06  1.9300E-06  4.3971E-07  9.7731E-07  4.6515E-07  1.0314E-06  1.0256E-06  4.2618E-07  3.0686E+00  1.0230E+01  6.3213E+01  1.5533E+03  4.2742E-06  1.0262E-06  4.3974E-07  1.0314E-06  1.7499E-06  1.7497E-07  1.7497E-08  1.7497E-09
  Ga   31    0  6.8590E+00  3.5683E+01  5.3302E+01  1.4740E+01  1.0313E+02  7.2840E+01  1.4394E+00  8.2818E+01  5.3959E+01  1.5947E+00  3.0502E+01  8.0726E+01  3.0760E-07  1.5414E-06  2.3674E-06  4.7601E-08  3.7199E-07  2.8020E-07  3.2238E-10  2.6870E-08  1.8384E-08  3.4089E-11  9.2812E-10  2.6462E-09  6.8605E+00  1.4745E+01  1.4457E+00  1.5969E+00  3.0766E-07  4.7618E-08  3.2379E-10  3.4137E-11  5.6340E-08  5.6333E-09  5.6333E-10  5.6333E-11
  Ge   32    0  4.1439E+00  2.1127E+01  3.1917E+01  1.0038E+01  7.6391E+01  6.7251E+01  1.2180E+00  7.1048E+01  5.2156E+01  1.3215E+00  2.3809E+01  7.2609E+01  7.8843E-07  3.8720E-06  6.0144E-06  1.3753E-07  1.1690E-06  1.0975E-06  1.1574E-09  9.7799E-08  7.5392E-08  1.1985E-10  3.0736E-09  1.0098E-08  4.1448E+00  1.0042E+01  1.2234E+00  1.3232E+00  7.8859E-07  1.3759E-07  1.1625E-09  1.2001E-10  2.3903E-07  2.3900E-08  2.3900E-09  2.3900E-10
  As   33    0  5.7167E+00  3.3338E+01  5.2872E+01  1.3425E+01  1.4452E+02  1.1656E+02  1.1618E+00  1.1516E+02  9.2535E+01  1.0502E+00  2.2676E+01  1.0676E+02  5.0127E-08  2.8158E-07  4.5916E-07  8.4775E-09  1.0193E-07  8.7672E-08  5.0877E-11  7.3061E-09  6.1647E-09  4.3897E-12  1.3491E-10  6.8426E-10  5.7182E+00  1.3433E+01  1.1706E+00  1.0519E+00  5.0139E-08  8.4824E-09  5.1263E-11  4.3966E-12  1.1016E-08  1.1015E-09  1.1015E-10  1.1015E-11
  Se   34    0  2.8943E+00  1.5995E+01  2.9943E+01  6.1277E+00  7.2417E+01  9.3844E+01  1.0487E+00  7.7526E+01  7.3807E+01  1.0347E+00  2.1596E+01  8.5408E+01  2.9327E-07  1.5612E-06  3.0049E-06  4.4715E-08  5.9023E-07  8.1569E-07  5.3070E-10  5.6836E-08  5.6821E-08  4.9977E-11  1.4848E-09  6.3262E-09  2.8950E+00  6.1317E+00  1.0546E+00  1.0362E+00  2.9334E-07  4.4744E-08  5.3370E-10  5.0054E-11  1.2730E-07  1.2729E-08  1.2729E-09  1.2729E-10
  Br   35    0  2.8435E+00  1.1111E+01  2.2631E+01  5.3891E+00  7.3065E+01  9.1239E+01  1.0196E+00  7.8990E+01  7.4659E+01  9.8868E-01  2.0103E+01  7.7626E+01  4.6212E-08  1.7394E-07  3.6425E-07  6.3067E-09  9.5504E-08  1.2719E-07  8.2752E-11  9.2872E-09  9.2178E-09  7.6587E-12  2.2167E-10  9.2210E-10  2.8440E+00  5.3931E+00  1.0256E+00  9.9013E-01  4.6219E-08  6.3114E-09  8.3242E-11  7.6701E-12  2.0417E-08  2.0414E-09  2.0414E-10  2.0414E-11
  Kr   36    0  1.8495E+00  9.6981E+00  2.4052E+01  3.0812E+00  6.1383E+01  1.2731E+02  1.0748E+00  8.2079E+01  1.2176E+02  1.0207E+00  2.8042E+01  1.0705E+02  1.6166E-07  8.1653E-07  2.0821E-06  1.9394E-08  4.3156E-07  9.5457E-07  4.6917E-10  5.1906E-08  8.0856E-08  4.2529E-11  1.6631E-09  6.8398E-09  1.8499E+00  3.0846E+00  1.0810E+00  1.0228E+00  1.6169E-07  1.9416E-08  4.7191E-10  4.2616E-11  1.0981E-07  1.0980E-08  1.0980E-09  1.0980E-10
  Rb   37    0  2.1307E+00  1.3098E+01  3.5816E+01  3.6644E+00  8.6649E+01  1.8054E+02  1.0517E+00  1.2095E+02  1.9665E+02  1.0028E+00  4.5258E+01  1.4112E+02  3.5383E-08  2.0951E-07  5.8907E-07  4.3820E-09  1.1573E-07  2.5717E-07  8.7217E-11  1.4531E-08  2.4811E-08  7.9379E-12  5.0994E-10  1.7130E-09  2.1312E+00  3.6693E+00  1.0609E+00  1.0062E+00  3.5392E-08  4.3880E-09  8.7985E-11  7.9646E-12  2.0863E-08  2.0860E-09  2.0860E-10  2.0860E-11
  Sr   38    0  1.7158E+00  1.1695E+01  3.6265E+01  3.4205E+00  1.3431E+02  8.0783E+02  1.3455E+00  2.8790E+02  1.1501E+03  1.1239E+00  3.0931E+01  7.3000E+02  6.5375E-08  4.2923E-07  1.3685E-06  9.3849E-09  4.1160E-07  2.6402E-06  2.5602E-10  7.9362E-08  3.3292E-07  2.0412E-11  7.9962E-10  2.0330E-08  1.7163E+00  3.4283E+00  1.3676E+00  1.1262E+00  6.5395E-08  9.4063E-09  2.6023E-10  2.0454E-11  4.7867E-08  4.7861E-09  4.7861E-10  4.7861E-11
  Y    39    0  1.4420E+00  7.3059E+00  2.5709E+01  2.5126E+00  8.5412E+01  9.2812E+02  1.1609E+00  2.5609E+02  1.4439E+03  1.0357E+00  2.5420E+01  9.1466E+02  1.2197E-08  5.9523E-08  2.1536E-07  1.5304E-09  5.8108E-08  6.7338E-07  4.9040E-11  1.5671E-08  9.2785E-08  4.1758E-12  1.4589E-10  5.6550E-09  1.4423E+00  2.5175E+00  1.1806E+00  1.0376E+00  1.2199E-08  1.5334E-09  4.9871E-11  4.1833E-12  1.0626E-08  1.0625E-09  1.0625E-10  1.0625E-11
  Zr   40    0  1.1885E+00  3.9486E+00  1.5600E+01  1.5914E+00  3.5116E+01  1.7992E+03  1.0233E+00  1.5930E+02  2.1223E+03  9.9926E-01  1.6850E+01  1.6627E+03  2.4180E-08  7.7380E-08  3.1433E-07  2.3314E-09  5.7460E-08  3.1397E-06  1.0397E-10  2.3446E-08  3.2803E-07  9.6900E-12  2.3259E-10  2.4725E-08  1.1887E+00  1.5934E+00  1.0355E+00  1.0005E+00  2.4183E-08  2.3343E-09  1.0521E-10  9.7019E-12  2.5559E-08  2.5555E-09  2.5555E-10  2.5555E-11
  Nb   41    0  1.1430E+00  2.2746E+00  7.8611E+00  1.2800E+00  1.8836E+01  7.6276E+02  9.5429E-01  9.8860E+01  1.3270E+03  9.0927E-01  1.1630E+01  8.4057E+02  1.7964E-09  3.4435E-09  1.2237E-08  1.4486E-10  2.3811E-09  1.0283E-07  7.4905E-12  1.1241E-09  1.5845E-08  6.8120E-13  1.2402E-11  9.6568E-10  1.1430E+00  1.2810E+00  9.6184E-01  9.1008E-01  1.7964E-09  1.4498E-10  7.5499E-12  6.8182E-13  1.9745E-09  1.9743E-10  1.9743E-11  1.9743E-12
  Mo   42    0  1.2368E+00  1.7409E+00  4.1602E+00  1.3204E+00  8.4504E+00  1.3045E+03  1.1839E+00  5.6556E+01  2.0378E+03  1.2240E+00  7.3438E+00  2.1817E+03  4.7407E-09  6.4279E-09  1.5793E-08  3.6444E-10  2.6052E-09  4.2889E-07  2.2663E-11  1.5684E-09  5.9342E-08  2.2363E-12  1.9099E-11  6.1125E-09  1.2368E+00  1.3208E+00  1.1882E+00  1.2245E+00  4.7408E-09  3.6456E-10  2.2745E-11  2.2372E-12  4.8155E-09  4.8148E-10  4.8148E-11  4.8148E-12
  Xe   54    0  9.9738E-01  1.1918E+00  2.2127E+00  1.0172E+00  4.0293E+00  5.5941E+02  9.4801E-01  3.1134E+01  1.0518E+03  9.5170E-01  6.3621E+00  7.2011E+02  4.8870E-09  5.6249E-09  1.0738E-08  3.5891E-10  1.5879E-09  2.3511E-07  2.3198E-11  1.1037E-09  3.9154E-08  2.2228E-12  2.1151E-11  2.5791E-09  9.9739E-01  1.0174E+00  9.5034E-01  9.5211E-01  4.8870E-09  3.5898E-10  2.3255E-11  2.2238E-12  6.1557E-09  6.1549E-10  6.1549E-11  6.1549E-12
  Cs   55    0  9.6613E-01  1.0992E+00  2.0344E+00  9.8466E-01  3.2598E+00  4.8323E+02  8.9440E-01  2.3367E+01  8.5447E+02  8.8498E-01  5.3738E+00  6.6632E+02  9.0521E-10  9.9207E-10  1.8878E-09  6.6438E-11  2.4567E-10  3.8838E-08  4.1852E-12  1.5840E-10  6.0826E-09  3.9526E-13  3.4164E-12  4.5636E-10  9.6614E-01  9.8479E-01  8.9613E-01  8.8532E-01  9.0522E-10  6.6448E-11  4.1934E-12  3.9542E-13  1.1771E-09  1.1770E-10  1.1770E-11  1.1770E-12
  Ba   56    0  1.0900E+00  1.3731E+00  2.4615E+00  1.1621E+00  4.4750E+00  2.2944E+03  1.0688E+00  4.3767E+01  3.3265E+03  1.0101E+00  5.0915E+00  3.1788E+03  1.3259E-08  1.6089E-08  2.9655E-08  1.0179E-09  4.3783E-09  2.3940E-06  6.4926E-11  3.8517E-09  3.0742E-07  5.8566E-12  4.2023E-11  2.8264E-08  1.0900E+00  1.1623E+00  1.0721E+00  1.0104E+00  1.3259E-08  1.0181E-09  6.5127E-11  5.8585E-12  1.5282E-08  1.5280E-09  1.5280E-10  1.5280E-11
  La   57    0  1.0911E+00  1.2688E+00  1.9233E+00  1.1563E+00  2.8270E+00  2.5804E+03  1.0220E+00  2.6478E+01  3.8100E+03  9.8085E-01  3.2339E+00  3.7722E+03  1.1188E-09  1.2532E-09  1.9532E-09  8.5382E-11  2.3316E-10  2.2697E-07  5.2336E-12  1.9643E-10  2.9682E-08  4.7943E-13  2.2501E-12  2.8274E-09  1.0911E+00  1.1564E+00  1.0239E+00  9.8102E-01  1.1188E-09  8.5390E-11  5.2438E-12  4.7952E-13  1.2882E-09  1.2881E-10  1.2881E-11  1.2881E-12
  Ce   58    0  1.0335E+00  1.1383E+00  1.4177E+00  1.0701E+00  1.8397E+00  1.9812E+03  9.9099E-01  1.2483E+01  3.3237E+03  9.7539E-01  2.3223E+00  3.1100E+03  2.8511E-09  3.0249E-09  3.8736E-09  2.1259E-10  4.0822E-10  4.6882E-07  1.3653E-11  2.4915E-10  6.9663E-08  1.2826E-12  4.3470E-12  6.2714E-09  1.0335E+00  1.0702E+00  9.9188E-01  9.7549E-01  2.8511E-09  2.1260E-10  1.3666E-11  1.2828E-12  3.4658E-09  3.4654E-10  3.4654E-11  3.4654E-12
  Pr   59    0  1.0139E+00  1.2526E+00  1.5606E+00  1.0315E+00  1.5525E+00  1.9563E+03  9.4048E-01  1.2719E+01  7.1208E+03  9.2964E-01  7.6185E+00  3.7307E+03  4.3962E-10  5.2320E-10  6.7019E-10  3.2210E-11  5.4144E-11  7.2761E-08  2.0366E-12  3.9901E-11  2.3458E-08  1.9214E-13  2.2414E-12  1.1824E-09  1.0139E+00  1.0316E+00  9.4139E-01  9.3015E-01  4.3962E-10  3.2211E-11  2.0386E-12  1.9225E-13  5.4475E-10  5.4468E-11  5.4468E-12  5.4468E-13
  Nd   60    0  1.0395E+00  1.0997E+00  1.2425E+00  1.0740E+00  1.6366E+00  1.7463E+03  1.0141E+00  6.2791E+00  3.1086E+03  1.0096E+00  1.4211E+00  3.0645E+03  1.4382E-09  1.4656E-09  1.7025E-09  1.0700E-10  1.8211E-10  2.0724E-07  7.0067E-12  6.2850E-11  3.2674E-08  6.6580E-13  1.3340E-12  3.0991E-09  1.0395E+00  1.0740E+00  1.0145E+00  1.0096E+00  1.4382E-09  1.0700E-10  7.0096E-12  6.6584E-13  1.7381E-09  1.7379E-10  1.7379E-11  1.7379E-12
  Hg   80    0  1.0162E+00  1.0925E+00  1.2015E+00  1.0283E+00  1.4114E+00  1.7613E+03  9.9555E-01  5.1732E+00  2.7770E+03  9.9782E-01  1.3588E+00  3.3410E+03  6.5466E-10  6.7800E-10  7.6665E-10  4.7708E-11  7.3135E-11  9.7334E-08  3.2032E-12  2.4113E-11  1.3593E-08  3.0642E-13  5.9398E-13  1.5733E-09  1.0162E+00  1.0284E+00  9.9588E-01  9.9784E-01  6.5466E-10  4.7709E-11  3.2043E-12  3.0644E-13  8.0938E-10  8.0928E-11  8.0928E-12  8.0928E-13
  Tl   81    0  1.0090E+00  1.0287E+00  1.1056E+00  1.0260E+00  1.2957E+00  1.3116E+03  9.8970E-01  3.7657E+00  2.6395E+03  9.6432E-01  1.2055E+00  2.2191E+03  9.6004E-10  9.4275E-10  1.0418E-09  7.0301E-11  9.9155E-11  1.0705E-07  4.7028E-12  2.5922E-11  1.9080E-08  4.3735E-13  7.7825E-13  1.5434E-09  1.0091E+00  1.0260E+00  9.8991E-01  9.6434E-01  9.6004E-10  7.0302E-11  4.7039E-12  4.3737E-13  1.1953E-09  1.1952E-10  1.1952E-11  1.1952E-12
  Pb   82    0  1.0340E+00  1.0959E+00  1.1644E+00  1.0554E+00  1.3675E+00  1.2880E+03  1.0066E+00  2.4096E+00  6.9234E+03  9.7980E-01  1.2796E+00  2.6777E+03  7.0645E-09  7.2122E-09  7.8795E-09  5.1928E-10  7.5147E-10  7.5485E-07  3.4345E-11  1.1911E-10  3.5937E-07  3.1909E-12  5.9320E-12  1.3372E-08  1.0340E+00  1.0555E+00  1.0067E+00  9.7982E-01  7.0645E-09  5.1929E-10  3.4349E-11  3.1911E-12  8.5836E-09  8.5824E-10  8.5824E-11  8.5824E-12
  Bi   83    0  9.8401E-01  9.6138E-01  9.6189E-01  9.6913E-01  9.6039E-01  1.3061E+02  9.6186E-01  9.9017E-01  2.4313E+03  9.5569E-01  9.5736E-01  3.7137E+02  5.3830E-10  5.0660E-10  5.2116E-10  3.8177E-11  4.2257E-11  6.1288E-09  2.6278E-12  3.9188E-12  1.0105E-08  2.4920E-13  3.5535E-13  1.4850E-10  9.8401E-01  9.6913E-01  9.6186E-01  9.5569E-01  5.3830E-10  3.8177E-11  2.6278E-12  2.4921E-13  6.8727E-10  6.8717E-11  6.8717E-12  6.8717E-13
