Isotope      A            Z            YIELD 
H            1            1            -3.68310E-02 
He4          4            2            2.96020E-02  
C12          12           6            4.86340E-03  
C13          13           6            5.88670E-05  
C14          14           6            2.62660E-10  
N14          14           7            1.30200E-03  
N15          15           7            -2.26230E-06 
O16          16           8            -6.27120E-06 
O17          17           8            3.31300E-05  
O18          18           8            -5.54670E-06 
F18          18           9            0.00000E+00  
F19          19           9            8.93250E-07  
Ne20         20           10           -2.34780E-06 
Ne21         21           10           5.94690E-08  
Ne22         22           10           5.89810E-04  
Na22         22           11           0.00000E+00  
Na23         23           11           1.77730E-05  
Na24         24           11           0.00000E+00  
Mg24         24           12           9.17640E-06  
Mg25         25           12           5.03240E-07  
Mg26         26           12           2.52630E-06  
Al26         26           13           2.72340E-07  
Al27         27           13           8.67240E-07  
Si28         28           14           -2.81600E-08 
Si29         29           14           6.81600E-08  
Si30         30           14           4.17350E-07  
Si31         31           14           0.00000E+00  
Si32         32           14           0.00000E+00  
P31          31           15           2.42400E-07  
P32          32           15           0.00000E+00  
P33          33           15           0.00000E+00  
S32          32           16           -5.30730E-07 
S33          33           16           7.21400E-08  
S34          34           16           1.52490E-07  
S35          35           16           0.00000E+00  
S36          36           16           1.70370E-08  
Cl35         35           17           -1.88510E-08 
Cl36         36           17           1.43180E-09  
Cl37         37           17           2.46570E-07  
Ar36         36           18           -4.22250E-07 
Ar37         37           18           0.00000E+00  
Ar38         38           18           1.31170E-07  
Ar39         39           18           2.49100E-12  
Ar40         40           18           1.16970E-08  
Ar41         41           18           0.00000E+00  
Ar42         42           18           0.00000E+00  
K39          39           19           3.24580E-08  
K40          40           19           6.73320E-09  
K41          41           19           3.40550E-08  
K42          42           19           0.00000E+00  
K43          43           19           0.00000E+00  
Ca40         40           20           -2.49450E-07 
Ca41         41           20           4.17480E-09  
Ca42         42           20           2.34820E-08  
Ca43         43           20           4.23790E-09  
Ca44         44           20           1.77600E-08  
Ca45         45           20           0.00000E+00  
Ca46         46           20           5.09840E-10  
Ca47         47           20           0.00000E+00  
Ca48         48           20           -1.24210E-10 
Sc45         45           21           3.50320E-09  
Sc46         46           21           0.00000E+00  
Sc47         47           21           0.00000E+00  
Sc48         48           21           0.00000E+00  
Sc49         49           21           0.00000E+00  
Ti46         46           22           5.92490E-09  
Ti47         47           22           -5.94370E-10 
Ti48         48           22           -1.65600E-08 
Ti49         49           22           1.57410E-08  
Ti50         50           22           2.37940E-08  
V50          50           23           -1.18720E-11 
V51          51           23           -1.00820E-10 
Cr50         50           24           -9.58510E-09 
Cr51         51           24           0.00000E+00  
Cr52         52           24           -4.80610E-08 
Cr53         53           24           -9.70480E-09 
Cr54         54           24           4.40410E-08  
Mn55         55           25           1.02680E-07  
Mn56         56           25           0.00000E+00  
Fe54         54           26           -7.30540E-07 
Fe55         55           26           1.32120E-12  
Fe56         56           26           -4.60650E-06 
Fe57         57           26           1.49690E-06  
Fe58         58           26           1.80760E-06  
Fe59         59           26           0.00000E+00  
Fe60         60           26           2.07670E-08  
Co59         59           27           4.43250E-07  
Co60         60           27           0.00000E+00  
Ni58         58           28           -4.92720E-07 
Ni59         59           28           2.59290E-08  
Ni60         60           28           2.67530E-07  
Ni61         61           28           1.55020E-07  
Ni62         62           28           3.06070E-07  
Ni63         63           28           9.26550E-13  
Ni64         64           28           2.94620E-07  
Ni65         65           28           0.00000E+00  
Ni66         66           28           0.00000E+00  
Cu63         63           29           1.05160E-07  
Cu64         64           29           0.00000E+00  
Cu65         65           29           1.07710E-07  
Cu66         66           29           0.00000E+00  
Cu67         67           29           0.00000E+00  
Zn64         64           30           5.02960E-08  
Zn65         65           30           0.00000E+00  
Zn66         66           30           1.15380E-07  
Zn67         67           30           2.54650E-08  
Zn68         68           30           1.36070E-07  
Zn69         69           30           0.00000E+00  
Zn70         70           30           -8.22590E-11 
Ga69         69           31           2.49540E-08  
Ga70         70           31           0.00000E+00  
Ga71         71           31           2.66080E-08  
Ga72         72           31           0.00000E+00  
Ga73         73           31           0.00000E+00  
Ge70         70           32           4.42250E-08  
Ge71         71           32           0.00000E+00  
Ge72         72           32           4.65590E-08  
Ge73         73           32           1.28160E-08  
Ge74         74           32           5.99960E-08  
Ge75         75           32           0.00000E+00  
Ge76         76           32           -1.30940E-10 
Ge77         77           32           0.00000E+00  
As75         75           33           5.35420E-09  
As76         76           33           0.00000E+00  
As77         77           33           0.00000E+00  
Se76         76           34           2.10150E-08  
Se77         77           34           8.40380E-09  
Se78         78           34           3.07810E-08  
Se79         79           34           3.89350E-09  
Se80         80           34           5.48780E-08  
Se81         81           34           0.00000E+00  
Se82         82           34           -2.86690E-11 
Br79         79           35           4.75040E-09  
Br80         80           35           0.00000E+00  
Br81         81           35           9.45670E-09  
Br82         82           35           0.00000E+00  
Br83         83           35           0.00000E+00  
Br84         84           35           0.00000E+00  
Kr80         80           36           5.45860E-09  
Kr81         81           36           1.01780E-09  
Kr82         82           36           3.60980E-08  
Kr83         83           36           1.17180E-08  
Kr84         84           36           6.73030E-08  
Kr85         85           36           0.00000E+00  
Kr86         86           36           7.84540E-09  
Kr87         87           36           0.00000E+00  
Kr88         88           36           0.00000E+00  
Rb85         85           37           1.12910E-08  
Rb86         86           37           0.00000E+00  
Rb87         87           37           3.03160E-09  
Rb88         88           37           0.00000E+00  
Sr86         86           38           3.24690E-08  
Sr87         87           38           2.04810E-08  
Sr88         88           38           2.61970E-07  
Sr89         89           38           0.00000E+00  
Sr90         90           38           0.00000E+00  
Sr91         91           38           0.00000E+00  
Sr92         92           38           0.00000E+00  
Y89          89           39           4.67560E-08  
Y90          90           39           0.00000E+00  
Y91          91           39           0.00000E+00  
Y92          92           39           0.00000E+00  
Y93          93           39           0.00000E+00  
Zr90         90           40           4.28060E-08  
Zr91         91           40           9.86550E-09  
Zr92         92           40           1.49230E-08  
Zr93         93           40           4.33000E-09  
Zr94         94           40           1.81900E-08  
Zr95         95           40           0.00000E+00  
Zr96         96           40           3.03380E-10  
Zr97         97           40           0.00000E+00  
Nb93         93           41           6.40470E-10  
Nb94         94           41           0.00000E+00  
Nb95         95           41           0.00000E+00  
Nb96         96           41           0.00000E+00  
Nb97         97           41           0.00000E+00  
Mo92         92           42           -1.44500E-11 
Mo93         93           42           0.00000E+00  
Mo94         94           42           1.35040E-10  
Mo95         95           42           1.74770E-09  
Mo96         96           42           3.67330E-09  
Mo97         97           42           1.25620E-09  
Mo98         98           42           4.42620E-09  
Mo99         99           42           0.00000E+00  
Mo00         100          42           2.20610E-11  
Tc97         97           43           5.32410E-13  
Tc98         98           43           1.01040E-13  
Tc99         99           43           2.85810E-10  
Ru96         96           44           -5.37990E-12 
Ru97         97           44           0.00000E+00  
Ru98         98           44           -9.61750E-13 
Ru99         99           44           3.08720E-10  
Ru00         100          44           2.17110E-09  
Ru01         101          44           4.52310E-10  
Ru02         102          44           2.32540E-09  
Ru03         103          44           0.00000E+00  
Ru04         104          44           2.53740E-11  
Ru05         105          44           0.00000E+00  
Ru06         106          44           0.00000E+00  
Rh03         103          45           4.68600E-10  
Rh05         105          45           0.00000E+00  
Pd04         104          46           1.57220E-09  
Pd05         105          46           3.87750E-10  
Pd06         106          46           1.81700E-09  
Pd07         107          46           3.52510E-10  
Pd08         108          46           2.20810E-09  
Pd09         109          46           0.00000E+00  
Pd10         110          46           2.92440E-11  
Ag07         107          47           -8.62380E-12 
Ag09         109          47           5.54070E-10  
Ag11         111          47           0.00000E+00  
Cd08         108          48           1.07980E-11  
Cd09         109          48           0.00000E+00  
Cd10         110          48           1.84280E-09  
Cd11         111          48           6.05210E-10  
Cd12         112          48           2.20970E-09  
Cd13         113          48           6.35870E-10  
Cd14         114          48           3.07670E-09  
Cd15         115          48           0.00000E+00  
Cd16         116          48           3.92240E-11  
In13         113          49           -6.21350E-13 
In15         115          49           5.97480E-10  
Sn14         114          50           -1.05010E-12 
Sn15         115          50           -5.16880E-13 
Sn16         116          50           4.04010E-09  
Sn17         117          50           1.19980E-09  
Sn18         118          50           5.02960E-09  
Sn19         119          50           1.50330E-09  
Sn20         120          50           7.22320E-09  
Sn21         121          50           0.00000E+00  
Sn22         122          50           2.73910E-11  
Sn23         123          50           0.00000E+00  
Sn24         124          50           -4.79410E-12 
Sb21         121          51           5.34670E-10  
Sb22         122          51           0.00000E+00  
Sb23         123          51           2.61050E-11  
Sb24         124          51           0.00000E+00  
Sb25         125          51           0.00000E+00  
Te22         122          52           9.11660E-10  
Te23         123          52           3.28960E-10  
Te24         124          52           1.77720E-09  
Te25         125          52           5.77660E-10  
Te26         126          52           3.12390E-09  
Te27         127          52           0.00000E+00  
Te28         128          52           2.70100E-10  
Te30         130          52           -3.60690E-11 
I127         127          53           3.34760E-10  
I128         128          53           0.00000E+00  
I129         129          53           7.93350E-12  
I130         130          53           0.00000E+00  
I131         131          53           0.00000E+00  
I132         132          53           0.00000E+00  
I133         133          53           0.00000E+00  
Xe28         128          54           9.84410E-10  
Xe29         129          54           2.81330E-10  
Xe30         130          54           2.05920E-09  
Xe31         131          54           4.77250E-10  
Xe32         132          54           3.56090E-09  
Xe33         133          54           0.00000E+00  
Xe34         134          54           1.01090E-11  
Xe35         135          54           0.00000E+00  
Xe36         136          54           -2.05760E-12 
Cs33         133          55           4.55330E-10  
Cs34         134          55           0.00000E+00  
Cs35         135          55           1.05960E-10  
Cs36         136          55           0.00000E+00  
Cs37         137          55           0.00000E+00  
Ba34         134          56           1.31260E-09  
Ba35         135          56           4.53450E-10  
Ba36         136          56           3.16080E-09  
Ba37         137          56           2.33960E-09  
Ba38         138          56           1.53550E-08  
Ba39         139          56           0.00000E+00  
Ba40         140          56           0.00000E+00  
La39         139          57           1.67200E-09  
La40         140          57           0.00000E+00  
Ce40         140          58           3.48760E-09  
Ce41         141          58           0.00000E+00  
Ce42         142          58           3.12310E-12  
Ce43         143          58           0.00000E+00  
Ce44         144          58           0.00000E+00  
Pr41         141          59           2.65890E-10  
Pr42         142          59           0.00000E+00  
Pr43         143          59           0.00000E+00  
Pr45         145          59           0.00000E+00  
Nd42         142          60           7.54970E-10  
Nd43         143          60           9.58790E-11  
Nd44         144          60           2.98490E-10  
Nd45         145          60           5.09280E-11  
Nd46         146          60           2.80650E-10  
Nd47         147          60           0.00000E+00  
Nd48         148          60           5.98350E-12  
Nd49         149          60           0.00000E+00  
Nd50         150          60           -3.53600E-12 
Pm45         145          61           0.00000E+00  
Pm46         146          61           0.00000E+00  
Pm47         147          61           0.00000E+00  
Pm48         148          61           0.00000E+00  
Pm49         149          61           0.00000E+00  
Pm50         150          61           0.00000E+00  
Pm51         151          61           0.00000E+00  
Sm44         144          62           -4.48740E-13 
Sm45         145          62           0.00000E+00  
Sm46         146          62           0.00000E+00  
Sm47         147          62           2.90930E-11  
Sm48         148          62           9.00550E-11  
Sm49         149          62           9.48060E-12  
Sm50         150          62           5.67540E-11  
Sm51         151          62           0.00000E+00  
Sm52         152          62           3.74340E-11  
Sm53         153          62           0.00000E+00  
Sm54         154          62           -6.67290E-13 
Eu51         151          63           3.22050E-12  
Eu52         152          63           0.00000E+00  
Eu53         153          63           2.75610E-12  
Eu54         154          63           0.00000E+00  
Eu55         155          63           0.00000E+00  
Eu56         156          63           0.00000E+00  
Eu57         157          63           0.00000E+00  
Gd52         152          64           1.20790E-12  
Gd53         153          64           0.00000E+00  
Gd54         154          64           1.38330E-11  
Gd55         155          64           4.95140E-12  
Gd56         156          64           3.12310E-11  
Gd57         157          64           1.31380E-11  
Gd58         158          64           7.19650E-11  
Gd59         159          64           0.00000E+00  
Gd60         160          64           -2.88210E-12 
Tb59         159          65           1.16350E-11  
Tb60         160          65           0.00000E+00  
Tb61         161          65           0.00000E+00  
Dy60         160          66           2.63290E-11  
Dy61         161          66           4.50030E-12  
Dy62         162          66           4.81160E-11  
Dy63         163          66           8.52000E-12  
Dy64         164          66           9.30570E-11  
Dy65         165          66           0.00000E+00  
Dy66         166          66           0.00000E+00  
Ho63         163          67           1.02970E-13  
Ho64         164          67           0.00000E+00  
Ho65         165          67           1.43670E-11  
Ho66         166          67           0.00000E+00  
Er64         164          68           8.87190E-12  
Er65         165          68           0.00000E+00  
Er66         166          68           3.28570E-11  
Er67         167          68           1.32950E-11  
Er68         168          68           7.59980E-11  
Er69         169          68           0.00000E+00  
Er70         170          68           5.22860E-12  
Er71         171          68           0.00000E+00  
Er72         172          68           0.00000E+00  
Tm69         169          69           1.72320E-11  
Tm70         170          69           0.00000E+00  
Tm71         171          69           0.00000E+00  
Tm72         172          69           0.00000E+00  
Tm73         173          69           0.00000E+00  
Yb70         170          70           2.51300E-11  
Yb71         171          70           2.44870E-11  
Yb72         172          70           7.11730E-11  
Yb73         173          70           3.12280E-11  
Yb74         174          70           1.51520E-10  
Yb75         175          70           0.00000E+00  
Yb76         176          70           2.02130E-12  
Yb77         177          70           0.00000E+00  
Lu75         175          71           1.77300E-11  
Lu76         176          71           3.21860E-12  
Lu77         177          71           0.00000E+00  
Hf76         176          72           2.76210E-11  
Hf77         177          72           1.27720E-11  
Hf78         178          72           7.13430E-11  
Hf79         179          72           2.34670E-11  
Hf80         180          72           1.34850E-10  
Hf81         181          72           0.00000E+00  
Hf82         182          72           1.99890E-12  
Hf83         183          72           0.00000E+00  
Hf84         184          72           0.00000E+00  
Ta79         179          73           0.00000E+00  
Ta80         180          73           0.00000E+00  
Ta81         181          73           2.65570E-11  
Ta82         182          73           0.00000E+00  
Ta83         183          73           0.00000E+00  
Ta84         184          73           0.00000E+00  
W180         180          74           0.00000E+00  
W181         181          74           0.00000E+00  
W182         182          74           6.03820E-11  
W183         183          74           3.87890E-11  
W184         184          74           1.00390E-10  
W185         185          74           0.00000E+00  
W186         186          74           1.80590E-11  
W187         187          74           0.00000E+00  
W188         188          74           0.00000E+00  
Re85         185          75           1.77520E-11  
Re86         186          75           0.00000E+00  
Re87         187          75           -4.74650E-11 
Re88         188          75           0.00000E+00  
Re89         189          75           0.00000E+00  
Os86         186          76           3.79260E-11  
Os87         187          76           5.87380E-11  
Os88         188          76           3.99710E-11  
Os89         189          76           -5.24450E-13 
Os90         190          76           5.33520E-11  
Os91         191          76           0.00000E+00  
Os92         192          76           -2.26420E-11 
Os93         193          76           0.00000E+00  
Os94         194          76           0.00000E+00  
Ir91         191          77           -1.63190E-11 
Ir92         192          77           0.00000E+00  
Ir93         193          77           -3.22850E-11 
Ir94         194          77           0.00000E+00  
Ir95         195          77           0.00000E+00  
Pt92         192          78           3.15380E-11  
Pt93         193          78           0.00000E+00  
Pt94         194          78           6.88810E-11  
Pt95         195          78           -9.93350E-12 
Pt96         196          78           1.49240E-10  
Pt97         197          78           0.00000E+00  
Pt98         198          78           -5.66950E-12 
Au97         197          79           2.42210E-11  
Au98         198          79           0.00000E+00  
Au99         199          79           0.00000E+00  
Hg98         198          80           1.29870E-10  
Hg99         199          80           4.77470E-11  
Hg00         200          80           1.53980E-10  
Hg01         201          80           5.89940E-11  
Hg02         202          80           2.37120E-10  
Hg03         203          80           0.00000E+00  
Hg04         204          80           -7.78990E-13 
Tl03         203          81           1.04610E-10  
Tl04         204          81           0.00000E+00  
Tl05         205          81           2.44740E-10  
Pb04         204          82           1.70310E-10  
Pb05         205          82           1.64570E-11  
Pb06         206          82           6.98080E-10  
Pb07         207          82           6.54810E-10  
Pb08         208          82           6.56010E-10  
Pb09         209          82           0.00000E+00  
Pb10         210          82           0.00000E+00  
Bi09         209          83           1.89250E-12  
Bi10         210          83           0.00000E+00  
Po10         210          84           0.00000E+00  
