Isotope      A            Z            YIELD 
H            1            1            -1.87210E-01 
He4          4            2            1.78170E-01  
C12          12           6            8.44300E-03  
C13          13           6            2.16100E-05  
C14          14           6            1.94620E-09  
N14          14           7            2.05150E-04  
N15          15           7            -1.28140E-07 
O16          16           8            7.96550E-05  
O17          17           8            1.16610E-05  
O18          18           8            -4.17980E-07 
F18          18           9            0.00000E+00  
F19          19           9            2.88260E-07  
Ne20         20           10           -7.12220E-06 
Ne21         21           10           2.72900E-07  
Ne22         22           10           1.45780E-04  
Na22         22           11           0.00000E+00  
Na23         23           11           1.20130E-05  
Na24         24           11           0.00000E+00  
Mg24         24           12           -1.88520E-07 
Mg25         25           12           1.06410E-05  
Mg26         26           12           2.08090E-05  
Al26         26           13           8.68850E-09  
Al27         27           13           7.85090E-07  
Si28         28           14           3.50650E-06  
Si29         29           14           6.48520E-07  
Si30         30           14           9.97980E-07  
Si31         31           14           0.00000E+00  
Si32         32           14           4.91980E-11  
P31          31           15           3.77030E-07  
P32          32           15           0.00000E+00  
P33          33           15           0.00000E+00  
S32          32           16           -3.32560E-07 
S33          33           16           1.02780E-08  
S34          34           16           1.52990E-07  
S35          35           16           0.00000E+00  
S36          36           16           9.22910E-09  
Cl35         35           17           1.07260E-09  
Cl36         36           17           2.14430E-10  
Cl37         37           17           1.08070E-08  
Ar36         36           18           -1.42900E-07 
Ar37         37           18           0.00000E+00  
Ar38         38           18           4.20250E-08  
Ar39         39           18           1.48910E-10  
Ar40         40           18           1.30720E-08  
Ar41         41           18           0.00000E+00  
Ar42         42           18           0.00000E+00  
K39          39           19           1.13520E-08  
K40          40           19           1.71120E-10  
K41          41           19           2.82440E-09  
K42          42           19           0.00000E+00  
K43          43           19           0.00000E+00  
Ca40         40           20           -9.10580E-08 
Ca41         41           20           3.67400E-10  
Ca42         42           20           4.21170E-09  
Ca43         43           20           1.23190E-09  
Ca44         44           20           5.07540E-09  
Ca45         45           20           0.00000E+00  
Ca46         46           20           3.15720E-09  
Ca47         47           20           0.00000E+00  
Ca48         48           20           8.15940E-11  
Sc45         45           21           1.65920E-09  
Sc46         46           21           0.00000E+00  
Sc47         47           21           0.00000E+00  
Sc48         48           21           0.00000E+00  
Sc49         49           21           0.00000E+00  
Ti46         46           22           7.88570E-10  
Ti47         47           22           4.95070E-10  
Ti48         48           22           -5.61500E-10 
Ti49         49           22           1.06990E-09  
Ti50         50           22           4.37930E-09  
V50          50           23           -6.56040E-13 
V51          51           23           7.41860E-11  
Cr50         50           24           -5.22180E-10 
Cr51         51           24           0.00000E+00  
Cr52         52           24           -6.56570E-09 
Cr53         53           24           -6.74860E-10 
Cr54         54           24           4.54900E-09  
Mn55         55           25           -6.97960E-09 
Mn56         56           25           0.00000E+00  
Fe54         54           26           -4.89550E-08 
Fe55         55           26           0.00000E+00  
Fe56         56           26           -6.60110E-07 
Fe57         57           26           2.56660E-08  
Fe58         58           26           1.64860E-07  
Fe59         59           26           0.00000E+00  
Fe60         60           26           1.44560E-07  
Co59         59           27           6.68020E-08  
Co60         60           27           3.01000E-13  
Ni58         58           28           -3.37910E-08 
Ni59         59           28           1.95280E-10  
Ni60         60           28           2.75130E-08  
Ni61         61           28           2.71420E-08  
Ni62         62           28           6.89410E-08  
Ni63         63           28           1.84940E-10  
Ni64         64           28           8.73880E-08  
Ni65         65           28           0.00000E+00  
Ni66         66           28           0.00000E+00  
Cu63         63           29           4.26620E-08  
Cu64         64           29           0.00000E+00  
Cu65         65           29           2.04540E-08  
Cu66         66           29           0.00000E+00  
Cu67         67           29           0.00000E+00  
Zn64         64           30           -2.30480E-10 
Zn65         65           30           0.00000E+00  
Zn66         66           30           1.46910E-08  
Zn67         67           30           3.31030E-09  
Zn68         68           30           2.11120E-08  
Zn69         69           30           0.00000E+00  
Zn70         70           30           4.10960E-10  
Ga69         69           31           2.99130E-09  
Ga70         70           31           0.00000E+00  
Ga71         71           31           1.99890E-09  
Ga72         72           31           0.00000E+00  
Ga73         73           31           0.00000E+00  
Ge70         70           32           4.48880E-09  
Ge71         71           32           0.00000E+00  
Ge72         72           32           4.91580E-09  
Ge73         73           32           1.47350E-09  
Ge74         74           32           8.85860E-09  
Ge75         75           32           0.00000E+00  
Ge76         76           32           5.90130E-10  
Ge77         77           32           0.00000E+00  
As75         75           33           9.09120E-10  
As76         76           33           0.00000E+00  
As77         77           33           0.00000E+00  
Se76         76           34           2.01140E-09  
Se77         77           34           8.22660E-10  
Se78         78           34           5.29450E-09  
Se79         79           34           9.15060E-10  
Se80         80           34           6.44050E-09  
Se81         81           34           0.00000E+00  
Se82         82           34           7.72460E-10  
Br79         79           35           2.18190E-10  
Br80         80           35           0.00000E+00  
Br81         81           35           1.13470E-09  
Br82         82           35           0.00000E+00  
Br83         83           35           0.00000E+00  
Br84         84           35           0.00000E+00  
Kr80         80           36           7.89680E-11  
Kr81         81           36           2.23830E-11  
Kr82         82           36           2.69260E-09  
Kr83         83           36           1.01100E-09  
Kr84         84           36           6.71520E-09  
Kr85         85           36           0.00000E+00  
Kr86         86           36           1.08250E-08  
Kr87         87           36           0.00000E+00  
Kr88         88           36           0.00000E+00  
Rb85         85           37           2.36060E-09  
Rb86         86           37           0.00000E+00  
Rb87         87           37           5.23860E-09  
Rb88         88           37           0.00000E+00  
Sr86         86           38           1.01150E-09  
Sr87         87           38           4.23460E-10  
Sr88         88           38           1.14180E-08  
Sr89         89           38           0.00000E+00  
Sr90         90           38           8.73510E-13  
Sr91         91           38           0.00000E+00  
Sr92         92           38           0.00000E+00  
Y89          89           39           3.10280E-09  
Y90          90           39           0.00000E+00  
Y91          91           39           0.00000E+00  
Y92          92           39           0.00000E+00  
Y93          93           39           0.00000E+00  
Zr90         90           40           2.39820E-09  
Zr91         91           40           7.68540E-10  
Zr92         92           40           1.23870E-09  
Zr93         93           40           4.73770E-10  
Zr94         94           40           1.56220E-09  
Zr95         95           40           0.00000E+00  
Zr96         96           40           1.06310E-09  
Zr97         97           40           0.00000E+00  
Nb93         93           41           1.14940E-11  
Nb94         94           41           0.00000E+00  
Nb95         95           41           0.00000E+00  
Nb96         96           41           0.00000E+00  
Nb97         97           41           0.00000E+00  
Mo92         92           42           -7.07120E-13 
Mo93         93           42           0.00000E+00  
Mo94         94           42           -3.97800E-13 
Mo95         95           42           2.22820E-10  
Mo96         96           42           3.22240E-10  
Mo97         97           42           1.60360E-10  
Mo98         98           42           5.21870E-10  
Mo99         99           42           0.00000E+00  
Mo00         100          42           6.32740E-11  
Tc97         97           43           0.00000E+00  
Tc98         98           43           0.00000E+00  
Tc99         99           43           6.17140E-11  
Ru96         96           44           -1.80160E-13 
Ru97         97           44           0.00000E+00  
Ru98         98           44           0.00000E+00  
Ru99         99           44           1.24710E-11  
Ru00         100          44           2.29660E-10  
Ru01         101          44           5.49520E-11  
Ru02         102          44           3.36780E-10  
Ru03         103          44           0.00000E+00  
Ru04         104          44           5.40430E-11  
Ru05         105          44           0.00000E+00  
Ru06         106          44           0.00000E+00  
Rh03         103          45           6.19120E-11  
Rh05         105          45           0.00000E+00  
Pd04         104          46           1.58070E-10  
Pd05         105          46           4.72560E-11  
Pd06         106          46           2.11630E-10  
Pd07         107          46           4.07750E-11  
Pd08         108          46           2.55720E-10  
Pd09         109          46           0.00000E+00  
Pd10         110          46           5.05090E-11  
Ag07         107          47           -2.74680E-13 
Ag09         109          47           7.49500E-11  
Ag11         111          47           0.00000E+00  
Cd08         108          48           0.00000E+00  
Cd09         109          48           0.00000E+00  
Cd10         110          48           1.91410E-10  
Cd11         111          48           7.20210E-11  
Cd12         112          48           2.72240E-10  
Cd13         113          48           7.83120E-11  
Cd14         114          48           3.82360E-10  
Cd15         115          48           0.00000E+00  
Cd16         116          48           1.40860E-10  
In13         113          49           0.00000E+00  
In15         115          49           7.92800E-11  
Sn14         114          50           0.00000E+00  
Sn15         115          50           0.00000E+00  
Sn16         116          50           4.24840E-10  
Sn17         117          50           1.54060E-10  
Sn18         118          50           7.16120E-10  
Sn19         119          50           2.12150E-10  
Sn20         120          50           1.07690E-09  
Sn21         121          50           0.00000E+00  
Sn22         122          50           4.80420E-10  
Sn23         123          50           0.00000E+00  
Sn24         124          50           1.88840E-10  
Sb21         121          51           8.57570E-11  
Sb22         122          51           0.00000E+00  
Sb23         123          51           5.32260E-11  
Sb24         124          51           0.00000E+00  
Sb25         125          51           0.00000E+00  
Te22         122          52           1.15750E-10  
Te23         123          52           3.84180E-11  
Te24         124          52           2.83000E-10  
Te25         125          52           9.99670E-11  
Te26         126          52           5.07660E-10  
Te27         127          52           0.00000E+00  
Te28         128          52           8.79470E-11  
Te30         130          52           -3.40780E-12 
I127         127          53           6.64170E-11  
I128         128          53           0.00000E+00  
I129         129          53           3.72470E-12  
I130         130          53           0.00000E+00  
I131         131          53           0.00000E+00  
I132         132          53           0.00000E+00  
I133         133          53           0.00000E+00  
Xe28         128          54           1.51420E-10  
Xe29         129          54           6.17320E-11  
Xe30         130          54           3.08850E-10  
Xe31         131          54           8.56330E-11  
Xe32         132          54           5.58320E-10  
Xe33         133          54           0.00000E+00  
Xe34         134          54           3.79440E-10  
Xe35         135          54           0.00000E+00  
Xe36         136          54           2.67590E-10  
Cs33         133          55           8.20780E-11  
Cs34         134          55           0.00000E+00  
Cs35         135          55           9.48850E-11  
Cs36         136          55           0.00000E+00  
Cs37         137          55           5.59720E-13  
Ba34         134          56           1.51040E-10  
Ba35         135          56           4.68550E-11  
Ba36         136          56           4.76940E-10  
Ba37         137          56           1.05640E-09  
Ba38         138          56           5.29810E-09  
Ba39         139          56           0.00000E+00  
Ba40         140          56           0.00000E+00  
La39         139          57           6.34790E-10  
La40         140          57           0.00000E+00  
Ce40         140          58           1.41410E-09  
Ce41         141          58           0.00000E+00  
Ce42         142          58           3.09250E-10  
Ce43         143          58           0.00000E+00  
Ce44         144          58           0.00000E+00  
Pr41         141          59           1.69930E-10  
Pr42         142          59           0.00000E+00  
Pr43         143          59           0.00000E+00  
Pr45         145          59           0.00000E+00  
Nd42         142          60           2.82640E-10  
Nd43         143          60           8.20950E-11  
Nd44         144          60           3.19540E-10  
Nd45         145          60           5.98820E-11  
Nd46         146          60           2.89010E-10  
Nd47         147          60           0.00000E+00  
Nd48         148          60           6.63410E-11  
Nd49         149          60           0.00000E+00  
Nd50         150          60           2.88850E-12  
Pm45         145          61           0.00000E+00  
Pm46         146          61           0.00000E+00  
Pm47         147          61           0.00000E+00  
Pm48         148          61           0.00000E+00  
Pm49         149          61           0.00000E+00  
Pm50         150          61           0.00000E+00  
Pm51         151          61           0.00000E+00  
Sm44         144          62           0.00000E+00  
Sm45         145          62           0.00000E+00  
Sm46         146          62           0.00000E+00  
Sm47         147          62           3.55640E-11  
Sm48         148          62           6.43860E-11  
Sm49         149          62           1.59240E-11  
Sm50         150          62           6.32180E-11  
Sm51         151          62           0.00000E+00  
Sm52         152          62           5.63640E-11  
Sm53         153          62           0.00000E+00  
Sm54         154          62           3.05930E-11  
Eu51         151          63           9.38760E-12  
Eu52         152          63           0.00000E+00  
Eu53         153          63           1.15280E-11  
Eu54         154          63           0.00000E+00  
Eu55         155          63           0.00000E+00  
Eu56         156          63           0.00000E+00  
Eu57         157          63           0.00000E+00  
Gd52         152          64           6.28930E-13  
Gd53         153          64           0.00000E+00  
Gd54         154          64           1.35950E-11  
Gd55         155          64           1.66110E-11  
Gd56         156          64           4.72810E-11  
Gd57         157          64           2.25910E-11  
Gd58         158          64           8.65700E-11  
Gd59         159          64           0.00000E+00  
Gd60         160          64           2.58600E-11  
Tb59         159          65           2.11100E-11  
Tb60         160          65           0.00000E+00  
Tb61         161          65           0.00000E+00  
Dy60         160          66           2.83750E-11  
Dy61         161          66           1.68780E-11  
Dy62         162          66           6.76120E-11  
Dy63         163          66           2.09780E-11  
Dy64         164          66           1.00340E-10  
Dy65         165          66           0.00000E+00  
Dy66         166          66           0.00000E+00  
Ho63         163          67           8.04500E-13  
Ho64         164          67           0.00000E+00  
Ho65         165          67           2.82960E-11  
Ho66         166          67           0.00000E+00  
Er64         164          68           1.23530E-11  
Er65         165          68           0.00000E+00  
Er66         166          68           4.26020E-11  
Er67         167          68           2.16620E-11  
Er68         168          68           8.37200E-11  
Er69         169          68           0.00000E+00  
Er70         170          68           4.99010E-11  
Er71         171          68           0.00000E+00  
Er72         172          68           0.00000E+00  
Tm69         169          69           1.88300E-11  
Tm70         170          69           0.00000E+00  
Tm71         171          69           0.00000E+00  
Tm72         172          69           0.00000E+00  
Tm73         173          69           0.00000E+00  
Yb70         170          70           2.22410E-11  
Yb71         171          70           4.08190E-11  
Yb72         172          70           8.85610E-11  
Yb73         173          70           4.36880E-11  
Yb74         174          70           2.00630E-10  
Yb75         175          70           0.00000E+00  
Yb76         176          70           5.73020E-11  
Yb77         177          70           0.00000E+00  
Lu75         175          71           2.87580E-11  
Lu76         176          71           1.43800E-11  
Lu77         177          71           0.00000E+00  
Hf76         176          72           1.17350E-11  
Hf77         177          72           2.69480E-11  
Hf78         178          72           1.12550E-10  
Hf79         179          72           3.97530E-11  
Hf80         180          72           2.12780E-10  
Hf81         181          72           0.00000E+00  
Hf82         182          72           2.25160E-11  
Hf83         183          72           0.00000E+00  
Hf84         184          72           0.00000E+00  
Ta79         179          73           0.00000E+00  
Ta80         180          73           0.00000E+00  
Ta81         181          73           4.70990E-11  
Ta82         182          73           0.00000E+00  
Ta83         183          73           0.00000E+00  
Ta84         184          73           0.00000E+00  
W180         180          74           0.00000E+00  
W181         181          74           0.00000E+00  
W182         182          74           7.33870E-11  
W183         183          74           5.75190E-11  
W184         184          74           1.41390E-10  
W185         185          74           0.00000E+00  
W186         186          74           7.79190E-11  
W187         187          74           0.00000E+00  
W188         188          74           0.00000E+00  
Re85         185          75           3.09170E-11  
Re86         186          75           0.00000E+00  
Re87         187          75           2.03210E-11  
Re88         188          75           0.00000E+00  
Re89         189          75           0.00000E+00  
Os86         186          76           4.08640E-11  
Os87         187          76           1.20370E-11  
Os88         188          76           1.19620E-10  
Os89         189          76           2.61500E-11  
Os90         190          76           1.32960E-10  
Os91         191          76           0.00000E+00  
Os92         192          76           9.54150E-11  
Os93         193          76           0.00000E+00  
Os94         194          76           0.00000E+00  
Ir91         191          77           2.54620E-11  
Ir92         192          77           0.00000E+00  
Ir93         193          77           3.65100E-11  
Ir94         194          77           0.00000E+00  
Ir95         195          77           0.00000E+00  
Pt92         192          78           3.11660E-11  
Pt93         193          78           0.00000E+00  
Pt94         194          78           1.75820E-10  
Pt95         195          78           6.47940E-11  
Pt96         196          78           2.21600E-10  
Pt97         197          78           0.00000E+00  
Pt98         198          78           3.89830E-11  
Au97         197          79           6.58610E-11  
Au98         198          79           0.00000E+00  
Au99         199          79           0.00000E+00  
Hg98         198          80           1.83310E-10  
Hg99         199          80           9.52340E-11  
Hg00         200          80           3.01140E-10  
Hg01         201          80           1.29090E-10  
Hg02         202          80           4.82310E-10  
Hg03         203          80           0.00000E+00  
Hg04         204          80           4.11560E-11  
Tl03         203          81           2.25430E-10  
Tl04         204          81           0.00000E+00  
Tl05         205          81           2.96180E-10  
Pb04         204          82           2.45180E-10  
Pb05         205          82           3.76020E-11  
Pb06         206          82           3.68590E-09  
Pb07         207          82           3.84200E-09  
Pb08         208          82           9.48570E-08  
Pb09         209          82           0.00000E+00  
Pb10         210          82           0.00000E+00  
Bi09         209          83           2.56040E-09  
Bi10         210          83           0.00000E+00  
Po10         210          84           0.00000E+00  
