Isotope      A            Z            YIELD 
H            1            1            -6.69970E-02 
He4          4            2            5.36120E-02  
C12          12           6            1.19290E-02  
C13          13           6            3.29950E-06  
C14          14           6            9.07680E-10  
N14          14           7            1.33360E-04  
N15          15           7            -1.63730E-07 
O16          16           8            2.79670E-04  
O17          17           8            7.48290E-06  
O18          18           8            -5.25410E-07 
F18          18           9            0.00000E+00  
F19          19           9            1.28490E-06  
Ne20         20           10           2.03690E-06  
Ne21         21           10           2.26330E-07  
Ne22         22           10           7.21790E-04  
Na22         22           11           0.00000E+00  
Na23         23           11           6.49880E-06  
Na24         24           11           0.00000E+00  
Mg24         24           12           1.11960E-05  
Mg25         25           12           7.98310E-06  
Mg26         26           12           8.62020E-06  
Al26         26           13           2.87300E-08  
Al27         27           13           1.06370E-06  
Si28         28           14           1.65970E-07  
Si29         29           14           7.48080E-08  
Si30         30           14           2.48050E-07  
Si31         31           14           0.00000E+00  
Si32         32           14           0.00000E+00  
P31          31           15           1.41610E-07  
P32          32           15           0.00000E+00  
P33          33           15           0.00000E+00  
S32          32           16           -2.49200E-07 
S33          33           16           1.82520E-08  
S34          34           16           1.02690E-07  
S35          35           16           0.00000E+00  
S36          36           16           7.31860E-09  
Cl35         35           17           -5.18870E-09 
Cl36         36           17           2.66300E-10  
Cl37         37           17           2.70530E-08  
Ar36         36           18           -1.36160E-07 
Ar37         37           18           0.00000E+00  
Ar38         38           18           3.75160E-08  
Ar39         39           18           6.73090E-12  
Ar40         40           18           8.85470E-09  
Ar41         41           18           0.00000E+00  
Ar42         42           18           0.00000E+00  
K39          39           19           7.46470E-09  
K40          40           19           1.75780E-09  
K41          41           19           6.78360E-09  
K42          42           19           0.00000E+00  
K43          43           19           0.00000E+00  
Ca40         40           20           -8.57050E-08 
Ca41         41           20           5.26600E-10  
Ca42         42           20           5.89720E-09  
Ca43         43           20           1.36060E-09  
Ca44         44           20           3.82050E-09  
Ca45         45           20           0.00000E+00  
Ca46         46           20           1.08310E-09  
Ca47         47           20           0.00000E+00  
Ca48         48           20           -5.10310E-11 
Sc45         45           21           1.42420E-09  
Sc46         46           21           0.00000E+00  
Sc47         47           21           0.00000E+00  
Sc48         48           21           0.00000E+00  
Sc49         49           21           0.00000E+00  
Ti46         46           22           1.06880E-09  
Ti47         47           22           2.99590E-11  
Ti48         48           22           -5.04250E-09 
Ti49         49           22           4.37940E-09  
Ti50         50           22           1.45540E-08  
V50          50           23           -3.26270E-12 
V51          51           23           2.10270E-11  
Cr50         50           24           -2.60650E-09 
Cr51         51           24           0.00000E+00  
Cr52         52           24           -1.71070E-08 
Cr53         53           24           -1.43980E-09 
Cr54         54           24           1.59020E-08  
Mn55         55           25           4.58570E-09  
Mn56         56           25           0.00000E+00  
Fe54         54           26           -2.09120E-07 
Fe55         55           26           6.35490E-13  
Fe56         56           26           -1.84860E-06 
Fe57         57           26           4.76110E-07  
Fe58         58           26           7.56960E-07  
Fe59         59           26           0.00000E+00  
Fe60         60           26           4.96590E-08  
Co59         59           27           1.69480E-07  
Co60         60           27           1.74440E-13  
Ni58         58           28           -1.54190E-07 
Ni59         59           28           3.11650E-09  
Ni60         60           28           8.41430E-08  
Ni61         61           28           5.35800E-08  
Ni62         62           28           9.67420E-08  
Ni63         63           28           7.20180E-12  
Ni64         64           28           1.07780E-07  
Ni65         65           28           0.00000E+00  
Ni66         66           28           0.00000E+00  
Cu63         63           29           5.77050E-08  
Cu64         64           29           0.00000E+00  
Cu65         65           29           2.79490E-08  
Cu66         66           29           0.00000E+00  
Cu67         67           29           0.00000E+00  
Zn64         64           30           7.78990E-09  
Zn65         65           30           0.00000E+00  
Zn66         66           30           2.83130E-08  
Zn67         67           30           6.25100E-09  
Zn68         68           30           3.15280E-08  
Zn69         69           30           0.00000E+00  
Zn70         70           30           5.44980E-11  
Ga69         69           31           4.60790E-09  
Ga70         70           31           0.00000E+00  
Ga71         71           31           3.99270E-09  
Ga72         72           31           0.00000E+00  
Ga73         73           31           0.00000E+00  
Ge70         70           32           7.27770E-09  
Ge71         71           32           0.00000E+00  
Ge72         72           32           7.88010E-09  
Ge73         73           32           2.29090E-09  
Ge74         74           32           1.01680E-08  
Ge75         75           32           0.00000E+00  
Ge76         76           32           5.49790E-11  
Ge77         77           32           0.00000E+00  
As75         75           33           9.14970E-10  
As76         76           33           0.00000E+00  
As77         77           33           0.00000E+00  
Se76         76           34           3.35030E-09  
Se77         77           34           1.30940E-09  
Se78         78           34           4.85330E-09  
Se79         79           34           7.96100E-10  
Se80         80           34           9.55090E-09  
Se81         81           34           0.00000E+00  
Se82         82           34           4.56900E-11  
Br79         79           35           1.02010E-09  
Br80         80           35           0.00000E+00  
Br81         81           35           1.38470E-09  
Br82         82           35           0.00000E+00  
Br83         83           35           0.00000E+00  
Br84         84           35           0.00000E+00  
Kr80         80           36           2.24450E-10  
Kr81         81           36           1.72170E-11  
Kr82         82           36           5.16520E-09  
Kr83         83           36           1.83910E-09  
Kr84         84           36           1.25360E-08  
Kr85         85           36           0.00000E+00  
Kr86         86           36           9.05730E-09  
Kr87         87           36           0.00000E+00  
Kr88         88           36           0.00000E+00  
Rb85         85           37           3.19970E-09  
Rb86         86           37           0.00000E+00  
Rb87         87           37           4.28850E-09  
Rb88         88           37           0.00000E+00  
Sr86         86           38           3.71380E-09  
Sr87         87           38           2.44190E-09  
Sr88         88           38           6.35100E-08  
Sr89         89           38           0.00000E+00  
Sr90         90           38           0.00000E+00  
Sr91         91           38           0.00000E+00  
Sr92         92           38           0.00000E+00  
Y89          89           39           1.59270E-08  
Y90          90           39           0.00000E+00  
Y91          91           39           0.00000E+00  
Y92          92           39           0.00000E+00  
Y93          93           39           0.00000E+00  
Zr90         90           40           1.45950E-08  
Zr91         91           40           4.71380E-09  
Zr92         92           40           7.91740E-09  
Zr93         93           40           2.08060E-09  
Zr94         94           40           1.00900E-08  
Zr95         95           40           0.00000E+00  
Zr96         96           40           3.75000E-09  
Zr97         97           40           0.00000E+00  
Nb93         93           41           5.32210E-10  
Nb94         94           41           0.00000E+00  
Nb95         95           41           0.00000E+00  
Nb96         96           41           0.00000E+00  
Nb97         97           41           0.00000E+00  
Mo92         92           42           -3.76060E-12 
Mo93         93           42           0.00000E+00  
Mo94         94           42           2.00540E-11  
Mo95         95           42           1.16580E-09  
Mo96         96           42           1.96500E-09  
Mo97         97           42           7.37720E-10  
Mo98         98           42           2.51670E-09  
Mo99         99           42           0.00000E+00  
Mo00         100          42           2.08890E-10  
Tc97         97           43           0.00000E+00  
Tc98         98           43           0.00000E+00  
Tc99         99           43           7.91960E-11  
Ru96         96           44           -1.06270E-12 
Ru97         97           44           0.00000E+00  
Ru98         98           44           -3.28630E-13 
Ru99         99           44           2.65060E-10  
Ru00         100          44           1.20390E-09  
Ru01         101          44           2.78430E-10  
Ru02         102          44           1.44570E-09  
Ru03         103          44           0.00000E+00  
Ru04         104          44           1.91210E-10  
Ru05         105          44           0.00000E+00  
Ru06         106          44           0.00000E+00  
Rh03         103          45           3.06150E-10  
Rh05         105          45           0.00000E+00  
Pd04         104          46           9.08100E-10  
Pd05         105          46           2.56710E-10  
Pd06         106          46           1.17010E-09  
Pd07         107          46           2.18200E-10  
Pd08         108          46           1.46620E-09  
Pd09         109          46           0.00000E+00  
Pd10         110          46           2.06320E-10  
Ag07         107          47           1.04220E-11  
Ag09         109          47           3.73910E-10  
Ag11         111          47           0.00000E+00  
Cd08         108          48           9.54090E-13  
Cd09         109          48           0.00000E+00  
Cd10         110          48           1.16040E-09  
Cd11         111          48           4.23740E-10  
Cd12         112          48           1.61430E-09  
Cd13         113          48           4.71370E-10  
Cd14         114          48           2.36670E-09  
Cd15         115          48           0.00000E+00  
Cd16         116          48           4.95180E-10  
In13         113          49           0.00000E+00  
In15         115          49           4.79770E-10  
Sn14         114          50           -2.91230E-13 
Sn15         115          50           -1.48860E-13 
Sn16         116          50           3.04740E-09  
Sn17         117          50           1.00220E-09  
Sn18         118          50           4.81720E-09  
Sn19         119          50           1.42120E-09  
Sn20         120          50           7.93440E-09  
Sn21         121          50           0.00000E+00  
Sn22         122          50           1.18040E-09  
Sn23         123          50           0.00000E+00  
Sn24         124          50           6.45850E-11  
Sb21         121          51           6.12300E-10  
Sb22         122          51           0.00000E+00  
Sb23         123          51           2.12380E-10  
Sb24         124          51           0.00000E+00  
Sb25         125          51           0.00000E+00  
Te22         122          52           8.92330E-10  
Te23         123          52           2.99590E-10  
Te24         124          52           1.88450E-09  
Te25         125          52           6.24750E-10  
Te26         126          52           3.53740E-09  
Te27         127          52           0.00000E+00  
Te28         128          52           4.87630E-10  
Te30         130          52           -1.15410E-11 
I127         127          53           4.64800E-10  
I128         128          53           0.00000E+00  
I129         129          53           1.34690E-11  
I130         130          53           0.00000E+00  
I131         131          53           0.00000E+00  
I132         132          53           0.00000E+00  
I133         133          53           0.00000E+00  
Xe28         128          54           1.11220E-09  
Xe29         129          54           4.48560E-10  
Xe30         130          54           2.39150E-09  
Xe31         131          54           6.70930E-10  
Xe32         132          54           4.93960E-09  
Xe33         133          54           0.00000E+00  
Xe34         134          54           1.28680E-09  
Xe35         135          54           0.00000E+00  
Xe36         136          54           4.63360E-11  
Cs33         133          55           7.05700E-10  
Cs34         134          55           0.00000E+00  
Cs35         135          55           5.92760E-10  
Cs36         136          55           0.00000E+00  
Cs37         137          55           0.00000E+00  
Ba34         134          56           1.44470E-09  
Ba35         135          56           5.09910E-10  
Ba36         136          56           4.88800E-09  
Ba37         137          56           5.44700E-09  
Ba38         138          56           6.96910E-08  
Ba39         139          56           0.00000E+00  
Ba40         140          56           0.00000E+00  
La39         139          57           8.67800E-09  
La40         140          57           0.00000E+00  
Ce40         140          58           2.64080E-08  
Ce41         141          58           0.00000E+00  
Ce42         142          58           2.10050E-09  
Ce43         143          58           0.00000E+00  
Ce44         144          58           0.00000E+00  
Pr41         141          59           2.87400E-09  
Pr42         142          59           0.00000E+00  
Pr43         143          59           0.00000E+00  
Pr45         145          59           0.00000E+00  
Nd42         142          60           6.13280E-09  
Nd43         143          60           1.16370E-09  
Nd44         144          60           3.84120E-09  
Nd45         145          60           7.14570E-10  
Nd46         146          60           3.56300E-09  
Nd47         147          60           0.00000E+00  
Nd48         148          60           6.56890E-10  
Nd49         149          60           0.00000E+00  
Nd50         150          60           3.14360E-11  
Pm45         145          61           0.00000E+00  
Pm46         146          61           0.00000E+00  
Pm47         147          61           0.00000E+00  
Pm48         148          61           0.00000E+00  
Pm49         149          61           0.00000E+00  
Pm50         150          61           0.00000E+00  
Pm51         151          61           0.00000E+00  
Sm44         144          62           -1.15000E-13 
Sm45         145          62           0.00000E+00  
Sm46         146          62           0.00000E+00  
Sm47         147          62           4.13080E-10  
Sm48         148          62           9.11680E-10  
Sm49         149          62           1.79020E-10  
Sm50         150          62           7.82040E-10  
Sm51         151          62           0.00000E+00  
Sm52         152          62           6.78230E-10  
Sm53         153          62           0.00000E+00  
Sm54         154          62           3.08210E-10  
Eu51         151          63           1.09000E-10  
Eu52         152          63           0.00000E+00  
Eu53         153          63           1.25400E-10  
Eu54         154          63           0.00000E+00  
Eu55         155          63           0.00000E+00  
Eu56         156          63           0.00000E+00  
Eu57         157          63           0.00000E+00  
Gd52         152          64           8.60270E-12  
Gd53         153          64           0.00000E+00  
Gd54         154          64           1.90630E-10  
Gd55         155          64           1.76550E-10  
Gd56         156          64           5.63610E-10  
Gd57         157          64           2.58480E-10  
Gd58         158          64           1.02540E-09  
Gd59         159          64           0.00000E+00  
Gd60         160          64           2.32920E-10  
Tb59         159          65           2.29800E-10  
Tb60         160          65           0.00000E+00  
Tb61         161          65           0.00000E+00  
Dy60         160          66           3.31830E-10  
Dy61         161          66           1.73700E-10  
Dy62         162          66           7.39130E-10  
Dy63         163          66           2.30320E-10  
Dy64         164          66           1.20730E-09  
Dy65         165          66           0.00000E+00  
Dy66         166          66           0.00000E+00  
Ho63         163          67           4.78590E-13  
Ho64         164          67           0.00000E+00  
Ho65         165          67           3.09880E-10  
Ho66         166          67           0.00000E+00  
Er64         164          68           1.30700E-10  
Er65         165          68           0.00000E+00  
Er66         166          68           4.69700E-10  
Er67         167          68           2.16090E-10  
Er68         168          68           9.14720E-10  
Er69         169          68           0.00000E+00  
Er70         170          68           4.52560E-10  
Er71         171          68           0.00000E+00  
Er72         172          68           0.00000E+00  
Tm69         169          69           2.43510E-10  
Tm70         170          69           0.00000E+00  
Tm71         171          69           0.00000E+00  
Tm72         172          69           0.00000E+00  
Tm73         173          69           0.00000E+00  
Yb70         170          70           2.89590E-10  
Yb71         171          70           4.11850E-10  
Yb72         172          70           1.05080E-09  
Yb73         173          70           4.86970E-10  
Yb74         174          70           2.35070E-09  
Yb75         175          70           0.00000E+00  
Yb76         176          70           5.32850E-10  
Yb77         177          70           0.00000E+00  
Lu75         175          71           3.28380E-10  
Lu76         176          71           5.81890E-11  
Lu77         177          71           0.00000E+00  
Hf76         176          72           4.13870E-10  
Hf77         177          72           2.86470E-10  
Hf78         178          72           1.30480E-09  
Hf79         179          72           4.44870E-10  
Hf80         180          72           2.44190E-09  
Hf81         181          72           0.00000E+00  
Hf82         182          72           3.32580E-10  
Hf83         183          72           0.00000E+00  
Hf84         184          72           0.00000E+00  
Ta79         179          73           0.00000E+00  
Ta80         180          73           0.00000E+00  
Ta81         181          73           5.16580E-10  
Ta82         182          73           0.00000E+00  
Ta83         183          73           0.00000E+00  
Ta84         184          73           0.00000E+00  
W180         180          74           0.00000E+00  
W181         181          74           0.00000E+00  
W182         182          74           8.93980E-10  
W183         183          74           6.49170E-10  
W184         184          74           1.74520E-09  
W185         185          74           0.00000E+00  
W186         186          74           1.15440E-09  
W187         187          74           0.00000E+00  
W188         188          74           0.00000E+00  
Re85         185          75           3.38350E-10  
Re86         186          75           0.00000E+00  
Re87         187          75           2.30440E-10  
Re88         188          75           0.00000E+00  
Re89         189          75           0.00000E+00  
Os86         186          76           5.84650E-10  
Os87         187          76           1.64070E-10  
Os88         188          76           1.06170E-09  
Os89         189          76           2.91490E-10  
Os90         190          76           1.44510E-09  
Os91         191          76           0.00000E+00  
Os92         192          76           3.92190E-10  
Os93         193          76           0.00000E+00  
Os94         194          76           0.00000E+00  
Ir91         191          77           3.10640E-10  
Ir92         192          77           0.00000E+00  
Ir93         193          77           3.81870E-10  
Ir94         194          77           0.00000E+00  
Ir95         195          77           0.00000E+00  
Pt92         192          78           4.26240E-10  
Pt93         193          78           0.00000E+00  
Pt94         194          78           1.81180E-09  
Pt95         195          78           6.75590E-10  
Pt96         196          78           2.59800E-09  
Pt97         197          78           0.00000E+00  
Pt98         198          78           3.35040E-10  
Au97         197          79           7.15300E-10  
Au98         198          79           0.00000E+00  
Au99         199          79           0.00000E+00  
Hg98         198          80           2.09190E-09  
Hg99         199          80           1.04140E-09  
Hg00         200          80           3.60110E-09  
Hg01         201          80           1.55470E-09  
Hg02         202          80           5.96210E-09  
Hg03         203          80           0.00000E+00  
Hg04         204          80           3.04190E-10  
Tl03         203          81           3.05300E-09  
Tl04         204          81           0.00000E+00  
Tl05         205          81           6.23220E-09  
Pb04         204          82           3.45160E-09  
Pb05         205          82           2.64350E-10  
Pb06         206          82           3.13020E-08  
Pb07         207          82           5.12130E-08  
Pb08         208          82           3.65610E-07  
Pb09         209          82           0.00000E+00  
Pb10         210          82           0.00000E+00  
Bi09         209          83           6.59340E-09  
Bi10         210          83           0.00000E+00  
Po10         210          84           0.00000E+00  
