Isotope      A            Z            YIELD 
H            1            1            -3.49790E-01 
He4          4            2            3.48070E-01  
C12          12           6            -3.93100E-03 
C13          13           6            1.86350E-04  
C14          14           6            5.62930E-08  
N14          14           7            9.49020E-03  
N15          15           7            -8.59850E-06 
O16          16           8            -4.11040E-03 
O17          17           8            5.71910E-05  
O18          18           8            -2.76530E-05 
F18          18           9            0.00000E+00  
F19          19           9            -2.97260E-07 
Ne20         20           10           -1.27860E-05 
Ne21         21           10           1.07370E-05  
Ne22         22           10           -2.11490E-05 
Na22         22           11           0.00000E+00  
Na23         23           11           1.00820E-04  
Na24         24           11           0.00000E+00  
Mg24         24           12           -3.02240E-06 
Mg25         25           12           -3.36200E-05 
Mg26         26           12           4.02960E-05  
Al26         26           13           7.52620E-07  
Al27         27           13           4.55870E-06  
Si28         28           14           1.72620E-06  
Si29         29           14           1.52700E-07  
Si30         30           14           2.89200E-07  
Si31         31           14           0.00000E+00  
Si32         32           14           0.00000E+00  
P31          31           15           7.97520E-08  
P32          32           15           0.00000E+00  
P33          33           15           0.00000E+00  
S32          32           16           -2.89880E-07 
S33          33           16           2.20500E-08  
S34          34           16           1.10630E-07  
S35          35           16           0.00000E+00  
S36          36           16           6.14740E-09  
Cl35         35           17           -9.50000E-09 
Cl36         36           17           4.18720E-09  
Cl37         37           17           1.15520E-07  
Ar36         36           18           -2.19060E-07 
Ar37         37           18           0.00000E+00  
Ar38         38           18           3.94150E-08  
Ar39         39           18           4.76820E-11  
Ar40         40           18           4.37820E-09  
Ar41         41           18           0.00000E+00  
Ar42         42           18           0.00000E+00  
K39          39           19           8.37070E-09  
K40          40           19           5.23410E-09  
K41          41           19           2.05570E-08  
K42          42           19           0.00000E+00  
K43          43           19           0.00000E+00  
Ca40         40           20           -1.07860E-07 
Ca41         41           20           1.79100E-08  
Ca42         42           20           5.90570E-09  
Ca43         43           20           9.37920E-10  
Ca44         44           20           6.85890E-10  
Ca45         45           20           0.00000E+00  
Ca46         46           20           3.84540E-10  
Ca47         47           20           0.00000E+00  
Ca48         48           20           -4.53700E-11 
Sc45         45           21           1.70170E-09  
Sc46         46           21           0.00000E+00  
Sc47         47           21           0.00000E+00  
Sc48         48           21           0.00000E+00  
Sc49         49           21           0.00000E+00  
Ti46         46           22           1.96240E-10  
Ti47         47           22           -2.07010E-09 
Ti48         48           22           -1.07720E-08 
Ti49         49           22           1.09010E-08  
Ti50         50           22           5.90530E-09  
V50          50           23           -1.20630E-11 
V51          51           23           2.96540E-09  
Cr50         50           24           -9.88930E-09 
Cr51         51           24           0.00000E+00  
Cr52         52           24           -2.18230E-08 
Cr53         53           24           -1.65800E-08 
Cr54         54           24           4.19120E-08  
Mn55         55           25           2.84270E-07  
Mn56         56           25           0.00000E+00  
Fe54         54           26           -6.29210E-07 
Fe55         55           26           2.74660E-12  
Fe56         56           26           -2.36680E-06 
Fe57         57           26           1.23270E-06  
Fe58         58           26           1.08490E-06  
Fe59         59           26           0.00000E+00  
Fe60         60           26           3.62580E-08  
Co59         59           27           2.41780E-07  
Co60         60           27           1.09920E-13  
Ni58         58           28           -2.96080E-07 
Ni59         59           28           7.87560E-08  
Ni60         60           28           5.42370E-08  
Ni61         61           28           1.07340E-07  
Ni62         62           28           8.80160E-08  
Ni63         63           28           5.63400E-11  
Ni64         64           28           4.18900E-08  
Ni65         65           28           0.00000E+00  
Ni66         66           28           0.00000E+00  
Cu63         63           29           5.44190E-08  
Cu64         64           29           0.00000E+00  
Cu65         65           29           1.88470E-08  
Cu66         66           29           0.00000E+00  
Cu67         67           29           0.00000E+00  
Zn64         64           30           -3.03810E-09 
Zn65         65           30           0.00000E+00  
Zn66         66           30           8.48870E-09  
Zn67         67           30           2.85400E-09  
Zn68         68           30           1.21250E-08  
Zn69         69           30           0.00000E+00  
Zn70         70           30           -5.57530E-11 
Ga69         69           31           2.61370E-09  
Ga70         70           31           0.00000E+00  
Ga71         71           31           1.18430E-09  
Ga72         72           31           0.00000E+00  
Ga73         73           31           0.00000E+00  
Ge70         70           32           2.83130E-09  
Ge71         71           32           0.00000E+00  
Ge72         72           32           2.77080E-09  
Ge73         73           32           8.05580E-10  
Ge74         74           32           5.18510E-09  
Ge75         75           32           0.00000E+00  
Ge76         76           32           -6.73580E-11 
Ge77         77           32           0.00000E+00  
As75         75           33           3.66090E-10  
As76         76           33           0.00000E+00  
As77         77           33           0.00000E+00  
Se76         76           34           1.48850E-09  
Se77         77           34           2.81950E-10  
Se78         78           34           3.20260E-09  
Se79         79           34           5.59600E-10  
Se80         80           34           3.00510E-09  
Se81         81           34           0.00000E+00  
Se82         82           34           -1.41580E-11 
Br79         79           35           -4.83240E-10 
Br80         80           35           0.00000E+00  
Br81         81           35           6.86000E-10  
Br82         82           35           0.00000E+00  
Br83         83           35           0.00000E+00  
Br84         84           35           0.00000E+00  
Kr80         80           36           5.93860E-10  
Kr81         81           36           1.06190E-10  
Kr82         82           36           2.07550E-09  
Kr83         83           36           3.73410E-10  
Kr84         84           36           4.48070E-09  
Kr85         85           36           0.00000E+00  
Kr86         86           36           9.48550E-09  
Kr87         87           36           0.00000E+00  
Kr88         88           36           0.00000E+00  
Rb85         85           37           1.26390E-09  
Rb86         86           37           0.00000E+00  
Rb87         87           37           2.78720E-09  
Rb88         88           37           0.00000E+00  
Sr86         86           38           1.60730E-09  
Sr87         87           38           9.04480E-10  
Sr88         88           38           2.13670E-08  
Sr89         89           38           0.00000E+00  
Sr90         90           38           0.00000E+00  
Sr91         91           38           0.00000E+00  
Sr92         92           38           0.00000E+00  
Y89          89           39           5.51900E-09  
Y90          90           39           0.00000E+00  
Y91          91           39           0.00000E+00  
Y92          92           39           0.00000E+00  
Y93          93           39           0.00000E+00  
Zr90         90           40           5.30220E-09  
Zr91         91           40           1.56840E-09  
Zr92         92           40           2.44370E-09  
Zr93         93           40           9.39650E-10  
Zr94         94           40           3.03000E-09  
Zr95         95           40           0.00000E+00  
Zr96         96           40           5.93030E-10  
Zr97         97           40           0.00000E+00  
Nb93         93           41           -4.41240E-11 
Nb94         94           41           0.00000E+00  
Nb95         95           41           0.00000E+00  
Nb96         96           41           0.00000E+00  
Nb97         97           41           0.00000E+00  
Mo92         92           42           -1.56980E-11 
Mo93         93           42           0.00000E+00  
Mo94         94           42           5.21830E-11  
Mo95         95           42           3.95200E-10  
Mo96         96           42           6.45650E-10  
Mo97         97           42           2.28690E-10  
Mo98         98           42           7.89560E-10  
Mo99         99           42           0.00000E+00  
Mo00         100          42           3.64080E-11  
Tc97         97           43           3.40740E-12  
Tc98         98           43           0.00000E+00  
Tc99         99           43           1.00110E-10  
Ru96         96           44           -6.23170E-12 
Ru97         97           44           0.00000E+00  
Ru98         98           44           -9.61180E-13 
Ru99         99           44           -4.15410E-12 
Ru00         100          44           3.86960E-10  
Ru01         101          44           3.53130E-11  
Ru02         102          44           5.68340E-10  
Ru03         103          44           0.00000E+00  
Ru04         104          44           3.09900E-11  
Ru05         105          44           0.00000E+00  
Ru06         106          44           0.00000E+00  
Rh03         103          45           5.57320E-11  
Rh05         105          45           0.00000E+00  
Pd04         104          46           3.22970E-10  
Pd05         105          46           2.70220E-11  
Pd06         106          46           3.87270E-10  
Pd07         107          46           9.20760E-11  
Pd08         108          46           4.22930E-10  
Pd09         109          46           0.00000E+00  
Pd10         110          46           3.98600E-11  
Ag07         107          47           -4.19360E-11 
Ag09         109          47           1.10020E-10  
Ag11         111          47           0.00000E+00  
Cd08         108          48           3.79780E-11  
Cd09         109          48           0.00000E+00  
Cd10         110          48           3.78000E-10  
Cd11         111          48           1.09790E-10  
Cd12         112          48           4.90000E-10  
Cd13         113          48           1.29060E-10  
Cd14         114          48           7.16500E-10  
Cd15         115          48           0.00000E+00  
Cd16         116          48           1.16370E-10  
In13         113          49           -2.11770E-13 
In15         115          49           1.29190E-10  
Sn14         114          50           7.56950E-13  
Sn15         115          50           -1.31060E-13 
Sn16         116          50           9.28440E-10  
Sn17         117          50           2.85380E-10  
Sn18         118          50           1.42840E-09  
Sn19         119          50           4.28400E-10  
Sn20         120          50           2.32360E-09  
Sn21         121          50           0.00000E+00  
Sn22         122          50           2.34380E-10  
Sn23         123          50           0.00000E+00  
Sn24         124          50           1.44140E-12  
Sb21         121          51           1.67470E-10  
Sb22         122          51           0.00000E+00  
Sb23         123          51           2.98120E-11  
Sb24         124          51           0.00000E+00  
Sb25         125          51           0.00000E+00  
Te22         122          52           2.74950E-10  
Te23         123          52           9.20360E-11  
Te24         124          52           5.47500E-10  
Te25         125          52           1.37470E-10  
Te26         126          52           1.00800E-09  
Te27         127          52           0.00000E+00  
Te28         128          52           6.22440E-11  
Te30         130          52           -2.09730E-11 
I127         127          53           -4.89710E-11 
I128         128          53           0.00000E+00  
I129         129          53           4.32500E-12  
I130         130          53           0.00000E+00  
I131         131          53           0.00000E+00  
I132         132          53           0.00000E+00  
I133         133          53           0.00000E+00  
Xe28         128          54           4.67250E-10  
Xe29         129          54           -1.48380E-10 
Xe30         130          54           9.37640E-10  
Xe31         131          54           8.04190E-12  
Xe32         132          54           1.47340E-09  
Xe33         133          54           0.00000E+00  
Xe34         134          54           1.85060E-10  
Xe35         135          54           0.00000E+00  
Xe36         136          54           1.25040E-12  
Cs33         133          55           1.59080E-10  
Cs34         134          55           0.00000E+00  
Cs35         135          55           1.32450E-10  
Cs36         136          55           0.00000E+00  
Cs37         137          55           0.00000E+00  
Ba34         134          56           4.60230E-10  
Ba35         135          56           9.02280E-11  
Ba36         136          56           1.30110E-09  
Ba37         137          56           1.18090E-09  
Ba38         138          56           1.07400E-08  
Ba39         139          56           0.00000E+00  
Ba40         140          56           0.00000E+00  
La39         139          57           1.20090E-09  
La40         140          57           0.00000E+00  
Ce40         140          58           2.69450E-09  
Ce41         141          58           0.00000E+00  
Ce42         142          58           1.53650E-10  
Ce43         143          58           0.00000E+00  
Ce44         144          58           0.00000E+00  
Pr41         141          59           2.86640E-10  
Pr42         142          59           0.00000E+00  
Pr43         143          59           0.00000E+00  
Pr45         145          59           0.00000E+00  
Nd42         142          60           5.84150E-10  
Nd43         143          60           9.81430E-11  
Nd44         144          60           3.35910E-10  
Nd45         145          60           5.51520E-11  
Nd46         146          60           2.93370E-10  
Nd47         147          60           0.00000E+00  
Nd48         148          60           4.99750E-11  
Nd49         149          60           0.00000E+00  
Nd50         150          60           -3.67450E-12 
Pm45         145          61           0.00000E+00  
Pm46         146          61           0.00000E+00  
Pm47         147          61           0.00000E+00  
Pm48         148          61           0.00000E+00  
Pm49         149          61           0.00000E+00  
Pm50         150          61           0.00000E+00  
Pm51         151          61           0.00000E+00  
Sm44         144          62           -4.31330E-13 
Sm45         145          62           0.00000E+00  
Sm46         146          62           0.00000E+00  
Sm47         147          62           2.63200E-11  
Sm48         148          62           7.40670E-11  
Sm49         149          62           1.00660E-12  
Sm50         150          62           7.29390E-11  
Sm51         151          62           0.00000E+00  
Sm52         152          62           4.27690E-11  
Sm53         153          62           0.00000E+00  
Sm54         154          62           1.67480E-11  
Eu51         151          63           -1.46010E-11 
Eu52         152          63           0.00000E+00  
Eu53         153          63           -4.51420E-12 
Eu54         154          63           0.00000E+00  
Eu55         155          63           0.00000E+00  
Eu56         156          63           0.00000E+00  
Eu57         157          63           0.00000E+00  
Gd52         152          64           1.56640E-11  
Gd53         153          64           0.00000E+00  
Gd54         154          64           3.46530E-11  
Gd55         155          64           -9.01490E-13 
Gd56         156          64           5.21790E-11  
Gd57         157          64           1.09940E-11  
Gd58         158          64           8.82810E-11  
Gd59         159          64           0.00000E+00  
Gd60         160          64           8.48870E-12  
Tb59         159          65           2.90000E-13  
Tb60         160          65           0.00000E+00  
Tb61         161          65           0.00000E+00  
Dy60         160          66           4.21690E-11  
Dy61         161          66           -1.43100E-11 
Dy62         162          66           7.01490E-11  
Dy63         163          66           -1.43280E-11 
Dy64         164          66           1.01200E-10  
Dy65         165          66           0.00000E+00  
Dy66         166          66           0.00000E+00  
Ho63         163          67           1.52430E-12  
Ho64         164          67           0.00000E+00  
Ho65         165          67           -1.10220E-12 
Ho66         166          67           0.00000E+00  
Er64         164          68           1.67900E-11  
Er65         165          68           0.00000E+00  
Er66         166          68           4.54230E-11  
Er67         167          68           4.34450E-12  
Er68         168          68           8.62940E-11  
Er69         169          68           0.00000E+00  
Er70         170          68           2.72740E-11  
Er71         171          68           0.00000E+00  
Er72         172          68           0.00000E+00  
Tm69         169          69           5.51410E-12  
Tm70         170          69           0.00000E+00  
Tm71         171          69           0.00000E+00  
Tm72         172          69           0.00000E+00  
Tm73         173          69           0.00000E+00  
Yb70         170          70           3.03330E-11  
Yb71         171          70           2.50180E-11  
Yb72         172          70           6.99040E-11  
Yb73         173          70           2.62450E-11  
Yb74         174          70           1.52620E-10  
Yb75         175          70           0.00000E+00  
Yb76         176          70           2.65440E-11  
Yb77         177          70           0.00000E+00  
Lu75         175          71           1.03380E-11  
Lu76         176          71           4.51930E-12  
Lu77         177          71           0.00000E+00  
Hf76         176          72           3.32730E-11  
Hf77         177          72           7.06510E-12  
Hf78         178          72           8.21970E-11  
Hf79         179          72           2.38370E-11  
Hf80         180          72           1.44400E-10  
Hf81         181          72           0.00000E+00  
Hf82         182          72           9.98180E-12  
Hf83         183          72           0.00000E+00  
Hf84         184          72           0.00000E+00  
Ta79         179          73           0.00000E+00  
Ta80         180          73           0.00000E+00  
Ta81         181          73           2.62780E-11  
Ta82         182          73           0.00000E+00  
Ta83         183          73           0.00000E+00  
Ta84         184          73           0.00000E+00  
W180         180          74           0.00000E+00  
W181         181          74           0.00000E+00  
W182         182          74           5.03990E-11  
W183         183          74           3.65160E-11  
W184         184          74           9.19110E-11  
W185         185          74           0.00000E+00  
W186         186          74           4.60000E-11  
W187         187          74           0.00000E+00  
W188         188          74           0.00000E+00  
Re85         185          75           1.55380E-11  
Re86         186          75           0.00000E+00  
Re87         187          75           -2.44750E-11 
Re88         188          75           0.00000E+00  
Re89         189          75           0.00000E+00  
Os86         186          76           3.12570E-11  
Os87         187          76           2.96050E-11  
Os88         188          76           7.64700E-11  
Os89         189          76           -3.22920E-11 
Os90         190          76           1.05030E-10  
Os91         191          76           0.00000E+00  
Os92         192          76           1.62340E-11  
Os93         193          76           0.00000E+00  
Os94         194          76           0.00000E+00  
Ir91         191          77           -9.53900E-11 
Ir92         192          77           0.00000E+00  
Ir93         193          77           -1.28690E-10 
Ir94         194          77           0.00000E+00  
Ir95         195          77           0.00000E+00  
Pt92         192          78           1.22710E-10  
Pt93         193          78           0.00000E+00  
Pt94         194          78           1.87600E-10  
Pt95         195          78           -7.00650E-11 
Pt96         196          78           2.32190E-10  
Pt97         197          78           0.00000E+00  
Pt98         198          78           3.81520E-12  
Au97         197          79           3.33870E-12  
Au98         198          79           0.00000E+00  
Au99         199          79           0.00000E+00  
Hg98         198          80           1.63220E-10  
Hg99         199          80           4.57310E-11  
Hg00         200          80           1.70350E-10  
Hg01         201          80           6.63060E-11  
Hg02         202          80           2.66320E-10  
Hg03         203          80           0.00000E+00  
Hg04         204          80           5.95070E-12  
Tl03         203          81           1.20170E-10  
Tl04         204          81           0.00000E+00  
Tl05         205          81           1.50420E-10  
Pb04         204          82           1.38900E-10  
Pb05         205          82           1.83680E-11  
Pb06         206          82           7.38900E-10  
Pb07         207          82           6.10450E-10  
Pb08         208          82           9.25200E-10  
Pb09         209          82           0.00000E+00  
Pb10         210          82           0.00000E+00  
Bi09         209          83           8.90520E-12  
Bi10         210          83           0.00000E+00  
Po10         210          84           0.00000E+00  
