Isotope      A            Z            YIELD 
H            1            1            -3.89510E-02 
He4          4            2            3.09910E-02  
C12          12           6            4.92790E-03  
C13          13           6            7.60060E-05  
C14          14           6            3.37680E-09  
N14          14           7            1.80140E-03  
N15          15           7            -2.83500E-06 
O16          16           8            -9.64930E-05 
O17          17           8            3.53220E-05  
O18          18           8            -7.62720E-06 
F18          18           9            0.00000E+00  
F19          19           9            8.62550E-07  
Ne20         20           10           -2.70730E-06 
Ne21         21           10           5.16870E-08  
Ne22         22           10           8.22610E-04  
Na22         22           11           0.00000E+00  
Na23         23           11           2.52910E-05  
Na24         24           11           0.00000E+00  
Mg24         24           12           8.61110E-06  
Mg25         25           12           -2.44650E-07 
Mg26         26           12           3.61610E-06  
Al26         26           13           5.08270E-07  
Al27         27           13           9.39440E-07  
Si28         28           14           -1.04770E-07 
Si29         29           14           9.08530E-08  
Si30         30           14           5.56800E-07  
Si31         31           14           0.00000E+00  
Si32         32           14           0.00000E+00  
P31          31           15           3.46340E-07  
P32          32           15           0.00000E+00  
P33          33           15           0.00000E+00  
S32          32           16           -7.22830E-07 
S33          33           16           1.05100E-07  
S34          34           16           2.56090E-07  
S35          35           16           0.00000E+00  
S36          36           16           2.19430E-08  
Cl35         35           17           -2.38030E-08 
Cl36         36           17           2.18940E-09  
Cl37         37           17           2.44900E-07  
Ar36         36           18           -5.33230E-07 
Ar37         37           18           0.00000E+00  
Ar38         38           18           1.51470E-07  
Ar39         39           18           2.53240E-12  
Ar40         40           18           1.77620E-08  
Ar41         41           18           0.00000E+00  
Ar42         42           18           0.00000E+00  
K39          39           19           3.55750E-08  
K40          40           19           7.67640E-09  
K41          41           19           4.99310E-08  
K42          42           19           0.00000E+00  
K43          43           19           0.00000E+00  
Ca40         40           20           -3.20790E-07 
Ca41         41           20           6.74130E-09  
Ca42         42           20           2.91530E-08  
Ca43         43           20           5.11040E-09  
Ca44         44           20           2.33670E-08  
Ca45         45           20           0.00000E+00  
Ca46         46           20           8.63940E-10  
Ca47         47           20           0.00000E+00  
Ca48         48           20           -1.69550E-10 
Sc45         45           21           4.98480E-09  
Sc46         46           21           0.00000E+00  
Sc47         47           21           0.00000E+00  
Sc48         48           21           0.00000E+00  
Sc49         49           21           0.00000E+00  
Ti46         46           22           8.33860E-09  
Ti47         47           22           -7.95540E-10 
Ti48         48           22           -2.20480E-08 
Ti49         49           22           2.45400E-08  
Ti50         50           22           4.08370E-08  
V50          50           23           -1.65800E-11 
V51          51           23           6.35180E-10  
Cr50         50           24           -1.34380E-08 
Cr51         51           24           0.00000E+00  
Cr52         52           24           -6.00450E-08 
Cr53         53           24           -1.33480E-08 
Cr54         54           24           5.85840E-08  
Mn55         55           25           1.85680E-07  
Mn56         56           25           0.00000E+00  
Fe54         54           26           -9.96280E-07 
Fe55         55           26           1.40500E-12  
Fe56         56           26           -5.94590E-06 
Fe57         57           26           2.16650E-06  
Fe58         58           26           2.19920E-06  
Fe59         59           26           0.00000E+00  
Fe60         60           26           3.54040E-08  
Co59         59           27           5.36040E-07  
Co60         60           27           1.24370E-13  
Ni58         58           28           -6.75160E-07 
Ni59         59           28           3.89430E-08  
Ni60         60           28           2.06910E-07  
Ni61         61           28           1.74960E-07  
Ni62         62           28           2.85590E-07  
Ni63         63           28           7.57100E-13  
Ni64         64           28           3.05120E-07  
Ni65         65           28           0.00000E+00  
Ni66         66           28           0.00000E+00  
Cu63         63           29           1.00370E-07  
Cu64         64           29           0.00000E+00  
Cu65         65           29           9.86210E-08  
Cu66         66           29           0.00000E+00  
Cu67         67           29           0.00000E+00  
Zn64         64           30           3.60280E-08  
Zn65         65           30           0.00000E+00  
Zn66         66           30           1.09470E-07  
Zn67         67           30           2.49010E-08  
Zn68         68           30           1.44020E-07  
Zn69         69           30           0.00000E+00  
Zn70         70           30           -1.02240E-10 
Ga69         69           31           2.77330E-08  
Ga70         70           31           0.00000E+00  
Ga71         71           31           3.04180E-08  
Ga72         72           31           0.00000E+00  
Ga73         73           31           0.00000E+00  
Ge70         70           32           5.03790E-08  
Ge71         71           32           0.00000E+00  
Ge72         72           32           5.53950E-08  
Ge73         73           32           1.53450E-08  
Ge74         74           32           7.61320E-08  
Ge75         75           32           0.00000E+00  
Ge76         76           32           -1.71760E-10 
Ge77         77           32           0.00000E+00  
As75         75           33           6.77250E-09  
As76         76           33           0.00000E+00  
As77         77           33           0.00000E+00  
Se76         76           34           2.75040E-08  
Se77         77           34           1.10600E-08  
Se78         78           34           4.12970E-08  
Se79         79           34           4.78860E-09  
Se80         80           34           8.20430E-08  
Se81         81           34           0.00000E+00  
Se82         82           34           -3.01480E-11 
Br79         79           35           6.51940E-09  
Br80         80           35           0.00000E+00  
Br81         81           35           1.38670E-08  
Br82         82           35           0.00000E+00  
Br83         83           35           0.00000E+00  
Br84         84           35           0.00000E+00  
Kr80         80           36           8.01500E-09  
Kr81         81           36           1.50100E-09  
Kr82         82           36           5.24100E-08  
Kr83         83           36           1.71240E-08  
Kr84         84           36           1.06500E-07  
Kr85         85           36           0.00000E+00  
Kr86         86           36           1.34990E-08  
Kr87         87           36           0.00000E+00  
Kr88         88           36           0.00000E+00  
Rb85         85           37           1.79780E-08  
Rb86         86           37           0.00000E+00  
Rb87         87           37           5.06830E-09  
Rb88         88           37           0.00000E+00  
Sr86         86           38           5.51780E-08  
Sr87         87           38           3.55390E-08  
Sr88         88           38           6.18830E-07  
Sr89         89           38           0.00000E+00  
Sr90         90           38           0.00000E+00  
Sr91         91           38           0.00000E+00  
Sr92         92           38           0.00000E+00  
Y89          89           39           1.17130E-07  
Y90          90           39           0.00000E+00  
Y91          91           39           0.00000E+00  
Y92          92           39           0.00000E+00  
Y93          93           39           0.00000E+00  
Zr90         90           40           1.19200E-07  
Zr91         91           40           2.74460E-08  
Zr92         92           40           4.35740E-08  
Zr93         93           40           1.21300E-08  
Zr94         94           40           5.67420E-08  
Zr95         95           40           0.00000E+00  
Zr96         96           40           8.72660E-10  
Zr97         97           40           0.00000E+00  
Nb93         93           41           2.60000E-09  
Nb94         94           41           0.00000E+00  
Nb95         95           41           0.00000E+00  
Nb96         96           41           0.00000E+00  
Nb97         97           41           0.00000E+00  
Mo92         92           42           -2.05100E-11 
Mo93         93           42           0.00000E+00  
Mo94         94           42           4.90130E-10  
Mo95         95           42           5.44570E-09  
Mo96         96           42           1.16090E-08  
Mo97         97           42           3.99990E-09  
Mo98         98           42           1.41960E-08  
Mo99         99           42           0.00000E+00  
Mo00         100          42           7.14080E-11  
Tc97         97           43           1.01460E-12  
Tc98         98           43           1.65630E-13  
Tc99         99           43           6.41220E-10  
Ru96         96           44           -7.99990E-12 
Ru97         97           44           0.00000E+00  
Ru98         98           44           -1.23370E-12 
Ru99         99           44           1.29870E-09  
Ru00         100          44           7.03660E-09  
Ru01         101          44           1.50390E-09  
Ru02         102          44           7.56360E-09  
Ru03         103          44           0.00000E+00  
Ru04         104          44           7.23610E-11  
Ru05         105          44           0.00000E+00  
Ru06         106          44           0.00000E+00  
Rh03         103          45           1.56730E-09  
Rh05         105          45           0.00000E+00  
Pd04         104          46           5.21320E-09  
Pd05         105          46           1.32510E-09  
Pd06         106          46           5.98280E-09  
Pd07         107          46           1.14080E-09  
Pd08         108          46           7.29920E-09  
Pd09         109          46           0.00000E+00  
Pd10         110          46           6.59770E-11  
Ag07         107          47           2.33240E-11  
Ag09         109          47           1.88390E-09  
Ag11         111          47           0.00000E+00  
Cd08         108          48           4.01420E-11  
Cd09         109          48           0.00000E+00  
Cd10         110          48           6.14340E-09  
Cd11         111          48           2.05040E-09  
Cd12         112          48           7.35970E-09  
Cd13         113          48           2.16090E-09  
Cd14         114          48           1.03620E-08  
Cd15         115          48           0.00000E+00  
Cd16         116          48           1.07840E-10  
In13         113          49           -9.78370E-13 
In15         115          49           2.02840E-09  
Sn14         114          50           -1.43270E-12 
Sn15         115          50           -7.08310E-13 
Sn16         116          50           1.37960E-08  
Sn17         117          50           4.14110E-09  
Sn18         118          50           1.71920E-08  
Sn19         119          50           5.20960E-09  
Sn20         120          50           2.50130E-08  
Sn21         121          50           0.00000E+00  
Sn22         122          50           8.88970E-11  
Sn23         123          50           0.00000E+00  
Sn24         124          50           -5.67670E-12 
Sb21         121          51           1.88660E-09  
Sb22         122          51           0.00000E+00  
Sb23         123          51           6.71350E-11  
Sb24         124          51           0.00000E+00  
Sb25         125          51           0.00000E+00  
Te22         122          52           3.23620E-09  
Te23         123          52           1.17500E-09  
Te24         124          52           6.16240E-09  
Te25         125          52           2.06070E-09  
Te26         126          52           1.09060E-08  
Te27         127          52           0.00000E+00  
Te28         128          52           1.09340E-09  
Te30         130          52           -4.64930E-11 
I127         127          53           1.31270E-09  
I128         128          53           0.00000E+00  
I129         129          53           1.53870E-11  
I130         130          53           0.00000E+00  
I131         131          53           0.00000E+00  
I132         132          53           0.00000E+00  
I133         133          53           0.00000E+00  
Xe28         128          54           3.39460E-09  
Xe29         129          54           1.20950E-09  
Xe30         130          54           7.05090E-09  
Xe31         131          54           1.79040E-09  
Xe32         132          54           1.23830E-08  
Xe33         133          54           0.00000E+00  
Xe34         134          54           5.59980E-11  
Xe35         135          54           0.00000E+00  
Xe36         136          54           -2.55340E-12 
Cs33         133          55           1.59170E-09  
Cs34         134          55           0.00000E+00  
Cs35         135          55           2.88430E-10  
Cs36         136          55           0.00000E+00  
Cs37         137          55           0.00000E+00  
Ba34         134          56           4.62070E-09  
Ba35         135          56           1.62710E-09  
Ba36         136          56           1.09520E-08  
Ba37         137          56           8.19510E-09  
Ba38         138          56           5.58350E-08  
Ba39         139          56           0.00000E+00  
Ba40         140          56           0.00000E+00  
La39         139          57           6.20700E-09  
La40         140          57           0.00000E+00  
Ce40         140          58           1.40060E-08  
Ce41         141          58           0.00000E+00  
Ce42         142          58           1.55690E-11  
Ce43         143          58           0.00000E+00  
Ce44         144          58           0.00000E+00  
Pr41         141          59           1.06190E-09  
Pr42         142          59           0.00000E+00  
Pr43         143          59           0.00000E+00  
Pr45         145          59           0.00000E+00  
Nd42         142          60           3.16990E-09  
Nd43         143          60           4.04890E-10  
Nd44         144          60           1.27870E-09  
Nd45         145          60           2.23400E-10  
Nd46         146          60           1.22840E-09  
Nd47         147          60           0.00000E+00  
Nd48         148          60           1.82670E-11  
Nd49         149          60           0.00000E+00  
Nd50         150          60           -5.20170E-12 
Pm45         145          61           0.00000E+00  
Pm46         146          61           0.00000E+00  
Pm47         147          61           0.00000E+00  
Pm48         148          61           0.00000E+00  
Pm49         149          61           0.00000E+00  
Pm50         150          61           0.00000E+00  
Pm51         151          61           0.00000E+00  
Sm44         144          62           -6.38050E-13 
Sm45         145          62           0.00000E+00  
Sm46         146          62           0.00000E+00  
Sm47         147          62           1.24200E-10  
Sm48         148          62           4.09240E-10  
Sm49         149          62           5.01880E-11  
Sm50         150          62           2.43370E-10  
Sm51         151          62           0.00000E+00  
Sm52         152          62           1.61940E-10  
Sm53         153          62           0.00000E+00  
Sm54         154          62           2.62140E-12  
Eu51         151          63           2.61590E-11  
Eu52         152          63           0.00000E+00  
Eu53         153          63           2.40740E-11  
Eu54         154          63           0.00000E+00  
Eu55         155          63           0.00000E+00  
Eu56         156          63           0.00000E+00  
Eu57         157          63           0.00000E+00  
Gd52         152          64           8.81900E-12  
Gd53         153          64           0.00000E+00  
Gd54         154          64           6.66800E-11  
Gd55         155          64           3.36450E-11  
Gd56         156          64           1.54470E-10  
Gd57         157          64           7.05060E-11  
Gd58         158          64           3.17730E-10  
Gd59         159          64           0.00000E+00  
Gd60         160          64           -2.04500E-12 
Tb59         159          65           6.34540E-11  
Tb60         160          65           0.00000E+00  
Tb61         161          65           0.00000E+00  
Dy60         160          66           1.13140E-10  
Dy61         161          66           4.02430E-11  
Dy62         162          66           2.25740E-10  
Dy63         163          66           6.23170E-11  
Dy64         164          66           4.11930E-10  
Dy65         165          66           0.00000E+00  
Dy66         166          66           0.00000E+00  
Ho63         163          67           1.12660E-12  
Ho64         164          67           0.00000E+00  
Ho65         165          67           8.28650E-11  
Ho66         166          67           0.00000E+00  
Er64         164          68           3.48470E-11  
Er65         165          68           0.00000E+00  
Er66         166          68           1.72980E-10  
Er67         167          68           7.47220E-11  
Er68         168          68           3.28070E-10  
Er69         169          68           0.00000E+00  
Er70         170          68           1.53520E-11  
Er71         171          68           0.00000E+00  
Er72         172          68           0.00000E+00  
Tm69         169          69           7.81700E-11  
Tm70         170          69           0.00000E+00  
Tm71         171          69           0.00000E+00  
Tm72         172          69           0.00000E+00  
Tm73         173          69           0.00000E+00  
Yb70         170          70           1.13630E-10  
Yb71         171          70           1.04540E-10  
Yb72         172          70           3.24580E-10  
Yb73         173          70           1.45100E-10  
Yb74         174          70           6.87710E-10  
Yb75         175          70           0.00000E+00  
Yb76         176          70           7.92110E-12  
Yb77         177          70           0.00000E+00  
Lu75         175          71           8.81640E-11  
Lu76         176          71           1.55490E-11  
Lu77         177          71           0.00000E+00  
Hf76         176          72           1.26870E-10  
Hf77         177          72           6.79620E-11  
Hf78         178          72           3.33270E-10  
Hf79         179          72           1.11460E-10  
Hf80         180          72           6.31420E-10  
Hf81         181          72           0.00000E+00  
Hf82         182          72           4.65250E-12  
Hf83         183          72           0.00000E+00  
Hf84         184          72           0.00000E+00  
Ta79         179          73           0.00000E+00  
Ta80         180          73           0.00000E+00  
Ta81         181          73           1.24330E-10  
Ta82         182          73           0.00000E+00  
Ta83         183          73           0.00000E+00  
Ta84         184          73           0.00000E+00  
W180         180          74           0.00000E+00  
W181         181          74           0.00000E+00  
W182         182          74           3.17770E-10  
W183         183          74           1.83430E-10  
W184         184          74           4.76050E-10  
W185         185          74           0.00000E+00  
W186         186          74           5.64920E-11  
W187         187          74           0.00000E+00  
W188         188          74           0.00000E+00  
Re85         185          75           8.46760E-11  
Re86         186          75           0.00000E+00  
Re87         187          75           -6.57630E-11 
Re88         188          75           0.00000E+00  
Re89         189          75           0.00000E+00  
Os86         186          76           1.98850E-10  
Os87         187          76           1.37540E-10  
Os88         188          76           2.26380E-10  
Os89         189          76           4.33530E-11  
Os90         190          76           2.98790E-10  
Os91         191          76           0.00000E+00  
Os92         192          76           -2.38170E-11 
Os93         193          76           0.00000E+00  
Os94         194          76           0.00000E+00  
Ir91         191          77           1.98470E-11  
Ir92         192          77           0.00000E+00  
Ir93         193          77           3.95770E-12  
Ir94         194          77           0.00000E+00  
Ir95         195          77           0.00000E+00  
Pt92         192          78           1.58300E-10  
Pt93         193          78           0.00000E+00  
Pt94         194          78           3.80840E-10  
Pt95         195          78           8.66330E-11  
Pt96         196          78           6.37310E-10  
Pt97         197          78           0.00000E+00  
Pt98         198          78           -6.76720E-12 
Au97         197          79           1.41060E-10  
Au98         198          79           0.00000E+00  
Au99         199          79           0.00000E+00  
Hg98         198          80           5.27240E-10  
Hg99         199          80           2.13890E-10  
Hg00         200          80           7.32680E-10  
Hg01         201          80           2.92290E-10  
Hg02         202          80           1.22970E-09  
Hg03         203          80           0.00000E+00  
Hg04         204          80           0.00000E+00  
Tl03         203          81           5.31380E-10  
Tl04         204          81           0.00000E+00  
Tl05         205          81           1.40120E-09  
Pb04         204          82           9.35990E-10  
Pb05         205          82           6.22390E-11  
Pb06         206          82           4.19120E-09  
Pb07         207          82           4.19660E-09  
Pb08         208          82           4.42140E-09  
Pb09         209          82           0.00000E+00  
Pb10         210          82           0.00000E+00  
Bi09         209          83           1.95290E-11  
Bi10         210          83           0.00000E+00  
Po10         210          84           0.00000E+00  
