Isotope      A            Z            YIELD 
H            1            1            -7.86520E-02 
He4          4            2            6.52460E-02  
C12          12           6            9.60170E-03  
C13          13           6            8.38670E-05  
C14          14           6            7.24760E-10  
N14          14           7            2.99920E-03  
N15          15           7            -3.77180E-06 
O16          16           8            -8.02920E-04 
O17          17           8            4.94730E-05  
O18          18           8            -1.06530E-05 
F18          18           9            0.00000E+00  
F19          19           9            1.38770E-06  
Ne20         20           10           -3.70720E-06 
Ne21         21           10           7.23480E-07  
Ne22         22           10           1.21350E-03  
Na22         22           11           0.00000E+00  
Na23         23           11           3.97210E-05  
Na24         24           11           0.00000E+00  
Mg24         24           12           2.04950E-05  
Mg25         25           12           5.06510E-06  
Mg26         26           12           1.11910E-05  
Al26         26           13           3.53650E-07  
Al27         27           13           2.36240E-06  
Si28         28           14           -1.74740E-07 
Si29         29           14           2.34360E-07  
Si30         30           14           8.39140E-07  
Si31         31           14           0.00000E+00  
Si32         32           14           0.00000E+00  
P31          31           15           5.48140E-07  
P32          32           15           0.00000E+00  
P33          33           15           0.00000E+00  
S32          32           16           -1.13370E-06 
S33          33           16           1.98820E-07  
S34          34           16           3.92410E-07  
S35          35           16           0.00000E+00  
S36          36           16           3.02640E-08  
Cl35         35           17           -3.24770E-08 
Cl36         36           17           3.58870E-09  
Cl37         37           17           2.91820E-07  
Ar36         36           18           -7.42550E-07 
Ar37         37           18           0.00000E+00  
Ar38         38           18           2.06360E-07  
Ar39         39           18           1.16800E-11  
Ar40         40           18           2.89930E-08  
Ar41         41           18           0.00000E+00  
Ar42         42           18           0.00000E+00  
K39          39           19           4.35470E-08  
K40          40           19           1.68370E-08  
K41          41           19           6.98040E-08  
K42          42           19           0.00000E+00  
K43          43           19           0.00000E+00  
Ca40         40           20           -4.51310E-07 
Ca41         41           20           9.74890E-09  
Ca42         42           20           3.74770E-08  
Ca43         43           20           6.60940E-09  
Ca44         44           20           3.17000E-08  
Ca45         45           20           0.00000E+00  
Ca46         46           20           8.93390E-10  
Ca47         47           20           0.00000E+00  
Ca48         48           20           -2.55740E-10 
Sc45         45           21           8.10090E-09  
Sc46         46           21           0.00000E+00  
Sc47         47           21           0.00000E+00  
Sc48         48           21           0.00000E+00  
Sc49         49           21           0.00000E+00  
Ti46         46           22           1.20040E-08  
Ti47         47           22           -7.80860E-10 
Ti48         48           22           -3.18100E-08 
Ti49         49           22           4.00990E-08  
Ti50         50           22           7.13680E-08  
V50          50           23           -2.53870E-11 
V51          51           23           3.10710E-09  
Cr50         50           24           -2.04780E-08 
Cr51         51           24           0.00000E+00  
Cr52         52           24           -8.77180E-08 
Cr53         53           24           -1.23470E-08 
Cr54         54           24           8.41450E-08  
Mn55         55           25           3.69850E-07  
Mn56         56           25           0.00000E+00  
Fe54         54           26           -1.43840E-06 
Fe55         55           26           4.44520E-12  
Fe56         56           26           -9.26350E-06 
Fe57         57           26           4.04020E-06  
Fe58         58           26           2.92550E-06  
Fe59         59           26           0.00000E+00  
Fe60         60           26           2.51670E-08  
Co59         59           27           7.14450E-07  
Co60         60           27           0.00000E+00  
Ni58         58           28           -1.04420E-06 
Ni59         59           28           7.48920E-08  
Ni60         60           28           2.41140E-07  
Ni61         61           28           2.46740E-07  
Ni62         62           28           3.03680E-07  
Ni63         63           28           5.84540E-12  
Ni64         64           28           3.50670E-07  
Ni65         65           28           0.00000E+00  
Ni66         66           28           0.00000E+00  
Cu63         63           29           1.15060E-07  
Cu64         64           29           0.00000E+00  
Cu65         65           29           1.21690E-07  
Cu66         66           29           0.00000E+00  
Cu67         67           29           0.00000E+00  
Zn64         64           30           3.40590E-08  
Zn65         65           30           0.00000E+00  
Zn66         66           30           1.35650E-07  
Zn67         67           30           3.14030E-08  
Zn68         68           30           1.80270E-07  
Zn69         69           30           0.00000E+00  
Zn70         70           30           -1.45190E-10 
Ga69         69           31           3.21570E-08  
Ga70         70           31           0.00000E+00  
Ga71         71           31           3.66560E-08  
Ga72         72           31           0.00000E+00  
Ga73         73           31           0.00000E+00  
Ge70         70           32           5.99220E-08  
Ge71         71           32           0.00000E+00  
Ge72         72           32           7.04290E-08  
Ge73         73           32           2.00590E-08  
Ge74         74           32           9.63180E-08  
Ge75         75           32           0.00000E+00  
Ge76         76           32           -2.14330E-10 
Ge77         77           32           0.00000E+00  
As75         75           33           8.66070E-09  
As76         76           33           0.00000E+00  
As77         77           33           0.00000E+00  
Se76         76           34           3.42010E-08  
Se77         77           34           1.36260E-08  
Se78         78           34           5.25310E-08  
Se79         79           34           8.04280E-09  
Se80         80           34           1.04590E-07  
Se81         81           34           0.00000E+00  
Se82         82           34           -2.83700E-11 
Br79         79           35           8.36120E-09  
Br80         80           35           0.00000E+00  
Br81         81           35           1.75090E-08  
Br82         82           35           0.00000E+00  
Br83         83           35           0.00000E+00  
Br84         84           35           0.00000E+00  
Kr80         80           36           7.46520E-09  
Kr81         81           36           1.29100E-09  
Kr82         82           36           7.02700E-08  
Kr83         83           36           2.37760E-08  
Kr84         84           36           1.47010E-07  
Kr85         85           36           0.00000E+00  
Kr86         86           36           2.86150E-08  
Kr87         87           36           0.00000E+00  
Kr88         88           36           0.00000E+00  
Rb85         85           37           2.61140E-08  
Rb86         86           37           0.00000E+00  
Rb87         87           37           1.05910E-08  
Rb88         88           37           0.00000E+00  
Sr86         86           38           6.97640E-08  
Sr87         87           38           4.76360E-08  
Sr88         88           38           1.01120E-06  
Sr89         89           38           0.00000E+00  
Sr90         90           38           0.00000E+00  
Sr91         91           38           0.00000E+00  
Sr92         92           38           0.00000E+00  
Y89          89           39           2.09940E-07  
Y90          90           39           0.00000E+00  
Y91          91           39           0.00000E+00  
Y92          92           39           0.00000E+00  
Y93          93           39           0.00000E+00  
Zr90         90           40           2.22320E-07  
Zr91         91           40           5.68980E-08  
Zr92         92           40           8.95120E-08  
Zr93         93           40           2.44550E-08  
Zr94         94           40           1.22140E-07  
Zr95         95           40           0.00000E+00  
Zr96         96           40           3.16570E-09  
Zr97         97           40           0.00000E+00  
Nb93         93           41           5.69440E-09  
Nb94         94           41           0.00000E+00  
Nb95         95           41           0.00000E+00  
Nb96         96           41           0.00000E+00  
Nb97         97           41           0.00000E+00  
Mo92         92           42           -3.20440E-11 
Mo93         93           42           0.00000E+00  
Mo94         94           42           6.95210E-10  
Mo95         95           42           1.25320E-08  
Mo96         96           42           2.50260E-08  
Mo97         97           42           8.59230E-09  
Mo98         98           42           3.16190E-08  
Mo99         99           42           0.00000E+00  
Mo00         100          42           5.80620E-10  
Tc97         97           43           8.12680E-13  
Tc98         98           43           1.36930E-13  
Tc99         99           43           1.35500E-09  
Ru96         96           44           -1.23170E-11 
Ru97         97           44           0.00000E+00  
Ru98         98           44           -2.08110E-12 
Ru99         99           44           3.00030E-09  
Ru00         100          44           1.57150E-08  
Ru01         101          44           3.39920E-09  
Ru02         102          44           1.75570E-08  
Ru03         103          44           0.00000E+00  
Ru04         104          44           7.16360E-10  
Ru05         105          44           0.00000E+00  
Ru06         106          44           0.00000E+00  
Rh03         103          45           3.67290E-09  
Rh05         105          45           0.00000E+00  
Pd04         104          46           1.16800E-08  
Pd05         105          46           3.04010E-09  
Pd06         106          46           1.40090E-08  
Pd07         107          46           2.63590E-09  
Pd08         108          46           1.75640E-08  
Pd09         109          46           0.00000E+00  
Pd10         110          46           7.04060E-10  
Ag07         107          47           9.61470E-11  
Ag09         109          47           4.47090E-09  
Ag11         111          47           0.00000E+00  
Cd08         108          48           4.82030E-11  
Cd09         109          48           0.00000E+00  
Cd10         110          48           1.46490E-08  
Cd11         111          48           4.95630E-09  
Cd12         112          48           1.84990E-08  
Cd13         113          48           5.38250E-09  
Cd14         114          48           2.64360E-08  
Cd15         115          48           0.00000E+00  
Cd16         116          48           9.49910E-10  
In13         113          49           -1.32870E-12 
In15         115          49           5.23840E-09  
Sn14         114          50           -2.53960E-12 
Sn15         115          50           -1.21960E-12 
Sn16         116          50           3.54730E-08  
Sn17         117          50           1.06850E-08  
Sn18         118          50           4.74460E-08  
Sn19         119          50           1.41590E-08  
Sn20         120          50           7.28750E-08  
Sn21         121          50           0.00000E+00  
Sn22         122          50           8.22750E-10  
Sn23         123          50           0.00000E+00  
Sn24         124          50           -6.54280E-12 
Sb21         121          51           5.50190E-09  
Sb22         122          51           0.00000E+00  
Sb23         123          51           6.15260E-10  
Sb24         124          51           0.00000E+00  
Sb25         125          51           0.00000E+00  
Te22         122          52           8.86300E-09  
Te23         123          52           3.13430E-09  
Te24         124          52           1.78930E-08  
Te25         125          52           6.02250E-09  
Te26         126          52           3.34560E-08  
Te27         127          52           0.00000E+00  
Te28         128          52           3.43750E-09  
Te30         130          52           -6.61460E-11 
I127         127          53           4.29200E-09  
I128         128          53           0.00000E+00  
I129         129          53           6.25690E-11  
I130         130          53           0.00000E+00  
I131         131          53           0.00000E+00  
I132         132          53           0.00000E+00  
I133         133          53           0.00000E+00  
Xe28         128          54           1.03670E-08  
Xe29         129          54           4.03760E-09  
Xe30         130          54           2.20190E-08  
Xe31         131          54           6.02070E-09  
Xe32         132          54           4.11480E-08  
Xe33         133          54           0.00000E+00  
Xe34         134          54           6.48780E-10  
Xe35         135          54           0.00000E+00  
Xe36         136          54           -3.44190E-12 
Cs33         133          55           5.55760E-09  
Cs34         134          55           0.00000E+00  
Cs35         135          55           2.00930E-09  
Cs36         136          55           0.00000E+00  
Cs37         137          55           0.00000E+00  
Ba34         134          56           1.40730E-08  
Ba35         135          56           5.09790E-09  
Ba36         136          56           3.90140E-08  
Ba37         137          56           3.00720E-08  
Ba38         138          56           2.29770E-07  
Ba39         139          56           0.00000E+00  
Ba40         140          56           0.00000E+00  
La39         139          57           2.58550E-08  
La40         140          57           0.00000E+00  
Ce40         140          58           5.86950E-08  
Ce41         141          58           0.00000E+00  
Ce42         142          58           3.02580E-10  
Ce43         143          58           0.00000E+00  
Ce44         144          58           0.00000E+00  
Pr41         141          59           4.90060E-09  
Pr42         142          59           0.00000E+00  
Pr43         143          59           0.00000E+00  
Pr45         145          59           0.00000E+00  
Nd42         142          60           1.31450E-08  
Nd43         143          60           1.82710E-09  
Nd44         144          60           5.50770E-09  
Nd45         145          60           9.97710E-10  
Nd46         146          60           5.07170E-09  
Nd47         147          60           0.00000E+00  
Nd48         148          60           3.05050E-10  
Nd49         149          60           0.00000E+00  
Nd50         150          60           -5.41300E-12 
Pm45         145          61           0.00000E+00  
Pm46         146          61           0.00000E+00  
Pm47         147          61           0.00000E+00  
Pm48         148          61           0.00000E+00  
Pm49         149          61           0.00000E+00  
Pm50         150          61           0.00000E+00  
Pm51         151          61           0.00000E+00  
Sm44         144          62           -1.01970E-12 
Sm45         145          62           0.00000E+00  
Sm46         146          62           1.65180E-13  
Sm47         147          62           5.69750E-10  
Sm48         148          62           1.53400E-09  
Sm49         149          62           2.24120E-10  
Sm50         150          62           1.01540E-09  
Sm51         151          62           0.00000E+00  
Sm52         152          62           7.78740E-10  
Sm53         153          62           0.00000E+00  
Sm54         154          62           1.30950E-10  
Eu51         151          63           1.32020E-10  
Eu52         152          63           0.00000E+00  
Eu53         153          63           1.36090E-10  
Eu54         154          63           0.00000E+00  
Eu55         155          63           0.00000E+00  
Eu56         156          63           0.00000E+00  
Eu57         157          63           0.00000E+00  
Gd52         152          64           1.96110E-11  
Gd53         153          64           0.00000E+00  
Gd54         154          64           2.47960E-10  
Gd55         155          64           1.72370E-10  
Gd56         156          64           6.21130E-10  
Gd57         157          64           2.90220E-10  
Gd58         158          64           1.25560E-09  
Gd59         159          64           0.00000E+00  
Gd60         160          64           8.08760E-11  
Tb59         159          65           2.76630E-10  
Tb60         160          65           0.00000E+00  
Tb61         161          65           0.00000E+00  
Dy60         160          66           4.25950E-10  
Dy61         161          66           1.89020E-10  
Dy62         162          66           8.95120E-10  
Dy63         163          66           2.79240E-10  
Dy64         164          66           1.62060E-09  
Dy65         165          66           0.00000E+00  
Dy66         166          66           0.00000E+00  
Ho63         163          67           5.78240E-13  
Ho64         164          67           0.00000E+00  
Ho65         165          67           3.73370E-10  
Ho66         166          67           0.00000E+00  
Er64         164          68           1.50430E-10  
Er65         165          68           0.00000E+00  
Er66         166          68           6.29760E-10  
Er67         167          68           2.89130E-10  
Er68         168          68           1.28700E-09  
Er69         169          68           0.00000E+00  
Er70         170          68           2.53200E-10  
Er71         171          68           0.00000E+00  
Er72         172          68           0.00000E+00  
Tm69         169          69           3.34660E-10  
Tm70         170          69           0.00000E+00  
Tm71         171          69           0.00000E+00  
Tm72         172          69           0.00000E+00  
Tm73         173          69           0.00000E+00  
Yb70         170          70           4.17100E-10  
Yb71         171          70           4.86390E-10  
Yb72         172          70           1.27470E-09  
Yb73         173          70           5.90510E-10  
Yb74         174          70           2.81860E-09  
Yb75         175          70           0.00000E+00  
Yb76         176          70           1.59920E-10  
Yb77         177          70           0.00000E+00  
Lu75         175          71           3.84730E-10  
Lu76         176          71           6.92950E-11  
Lu77         177          71           0.00000E+00  
Hf76         176          72           4.98260E-10  
Hf77         177          72           2.96150E-10  
Hf78         178          72           1.36460E-09  
Hf79         179          72           4.65420E-10  
Hf80         180          72           2.59260E-09  
Hf81         181          72           0.00000E+00  
Hf82         182          72           7.26520E-11  
Hf83         183          72           0.00000E+00  
Hf84         184          72           0.00000E+00  
Ta79         179          73           0.00000E+00  
Ta80         180          73           1.04310E-13  
Ta81         181          73           5.41300E-10  
Ta82         182          73           0.00000E+00  
Ta83         183          73           0.00000E+00  
Ta84         184          73           0.00000E+00  
W180         180          74           0.00000E+00  
W181         181          74           0.00000E+00  
W182         182          74           1.11400E-09  
W183         183          74           7.30290E-10  
W184         184          74           1.94230E-09  
W185         185          74           0.00000E+00  
W186         186          74           6.21670E-10  
W187         187          74           0.00000E+00  
W188         188          74           0.00000E+00  
Re85         185          75           3.76810E-10  
Re86         186          75           0.00000E+00  
Re87         187          75           8.11910E-11  
Re88         188          75           0.00000E+00  
Re89         189          75           0.00000E+00  
Os86         186          76           7.00790E-10  
Os87         187          76           2.45700E-10  
Os88         188          76           9.10090E-10  
Os89         189          76           2.26850E-10  
Os90         190          76           1.24540E-09  
Os91         191          76           0.00000E+00  
Os92         192          76           1.53040E-10  
Os93         193          76           0.00000E+00  
Os94         194          76           0.00000E+00  
Ir91         191          77           2.13600E-10  
Ir92         192          77           0.00000E+00  
Ir93         193          77           2.20380E-10  
Ir94         194          77           0.00000E+00  
Ir95         195          77           0.00000E+00  
Pt92         192          78           4.59780E-10  
Pt93         193          78           0.00000E+00  
Pt94         194          78           1.47410E-09  
Pt95         195          78           5.11190E-10  
Pt96         196          78           2.45300E-09  
Pt97         197          78           0.00000E+00  
Pt98         198          78           3.82680E-11  
Au97         197          79           6.42320E-10  
Au98         198          79           0.00000E+00  
Au99         199          79           0.00000E+00  
Hg98         198          80           2.05050E-09  
Hg99         199          80           9.15280E-10  
Hg00         200          80           3.03270E-09  
Hg01         201          80           1.25560E-09  
Hg02         202          80           4.94830E-09  
Hg03         203          80           0.00000E+00  
Hg04         204          80           1.69020E-11  
Tl03         203          81           2.30280E-09  
Tl04         204          81           0.00000E+00  
Tl05         205          81           5.75900E-09  
Pb04         204          82           3.62440E-09  
Pb05         205          82           2.42400E-10  
Pb06         206          82           1.98340E-08  
Pb07         207          82           2.37700E-08  
Pb08         208          82           3.73260E-08  
Pb09         209          82           0.00000E+00  
Pb10         210          82           0.00000E+00  
Bi09         209          83           2.46870E-10  
Bi10         210          83           0.00000E+00  
Po10         210          84           0.00000E+00  
