Isotope      A            Z            YIELD 
H            1            1            -3.17890E-01 
He4          4            2            3.10920E-01  
C12          12           6            6.22590E-03  
C13          13           6            5.43160E-05  
C14          14           6            4.52790E-10  
N14          14           7            6.31490E-04  
N15          15           7            -6.87610E-07 
O16          16           8            -3.06510E-05 
O17          17           8            1.48660E-05  
O18          18           8            -1.86930E-06 
F18          18           9            0.00000E+00  
F19          19           9            4.11370E-08  
Ne20         20           10           -1.12590E-05 
Ne21         21           10           2.21980E-07  
Ne22         22           10           4.85700E-05  
Na22         22           11           0.00000E+00  
Na23         23           11           2.18150E-05  
Na24         24           11           0.00000E+00  
Mg24         24           12           -4.04900E-07 
Mg25         25           12           6.02250E-06  
Mg26         26           12           1.97840E-05  
Al26         26           13           1.80910E-08  
Al27         27           13           1.58420E-06  
Si28         28           14           2.87970E-06  
Si29         29           14           4.27270E-07  
Si30         30           14           6.98000E-07  
Si31         31           14           0.00000E+00  
Si32         32           14           3.45310E-12  
P31          31           15           1.75250E-07  
P32          32           15           0.00000E+00  
P33          33           15           0.00000E+00  
S32          32           16           -2.49410E-07 
S33          33           16           3.13250E-09  
S34          34           16           9.37230E-08  
S35          35           16           0.00000E+00  
S36          36           16           6.27840E-09  
Cl35         35           17           -2.79850E-09 
Cl36         36           17           5.52430E-10  
Cl37         37           17           2.18600E-08  
Ar36         36           18           -1.07990E-07 
Ar37         37           18           0.00000E+00  
Ar38         38           18           2.60510E-08  
Ar39         39           18           4.34380E-11  
Ar40         40           18           1.02840E-08  
Ar41         41           18           0.00000E+00  
Ar42         42           18           0.00000E+00  
K39          39           19           8.48970E-09  
K40          40           19           7.88800E-10  
K41          41           19           5.67760E-09  
K42          42           19           0.00000E+00  
K43          43           19           0.00000E+00  
Ca40         40           20           -6.86520E-08 
Ca41         41           20           1.17580E-09  
Ca42         42           20           3.56210E-09  
Ca43         43           20           1.00050E-09  
Ca44         44           20           3.02220E-09  
Ca45         45           20           0.00000E+00  
Ca46         46           20           2.49860E-09  
Ca47         47           20           0.00000E+00  
Ca48         48           20           2.08500E-11  
Sc45         45           21           1.47390E-09  
Sc46         46           21           0.00000E+00  
Sc47         47           21           0.00000E+00  
Sc48         48           21           0.00000E+00  
Sc49         49           21           0.00000E+00  
Ti46         46           22           4.05740E-10  
Ti47         47           22           -4.21600E-11 
Ti48         48           22           -3.14600E-09 
Ti49         49           22           1.84500E-09  
Ti50         50           22           4.15640E-09  
V50          50           23           -2.60000E-12 
V51          51           23           1.76000E-10  
Cr50         50           24           -2.09720E-09 
Cr51         51           24           0.00000E+00  
Cr52         52           24           -1.58950E-08 
Cr53         53           24           -3.63570E-09 
Cr54         54           24           1.27930E-08  
Mn55         55           25           1.50300E-08  
Mn56         56           25           0.00000E+00  
Fe54         54           26           -1.57570E-07 
Fe55         55           26           0.00000E+00  
Fe56         56           26           -1.48460E-06 
Fe57         57           26           1.55870E-07  
Fe58         58           26           4.97770E-07  
Fe59         59           26           0.00000E+00  
Fe60         60           26           2.71140E-07  
Co59         59           27           1.78490E-07  
Co60         60           27           6.13690E-13  
Ni58         58           28           -9.23420E-08 
Ni59         59           28           4.66900E-09  
Ni60         60           28           5.96050E-08  
Ni61         61           28           6.66290E-08  
Ni62         62           28           1.03360E-07  
Ni63         63           28           8.35890E-11  
Ni64         64           28           1.75490E-07  
Ni65         65           28           0.00000E+00  
Ni66         66           28           0.00000E+00  
Cu63         63           29           9.34910E-08  
Cu64         64           29           0.00000E+00  
Cu65         65           29           3.41470E-08  
Cu66         66           29           0.00000E+00  
Cu67         67           29           0.00000E+00  
Zn64         64           30           -6.16170E-10 
Zn65         65           30           0.00000E+00  
Zn66         66           30           3.25950E-08  
Zn67         67           30           7.40630E-09  
Zn68         68           30           4.52150E-08  
Zn69         69           30           0.00000E+00  
Zn70         70           30           6.85180E-10  
Ga69         69           31           6.42610E-09  
Ga70         70           31           0.00000E+00  
Ga71         71           31           3.87700E-09  
Ga72         72           31           0.00000E+00  
Ga73         73           31           0.00000E+00  
Ge70         70           32           9.36580E-09  
Ge71         71           32           0.00000E+00  
Ge72         72           32           1.01100E-08  
Ge73         73           32           2.98640E-09  
Ge74         74           32           1.28800E-08  
Ge75         75           32           0.00000E+00  
Ge76         76           32           4.71340E-10  
Ge77         77           32           0.00000E+00  
As75         75           33           1.16120E-09  
As76         76           33           0.00000E+00  
As77         77           33           0.00000E+00  
Se76         76           34           4.17400E-09  
Se77         77           34           1.63270E-09  
Se78         78           34           5.96980E-09  
Se79         79           34           1.92780E-09  
Se80         80           34           1.28330E-08  
Se81         81           34           0.00000E+00  
Se82         82           34           1.09750E-09  
Br79         79           35           3.57880E-10  
Br80         80           35           0.00000E+00  
Br81         81           35           1.73720E-09  
Br82         82           35           0.00000E+00  
Br83         83           35           0.00000E+00  
Br84         84           35           0.00000E+00  
Kr80         80           36           2.25440E-10  
Kr81         81           36           5.31380E-11  
Kr82         82           36           5.40740E-09  
Kr83         83           36           1.90900E-09  
Kr84         84           36           1.27950E-08  
Kr85         85           36           1.12850E-13  
Kr86         86           36           1.85460E-08  
Kr87         87           36           0.00000E+00  
Kr88         88           36           0.00000E+00  
Rb85         85           37           4.43160E-09  
Rb86         86           37           0.00000E+00  
Rb87         87           37           9.22200E-09  
Rb88         88           37           0.00000E+00  
Sr86         86           38           1.82310E-09  
Sr87         87           38           7.18500E-10  
Sr88         88           38           1.69340E-08  
Sr89         89           38           0.00000E+00  
Sr90         90           38           3.41070E-13  
Sr91         91           38           0.00000E+00  
Sr92         92           38           0.00000E+00  
Y89          89           39           4.35950E-09  
Y90          90           39           0.00000E+00  
Y91          91           39           0.00000E+00  
Y92          92           39           0.00000E+00  
Y93          93           39           0.00000E+00  
Zr90         90           40           3.03950E-09  
Zr91         91           40           1.02200E-09  
Zr92         92           40           1.75280E-09  
Zr93         93           40           5.86210E-10  
Zr94         94           40           2.04540E-09  
Zr95         95           40           0.00000E+00  
Zr96         96           40           2.42950E-09  
Zr97         97           40           0.00000E+00  
Nb93         93           41           1.23640E-12  
Nb94         94           41           0.00000E+00  
Nb95         95           41           0.00000E+00  
Nb96         96           41           0.00000E+00  
Nb97         97           41           0.00000E+00  
Mo92         92           42           -3.08840E-12 
Mo93         93           42           0.00000E+00  
Mo94         94           42           5.60380E-12  
Mo95         95           42           2.67560E-10  
Mo96         96           42           3.54910E-10  
Mo97         97           42           1.91780E-10  
Mo98         98           42           5.58130E-10  
Mo99         99           42           0.00000E+00  
Mo00         100          42           5.70010E-11  
Tc97         97           43           3.05310E-13  
Tc98         98           43           0.00000E+00  
Tc99         99           43           6.95870E-11  
Ru96         96           44           -1.10120E-12 
Ru97         97           44           0.00000E+00  
Ru98         98           44           -1.82830E-13 
Ru99         99           44           7.01760E-12  
Ru00         100          44           2.34860E-10  
Ru01         101          44           4.92510E-11  
Ru02         102          44           2.67230E-10  
Ru03         103          44           0.00000E+00  
Ru04         104          44           4.68170E-11  
Ru05         105          44           0.00000E+00  
Ru06         106          44           0.00000E+00  
Rh03         103          45           5.25270E-11  
Rh05         105          45           0.00000E+00  
Pd04         104          46           1.54070E-10  
Pd05         105          46           3.87990E-11  
Pd06         106          46           1.97390E-10  
Pd07         107          46           3.94330E-11  
Pd08         108          46           2.26810E-10  
Pd09         109          46           0.00000E+00  
Pd10         110          46           4.28710E-11  
Ag07         107          47           -4.87540E-12 
Ag09         109          47           5.40350E-11  
Ag11         111          47           0.00000E+00  
Cd08         108          48           4.07080E-12  
Cd09         109          48           0.00000E+00  
Cd10         110          48           1.70060E-10  
Cd11         111          48           6.06310E-11  
Cd12         112          48           2.33920E-10  
Cd13         113          48           6.52250E-11  
Cd14         114          48           3.21130E-10  
Cd15         115          48           0.00000E+00  
Cd16         116          48           1.13220E-10  
In13         113          49           -2.12680E-13 
In15         115          49           6.44210E-11  
Sn14         114          50           -1.19440E-13 
Sn15         115          50           0.00000E+00  
Sn16         116          50           3.47730E-10  
Sn17         117          50           1.23230E-10  
Sn18         118          50           5.71440E-10  
Sn19         119          50           1.62770E-10  
Sn20         120          50           8.61610E-10  
Sn21         121          50           0.00000E+00  
Sn22         122          50           4.18140E-10  
Sn23         123          50           0.00000E+00  
Sn24         124          50           1.46190E-10  
Sb21         121          51           6.70670E-11  
Sb22         122          51           0.00000E+00  
Sb23         123          51           4.39110E-11  
Sb24         124          51           0.00000E+00  
Sb25         125          51           0.00000E+00  
Te22         122          52           9.28540E-11  
Te23         123          52           3.06440E-11  
Te24         124          52           2.33660E-10  
Te25         125          52           7.71780E-11  
Te26         126          52           4.22010E-10  
Te27         127          52           0.00000E+00  
Te28         128          52           6.61170E-11  
Te30         130          52           -8.66350E-12 
I127         127          53           3.39290E-11  
I128         128          53           0.00000E+00  
I129         129          53           3.20600E-12  
I130         130          53           0.00000E+00  
I131         131          53           0.00000E+00  
I132         132          53           0.00000E+00  
I133         133          53           0.00000E+00  
Xe28         128          54           1.42060E-10  
Xe29         129          54           1.83460E-11  
Xe30         130          54           2.90030E-10  
Xe31         131          54           5.09210E-11  
Xe32         132          54           4.89600E-10  
Xe33         133          54           0.00000E+00  
Xe34         134          54           3.32740E-10  
Xe35         135          54           0.00000E+00  
Xe36         136          54           1.74210E-10  
Cs33         133          55           6.64480E-11  
Cs34         134          55           0.00000E+00  
Cs35         135          55           8.34690E-11  
Cs36         136          55           0.00000E+00  
Cs37         137          55           1.49980E-13  
Ba34         134          56           1.34410E-10  
Ba35         135          56           3.42600E-11  
Ba36         136          56           4.05390E-10  
Ba37         137          56           9.17900E-10  
Ba38         138          56           4.12500E-09  
Ba39         139          56           0.00000E+00  
Ba40         140          56           0.00000E+00  
La39         139          57           4.89240E-10  
La40         140          57           0.00000E+00  
Ce40         140          58           9.69020E-10  
Ce41         141          58           0.00000E+00  
Ce42         142          58           2.70690E-10  
Ce43         143          58           0.00000E+00  
Ce44         144          58           0.00000E+00  
Pr41         141          59           1.21970E-10  
Pr42         142          59           0.00000E+00  
Pr43         143          59           0.00000E+00  
Pr45         145          59           0.00000E+00  
Nd42         142          60           1.67540E-10  
Nd43         143          60           5.92050E-11  
Nd44         144          60           2.41730E-10  
Nd45         145          60           4.43850E-11  
Nd46         146          60           2.14460E-10  
Nd47         147          60           0.00000E+00  
Nd48         148          60           5.33740E-11  
Nd49         149          60           0.00000E+00  
Nd50         150          60           1.88540E-12  
Pm45         145          61           0.00000E+00  
Pm46         146          61           0.00000E+00  
Pm47         147          61           0.00000E+00  
Pm48         148          61           0.00000E+00  
Pm49         149          61           0.00000E+00  
Pm50         150          61           0.00000E+00  
Pm51         151          61           0.00000E+00  
Sm44         144          62           0.00000E+00  
Sm45         145          62           0.00000E+00  
Sm46         146          62           0.00000E+00  
Sm47         147          62           2.60580E-11  
Sm48         148          62           4.54310E-11  
Sm49         149          62           1.08770E-11  
Sm50         150          62           4.79430E-11  
Sm51         151          62           0.00000E+00  
Sm52         152          62           4.08760E-11  
Sm53         153          62           0.00000E+00  
Sm54         154          62           2.43940E-11  
Eu51         151          63           4.87990E-12  
Eu52         152          63           0.00000E+00  
Eu53         153          63           6.75290E-12  
Eu54         154          63           0.00000E+00  
Eu55         155          63           0.00000E+00  
Eu56         156          63           0.00000E+00  
Eu57         157          63           0.00000E+00  
Gd52         152          64           1.73240E-12  
Gd53         153          64           0.00000E+00  
Gd54         154          64           1.28990E-11  
Gd55         155          64           1.10610E-11  
Gd56         156          64           3.61990E-11  
Gd57         157          64           1.61910E-11  
Gd58         158          64           6.92430E-11  
Gd59         159          64           0.00000E+00  
Gd60         160          64           2.06020E-11  
Tb59         159          65           1.43530E-11  
Tb60         160          65           0.00000E+00  
Tb61         161          65           0.00000E+00  
Dy60         160          66           2.25190E-11  
Dy61         161          66           1.02140E-11  
Dy62         162          66           5.16620E-11  
Dy63         163          66           1.21700E-11  
Dy64         164          66           7.76230E-11  
Dy65         165          66           0.00000E+00  
Dy66         166          66           0.00000E+00  
Ho63         163          67           1.22030E-12  
Ho64         164          67           0.00000E+00  
Ho65         165          67           1.88560E-11  
Ho66         166          67           0.00000E+00  
Er64         164          68           9.84840E-12  
Er65         165          68           0.00000E+00  
Er66         166          68           3.20760E-11  
Er67         167          68           1.49020E-11  
Er68         168          68           6.40930E-11  
Er69         169          68           0.00000E+00  
Er70         170          68           3.98640E-11  
Er71         171          68           0.00000E+00  
Er72         172          68           0.00000E+00  
Tm69         169          69           1.77520E-11  
Tm70         170          69           0.00000E+00  
Tm71         171          69           0.00000E+00  
Tm72         172          69           0.00000E+00  
Tm73         173          69           0.00000E+00  
Yb70         170          70           1.67320E-11  
Yb71         171          70           3.03740E-11  
Yb72         172          70           6.45570E-11  
Yb73         173          70           3.18150E-11  
Yb74         174          70           1.47560E-10  
Yb75         175          70           0.00000E+00  
Yb76         176          70           4.53870E-11  
Yb77         177          70           0.00000E+00  
Lu75         175          71           2.05650E-11  
Lu76         176          71           3.60470E-12  
Lu77         177          71           0.00000E+00  
Hf76         176          72           2.46860E-11  
Hf77         177          72           1.79620E-11  
Hf78         178          72           8.35000E-11  
Hf79         179          72           2.86350E-11  
Hf80         180          72           1.53950E-10  
Hf81         181          72           0.00000E+00  
Hf82         182          72           2.73870E-11  
Hf83         183          72           0.00000E+00  
Hf84         184          72           0.00000E+00  
Ta79         179          73           0.00000E+00  
Ta80         180          73           0.00000E+00  
Ta81         181          73           3.41940E-11  
Ta82         182          73           0.00000E+00  
Ta83         183          73           0.00000E+00  
Ta84         184          73           0.00000E+00  
W180         180          74           0.00000E+00  
W181         181          74           0.00000E+00  
W182         182          74           4.63720E-11  
W183         183          74           4.11700E-11  
W184         184          74           1.00740E-10  
W185         185          74           0.00000E+00  
W186         186          74           8.16350E-11  
W187         187          74           0.00000E+00  
W188         188          74           0.00000E+00  
Re85         185          75           2.23410E-11  
Re86         186          75           0.00000E+00  
Re87         187          75           1.33540E-11  
Re88         188          75           0.00000E+00  
Re89         189          75           0.00000E+00  
Os86         186          76           2.67660E-11  
Os87         187          76           9.30820E-12  
Os88         188          76           6.55440E-11  
Os89         189          76           1.34410E-11  
Os90         190          76           9.08850E-11  
Os91         191          76           0.00000E+00  
Os92         192          76           2.32510E-11  
Os93         193          76           0.00000E+00  
Os94         194          76           0.00000E+00  
Ir91         191          77           8.04820E-12  
Ir92         192          77           0.00000E+00  
Ir93         193          77           1.16640E-11  
Ir94         194          77           0.00000E+00  
Ir95         195          77           0.00000E+00  
Pt92         192          78           2.96410E-11  
Pt93         193          78           0.00000E+00  
Pt94         194          78           1.35660E-10  
Pt95         195          78           3.43460E-11  
Pt96         196          78           1.83250E-10  
Pt97         197          78           0.00000E+00  
Pt98         198          78           3.54870E-11  
Au97         197          79           4.47270E-11  
Au98         198          79           0.00000E+00  
Au99         199          79           0.00000E+00  
Hg98         198          80           1.32530E-10  
Hg99         199          80           6.71440E-11  
Hg00         200          80           2.10520E-10  
Hg01         201          80           9.02190E-11  
Hg02         202          80           2.89570E-10  
Hg03         203          80           0.00000E+00  
Hg04         204          80           3.12940E-11  
Tl03         203          81           1.53130E-10  
Tl04         204          81           0.00000E+00  
Tl05         205          81           1.69920E-10  
Pb04         204          82           1.52750E-10  
Pb05         205          82           4.91100E-11  
Pb06         206          82           1.18730E-09  
Pb07         207          82           1.57000E-09  
Pb08         208          82           1.30200E-08  
Pb09         209          82           0.00000E+00  
Pb10         210          82           0.00000E+00  
Bi09         209          83           7.69840E-10  
Bi10         210          83           0.00000E+00  
Po10         210          84           0.00000E+00  
