Isotope      A            Z            YIELD 
H            1            1            -3.45920E-02 
He4          4            2            2.95100E-02  
C12          12           6            4.30080E-03  
C13          13           6            2.85690E-06  
C14          14           6            1.31340E-10  
N14          14           7            7.09160E-05  
N15          15           7            -8.79210E-08 
O16          16           8            1.22350E-04  
O17          17           8            1.76850E-06  
O18          18           8            -2.65760E-07 
F18          18           9            0.00000E+00  
F19          19           9            5.21180E-07  
Ne20         20           10           -1.63680E-07 
Ne21         21           10           4.81660E-08  
Ne22         22           10           2.04390E-04  
Na22         22           11           0.00000E+00  
Na23         23           11           1.86400E-06  
Na24         24           11           0.00000E+00  
Mg24         24           12           2.76370E-06  
Mg25         25           12           8.91630E-07  
Mg26         26           12           9.09020E-07  
Al26         26           13           2.16840E-08  
Al27         27           13           3.35830E-07  
Si28         28           14           3.85690E-08  
Si29         29           14           1.10690E-08  
Si30         30           14           3.64330E-08  
Si31         31           14           0.00000E+00  
Si32         32           14           0.00000E+00  
P31          31           15           2.03940E-08  
P32          32           15           0.00000E+00  
P33          33           15           0.00000E+00  
S32          32           16           -4.41540E-08 
S33          33           16           5.96310E-09  
S34          34           16           1.32940E-08  
S35          35           16           0.00000E+00  
S36          36           16           1.25680E-09  
Cl35         35           17           -1.32850E-09 
Cl36         36           17           8.24280E-11  
Cl37         37           17           1.48390E-08  
Ar36         36           18           -3.03140E-08 
Ar37         37           18           0.00000E+00  
Ar38         38           18           9.66440E-09  
Ar39         39           18           9.24190E-13  
Ar40         40           18           8.46980E-10  
Ar41         41           18           0.00000E+00  
Ar42         42           18           0.00000E+00  
K39          39           19           2.02550E-09  
K40          40           19           5.12690E-10  
K41          41           19           2.26320E-09  
K42          42           19           0.00000E+00  
K43          43           19           0.00000E+00  
Ca40         40           20           -1.80750E-08 
Ca41         41           20           1.67150E-10  
Ca42         42           20           1.63250E-09  
Ca43         43           20           3.20840E-10  
Ca44         44           20           1.20310E-09  
Ca45         45           20           0.00000E+00  
Ca46         46           20           2.88110E-11  
Ca47         47           20           0.00000E+00  
Ca48         48           20           -9.91700E-12 
Sc45         45           21           3.14310E-10  
Sc46         46           21           0.00000E+00  
Sc47         47           21           0.00000E+00  
Sc48         48           21           0.00000E+00  
Sc49         49           21           0.00000E+00  
Ti46         46           22           4.25120E-10  
Ti47         47           22           -3.26640E-13 
Ti48         48           22           -1.23010E-09 
Ti49         49           22           1.32640E-09  
Ti50         50           22           2.52420E-09  
V50          50           23           -8.84320E-13 
V51          51           23           1.91570E-11  
Cr50         50           24           -7.11810E-10 
Cr51         51           24           0.00000E+00  
Cr52         52           24           -3.56400E-09 
Cr53         53           24           -4.52530E-10 
Cr54         54           24           3.34470E-09  
Mn55         55           25           7.62670E-09  
Mn56         56           25           0.00000E+00  
Fe54         54           26           -5.36580E-08 
Fe55         55           26           3.19790E-13  
Fe56         56           26           -3.67780E-07 
Fe57         57           26           1.34840E-07  
Fe58         58           26           1.40280E-07  
Fe59         59           26           0.00000E+00  
Fe60         60           26           8.30660E-10  
Co59         59           27           3.05490E-08  
Co60         60           27           0.00000E+00  
Ni58         58           28           -3.82810E-08 
Ni59         59           28           1.17960E-09  
Ni60         60           28           1.69640E-08  
Ni61         61           28           1.12850E-08  
Ni62         62           28           1.78710E-08  
Ni63         63           28           5.87700E-13  
Ni64         64           28           1.66690E-08  
Ni65         65           28           0.00000E+00  
Ni66         66           28           0.00000E+00  
Cu63         63           29           7.54050E-09  
Cu64         64           29           0.00000E+00  
Cu65         65           29           6.30930E-09  
Cu66         66           29           0.00000E+00  
Cu67         67           29           0.00000E+00  
Zn64         64           30           2.14760E-09  
Zn65         65           30           0.00000E+00  
Zn66         66           30           7.35970E-09  
Zn67         67           30           1.66460E-09  
Zn68         68           30           8.89110E-09  
Zn69         69           30           0.00000E+00  
Zn70         70           30           -3.38310E-12 
Ga69         69           31           1.38380E-09  
Ga70         70           31           0.00000E+00  
Ga71         71           31           1.46500E-09  
Ga72         72           31           0.00000E+00  
Ga73         73           31           0.00000E+00  
Ge70         70           32           2.43860E-09  
Ge71         71           32           0.00000E+00  
Ge72         72           32           2.91450E-09  
Ge73         73           32           8.42220E-10  
Ge74         74           32           3.81580E-09  
Ge75         75           32           0.00000E+00  
Ge76         76           32           -3.52320E-12 
Ge77         77           32           0.00000E+00  
As75         75           33           3.44390E-10  
As76         76           33           0.00000E+00  
As77         77           33           0.00000E+00  
Se76         76           34           1.27930E-09  
Se77         77           34           5.03700E-10  
Se78         78           34           1.91690E-09  
Se79         79           34           3.76790E-10  
Se80         80           34           3.57890E-09  
Se81         81           34           0.00000E+00  
Se82         82           34           -6.88080E-13 
Br79         79           35           3.30130E-10  
Br80         80           35           0.00000E+00  
Br81         81           35           5.28440E-10  
Br82         82           35           0.00000E+00  
Br83         83           35           0.00000E+00  
Br84         84           35           0.00000E+00  
Kr80         80           36           1.07860E-10  
Kr81         81           36           1.90690E-11  
Kr82         82           36           2.23400E-09  
Kr83         83           36           7.97280E-10  
Kr84         84           36           4.97250E-09  
Kr85         85           36           0.00000E+00  
Kr86         86           36           7.73790E-10  
Kr87         87           36           0.00000E+00  
Kr88         88           36           0.00000E+00  
Rb85         85           37           1.05300E-09  
Rb86         86           37           0.00000E+00  
Rb87         87           37           4.33840E-10  
Rb88         88           37           0.00000E+00  
Sr86         86           38           1.80570E-09  
Sr87         87           38           1.28170E-09  
Sr88         88           38           2.46230E-08  
Sr89         89           38           0.00000E+00  
Sr90         90           38           0.00000E+00  
Sr91         91           38           0.00000E+00  
Sr92         92           38           0.00000E+00  
Y89          89           39           5.37110E-09  
Y90          90           39           0.00000E+00  
Y91          91           39           0.00000E+00  
Y92          92           39           0.00000E+00  
Y93          93           39           0.00000E+00  
Zr90         90           40           5.06500E-09  
Zr91         91           40           1.45460E-09  
Zr92         92           40           2.21740E-09  
Zr93         93           40           5.94400E-10  
Zr94         94           40           2.78300E-09  
Zr95         95           40           0.00000E+00  
Zr96         96           40           1.68070E-10  
Zr97         97           40           0.00000E+00  
Nb93         93           41           1.21540E-10  
Nb94         94           41           0.00000E+00  
Nb95         95           41           0.00000E+00  
Nb96         96           41           0.00000E+00  
Nb97         97           41           0.00000E+00  
Mo92         92           42           -1.06470E-12 
Mo93         93           42           0.00000E+00  
Mo94         94           42           1.08270E-11  
Mo95         95           42           2.98290E-10  
Mo96         96           42           5.63940E-10  
Mo97         97           42           1.91010E-10  
Mo98         98           42           7.03320E-10  
Mo99         99           42           0.00000E+00  
Mo00         100          42           2.83900E-11  
Tc97         97           43           0.00000E+00  
Tc98         98           43           0.00000E+00  
Tc99         99           43           3.05170E-11  
Ru96         96           44           -3.39020E-13 
Ru97         97           44           0.00000E+00  
Ru98         98           44           0.00000E+00  
Ru99         99           44           6.59700E-11  
Ru00         100          44           3.44000E-10  
Ru01         101          44           7.60020E-11  
Ru02         102          44           3.95480E-10  
Ru03         103          44           0.00000E+00  
Ru04         104          44           3.21140E-11  
Ru05         105          44           0.00000E+00  
Ru06         106          44           0.00000E+00  
Rh03         103          45           8.34330E-11  
Rh05         105          45           0.00000E+00  
Pd04         104          46           2.53840E-10  
Pd05         105          46           6.84370E-11  
Pd06         106          46           3.14230E-10  
Pd07         107          46           5.96130E-11  
Pd08         108          46           4.00660E-10  
Pd09         109          46           0.00000E+00  
Pd10         110          46           3.29870E-11  
Ag07         107          47           1.78530E-12  
Ag09         109          47           1.02630E-10  
Ag11         111          47           0.00000E+00  
Cd08         108          48           4.42440E-13  
Cd09         109          48           0.00000E+00  
Cd10         110          48           3.28950E-10  
Cd11         111          48           1.15110E-10  
Cd12         112          48           4.39020E-10  
Cd13         113          48           1.28250E-10  
Cd14         114          48           6.37110E-10  
Cd15         115          48           0.00000E+00  
Cd16         116          48           5.40480E-11  
In13         113          49           0.00000E+00  
In15         115          49           1.28020E-10  
Sn14         114          50           0.00000E+00  
Sn15         115          50           0.00000E+00  
Sn16         116          50           8.48060E-10  
Sn17         117          50           2.58820E-10  
Sn18         118          50           1.20870E-09  
Sn19         119          50           3.55160E-10  
Sn20         120          50           1.89990E-09  
Sn21         121          50           0.00000E+00  
Sn22         122          50           6.08300E-11  
Sn23         123          50           0.00000E+00  
Sn24         124          50           0.00000E+00  
Sb21         121          51           1.44380E-10  
Sb22         122          51           0.00000E+00  
Sb23         123          51           2.70210E-11  
Sb24         124          51           0.00000E+00  
Sb25         125          51           0.00000E+00  
Te22         122          52           2.16600E-10  
Te23         123          52           7.41860E-11  
Te24         124          52           4.42920E-10  
Te25         125          52           1.48640E-10  
Te26         126          52           8.64270E-10  
Te27         127          52           0.00000E+00  
Te28         128          52           8.65370E-11  
Te30         130          52           -2.63750E-12 
I127         127          53           1.12140E-10  
I128         128          53           0.00000E+00  
I129         129          53           3.07340E-12  
I130         130          53           0.00000E+00  
I131         131          53           0.00000E+00  
I132         132          53           0.00000E+00  
I133         133          53           0.00000E+00  
Xe28         128          54           2.71220E-10  
Xe29         129          54           1.04630E-10  
Xe30         130          54           5.79420E-10  
Xe31         131          54           1.60900E-10  
Xe32         132          54           1.15030E-09  
Xe33         133          54           0.00000E+00  
Xe34         134          54           5.34180E-11  
Xe35         135          54           0.00000E+00  
Xe36         136          54           0.00000E+00  
Cs33         133          55           1.60480E-10  
Cs34         134          55           0.00000E+00  
Cs35         135          55           9.40980E-11  
Cs36         136          55           0.00000E+00  
Cs37         137          55           0.00000E+00  
Ba34         134          56           3.55060E-10  
Ba35         135          56           1.24300E-10  
Ba36         136          56           1.16160E-09  
Ba37         137          56           9.52440E-10  
Ba38         138          56           1.00630E-08  
Ba39         139          56           0.00000E+00  
Ba40         140          56           0.00000E+00  
La39         139          57           1.19930E-09  
La40         140          57           0.00000E+00  
Ce40         140          58           3.28620E-09  
Ce41         141          58           0.00000E+00  
Ce42         142          58           5.71270E-11  
Ce43         143          58           0.00000E+00  
Ce44         144          58           0.00000E+00  
Pr41         141          59           3.19060E-10  
Pr42         142          59           0.00000E+00  
Pr43         143          59           0.00000E+00  
Pr45         145          59           0.00000E+00  
Nd42         142          60           7.85190E-10  
Nd43         143          60           1.21540E-10  
Nd44         144          60           3.74120E-10  
Nd45         145          60           6.86150E-11  
Nd46         146          60           3.34150E-10  
Nd47         147          60           0.00000E+00  
Nd48         148          60           4.41790E-11  
Nd49         149          60           0.00000E+00  
Nd50         150          60           6.50160E-13  
Pm45         145          61           0.00000E+00  
Pm46         146          61           0.00000E+00  
Pm47         147          61           0.00000E+00  
Pm48         148          61           0.00000E+00  
Pm49         149          61           0.00000E+00  
Pm50         150          61           0.00000E+00  
Pm51         151          61           0.00000E+00  
Sm44         144          62           0.00000E+00  
Sm45         145          62           0.00000E+00  
Sm46         146          62           0.00000E+00  
Sm47         147          62           3.88230E-11  
Sm48         148          62           8.91390E-11  
Sm49         149          62           1.56880E-11  
Sm50         150          62           6.91940E-11  
Sm51         151          62           0.00000E+00  
Sm52         152          62           5.89250E-11  
Sm53         153          62           0.00000E+00  
Sm54         154          62           2.14090E-11  
Eu51         151          63           9.36600E-12  
Eu52         152          63           0.00000E+00  
Eu53         153          63           1.07230E-11  
Eu54         154          63           0.00000E+00  
Eu55         155          63           0.00000E+00  
Eu56         156          63           0.00000E+00  
Eu57         157          63           0.00000E+00  
Gd52         152          64           5.78250E-13  
Gd53         153          64           0.00000E+00  
Gd54         154          64           1.58650E-11  
Gd55         155          64           1.49550E-11  
Gd56         156          64           4.57670E-11  
Gd57         157          64           2.08350E-11  
Gd58         158          64           8.29700E-11  
Gd59         159          64           0.00000E+00  
Gd60         160          64           1.39840E-11  
Tb59         159          65           1.84280E-11  
Tb60         160          65           0.00000E+00  
Tb61         161          65           0.00000E+00  
Dy60         160          66           2.68000E-11  
Dy61         161          66           1.33660E-11  
Dy62         162          66           5.82550E-11  
Dy63         163          66           1.84690E-11  
Dy64         164          66           1.02230E-10  
Dy65         165          66           0.00000E+00  
Dy66         166          66           0.00000E+00  
Ho63         163          67           0.00000E+00  
Ho64         164          67           0.00000E+00  
Ho65         165          67           2.49450E-11  
Ho66         166          67           0.00000E+00  
Er64         164          68           9.31860E-12  
Er65         165          68           0.00000E+00  
Er66         166          68           3.83930E-11  
Er67         167          68           1.81330E-11  
Er68         168          68           7.91040E-11  
Er69         169          68           0.00000E+00  
Er70         170          68           3.37260E-11  
Er71         171          68           0.00000E+00  
Er72         172          68           0.00000E+00  
Tm69         169          69           2.11920E-11  
Tm70         170          69           0.00000E+00  
Tm71         171          69           0.00000E+00  
Tm72         172          69           0.00000E+00  
Tm73         173          69           0.00000E+00  
Yb70         170          70           2.47380E-11  
Yb71         171          70           3.55490E-11  
Yb72         172          70           8.82450E-11  
Yb73         173          70           4.09320E-11  
Yb74         174          70           1.97200E-10  
Yb75         175          70           0.00000E+00  
Yb76         176          70           2.95140E-11  
Yb77         177          70           0.00000E+00  
Lu75         175          71           2.74780E-11  
Lu76         176          71           4.82840E-12  
Lu77         177          71           0.00000E+00  
Hf76         176          72           3.47240E-11  
Hf77         177          72           2.25500E-11  
Hf78         178          72           1.01990E-10  
Hf79         179          72           3.46200E-11  
Hf80         180          72           1.91390E-10  
Hf81         181          72           0.00000E+00  
Hf82         182          72           1.61120E-11  
Hf83         183          72           0.00000E+00  
Hf84         184          72           0.00000E+00  
Ta79         179          73           0.00000E+00  
Ta80         180          73           0.00000E+00  
Ta81         181          73           4.05460E-11  
Ta82         182          73           0.00000E+00  
Ta83         183          73           0.00000E+00  
Ta84         184          73           0.00000E+00  
W180         180          74           0.00000E+00  
W181         181          74           0.00000E+00  
W182         182          74           6.97310E-11  
W183         183          74           4.96910E-11  
W184         184          74           1.36920E-10  
W185         185          74           0.00000E+00  
W186         186          74           8.35540E-11  
W187         187          74           0.00000E+00  
W188         188          74           0.00000E+00  
Re85         185          75           2.70830E-11  
Re86         186          75           0.00000E+00  
Re87         187          75           1.41090E-11  
Re88         188          75           0.00000E+00  
Re89         189          75           0.00000E+00  
Os86         186          76           4.55030E-11  
Os87         187          76           1.54310E-11  
Os88         188          76           7.49660E-11  
Os89         189          76           1.98940E-11  
Os90         190          76           9.77190E-11  
Os91         191          76           0.00000E+00  
Os92         192          76           2.48630E-11  
Os93         193          76           0.00000E+00  
Os94         194          76           0.00000E+00  
Ir91         191          77           1.98060E-11  
Ir92         192          77           0.00000E+00  
Ir93         193          77           2.38490E-11  
Ir94         194          77           0.00000E+00  
Ir95         195          77           0.00000E+00  
Pt92         192          78           2.82070E-11  
Pt93         193          78           0.00000E+00  
Pt94         194          78           1.13310E-10  
Pt95         195          78           4.22440E-11  
Pt96         196          78           1.81090E-10  
Pt97         197          78           0.00000E+00  
Pt98         198          78           1.22780E-11  
Au97         197          79           4.99250E-11  
Au98         198          79           0.00000E+00  
Au99         199          79           0.00000E+00  
Hg98         198          80           1.53960E-10  
Hg99         199          80           7.38450E-11  
Hg00         200          80           2.48420E-10  
Hg01         201          80           1.05050E-10  
Hg02         202          80           3.94930E-10  
Hg03         203          80           0.00000E+00  
Hg04         204          80           6.03770E-12  
Tl03         203          81           1.95430E-10  
Tl04         204          81           0.00000E+00  
Tl05         205          81           4.10370E-10  
Pb04         204          82           2.50230E-10  
Pb05         205          82           3.41430E-11  
Pb06         206          82           1.67310E-09  
Pb07         207          82           1.96410E-09  
Pb08         208          82           3.69570E-09  
Pb09         209          82           0.00000E+00  
Pb10         210          82           0.00000E+00  
Bi09         209          83           3.33700E-11  
Bi10         210          83           0.00000E+00  
Po10         210          84           0.00000E+00  
