Isotope      A            Z            YIELD 
H            1            1            -3.07270E-01 
He4          4            2            3.00860E-01  
C12          12           6            5.36750E-03  
C13          13           6            4.26500E-05  
C14          14           6            6.37890E-08  
N14          14           7            1.14330E-03  
N15          15           7            -1.05870E-06 
O16          16           8            -2.93490E-04 
O17          17           8            2.08560E-05  
O18          18           8            -3.65070E-06 
F18          18           9            0.00000E+00  
F19          19           9            -2.90300E-08 
Ne20         20           10           -1.52020E-05 
Ne21         21           10           4.12440E-07  
Ne22         22           10           7.26610E-05  
Na22         22           11           0.00000E+00  
Na23         23           11           3.00110E-05  
Na24         24           11           0.00000E+00  
Mg24         24           12           -1.40710E-06 
Mg25         25           12           6.32440E-06  
Mg26         26           12           1.54190E-05  
Al26         26           13           3.53060E-08  
Al27         27           13           1.45880E-06  
Si28         28           14           5.23050E-06  
Si29         29           14           7.23910E-07  
Si30         30           14           9.50610E-07  
Si31         31           14           0.00000E+00  
Si32         32           14           5.24140E-12  
P31          31           15           2.55170E-07  
P32          32           15           0.00000E+00  
P33          33           15           0.00000E+00  
S32          32           16           -4.17860E-07 
S33          33           16           8.73320E-09  
S34          34           16           1.65800E-07  
S35          35           16           0.00000E+00  
S36          36           16           1.09060E-08  
Cl35         35           17           -5.00790E-09 
Cl36         36           17           8.02000E-10  
Cl37         37           17           2.79370E-08  
Ar36         36           18           -1.81640E-07 
Ar37         37           18           0.00000E+00  
Ar38         38           18           4.50010E-08  
Ar39         39           18           8.93720E-11  
Ar40         40           18           1.44250E-08  
Ar41         41           18           0.00000E+00  
Ar42         42           18           0.00000E+00  
K39          39           19           1.27330E-08  
K40          40           19           1.12770E-09  
K41          41           19           6.59840E-09  
K42          42           19           0.00000E+00  
K43          43           19           0.00000E+00  
Ca40         40           20           -1.07350E-07 
Ca41         41           20           2.30260E-09  
Ca42         42           20           5.93190E-09  
Ca43         43           20           1.69760E-09  
Ca44         44           20           4.20500E-09  
Ca45         45           20           0.00000E+00  
Ca46         46           20           3.32780E-09  
Ca47         47           20           0.00000E+00  
Ca48         48           20           -5.10450E-12 
Sc45         45           21           2.29140E-09  
Sc46         46           21           0.00000E+00  
Sc47         47           21           0.00000E+00  
Sc48         48           21           0.00000E+00  
Sc49         49           21           0.00000E+00  
Ti46         46           22           4.80930E-10  
Ti47         47           22           -1.29500E-10 
Ti48         48           22           -5.86780E-09 
Ti49         49           22           2.87460E-09  
Ti50         50           22           7.28890E-09  
V50          50           23           -3.93810E-12 
V51          51           23           -4.92160E-11 
Cr50         50           24           -3.17130E-09 
Cr51         51           24           0.00000E+00  
Cr52         52           24           -2.74100E-08 
Cr53         53           24           -4.54610E-09 
Cr54         54           24           2.17800E-08  
Mn55         55           25           9.73960E-09  
Mn56         56           25           0.00000E+00  
Fe54         54           26           -2.59260E-07 
Fe55         55           26           1.76590E-13  
Fe56         56           26           -2.57960E-06 
Fe57         57           26           3.00470E-07  
Fe58         58           26           9.27680E-07  
Fe59         59           26           0.00000E+00  
Fe60         60           26           4.35180E-07  
Co59         59           27           3.39390E-07  
Co60         60           27           1.01180E-12  
Ni58         58           28           -1.61390E-07 
Ni59         59           28           7.42840E-09  
Ni60         60           28           1.23360E-07  
Ni61         61           28           1.12500E-07  
Ni62         62           28           2.44490E-07  
Ni63         63           28           1.95120E-10  
Ni64         64           28           2.53810E-07  
Ni65         65           28           0.00000E+00  
Ni66         66           28           0.00000E+00  
Cu63         63           29           1.44590E-07  
Cu64         64           29           0.00000E+00  
Cu65         65           29           5.71670E-08  
Cu66         66           29           0.00000E+00  
Cu67         67           29           0.00000E+00  
Zn64         64           30           -1.78920E-09 
Zn65         65           30           0.00000E+00  
Zn66         66           30           3.88950E-08  
Zn67         67           30           8.85620E-09  
Zn68         68           30           5.24750E-08  
Zn69         69           30           0.00000E+00  
Zn70         70           30           7.39280E-10  
Ga69         69           31           7.43230E-09  
Ga70         70           31           0.00000E+00  
Ga71         71           31           4.44920E-09  
Ga72         72           31           0.00000E+00  
Ga73         73           31           0.00000E+00  
Ge70         70           32           1.07780E-08  
Ge71         71           32           0.00000E+00  
Ge72         72           32           1.14330E-08  
Ge73         73           32           3.40120E-09  
Ge74         74           32           1.91990E-08  
Ge75         75           32           0.00000E+00  
Ge76         76           32           9.36940E-10  
Ge77         77           32           0.00000E+00  
As75         75           33           1.93620E-09  
As76         76           33           0.00000E+00  
As77         77           33           0.00000E+00  
Se76         76           34           4.30420E-09  
Se77         77           34           1.68420E-09  
Se78         78           34           1.06230E-08  
Se79         79           34           1.90050E-09  
Se80         80           34           1.20000E-08  
Se81         81           34           0.00000E+00  
Se82         82           34           7.97440E-10  
Br79         79           35           2.75960E-10  
Br80         80           35           0.00000E+00  
Br81         81           35           2.11090E-09  
Br82         82           35           0.00000E+00  
Br83         83           35           0.00000E+00  
Br84         84           35           0.00000E+00  
Kr80         80           36           2.19420E-10  
Kr81         81           36           5.57040E-11  
Kr82         82           36           4.95670E-09  
Kr83         83           36           1.77220E-09  
Kr84         84           36           1.13430E-08  
Kr85         85           36           1.41530E-13  
Kr86         86           36           1.61250E-08  
Kr87         87           36           0.00000E+00  
Kr88         88           36           0.00000E+00  
Rb85         85           37           3.90530E-09  
Rb86         86           37           0.00000E+00  
Rb87         87           37           7.78960E-09  
Rb88         88           37           0.00000E+00  
Sr86         86           38           1.65900E-09  
Sr87         87           38           6.76880E-10  
Sr88         88           38           1.65480E-08  
Sr89         89           38           0.00000E+00  
Sr90         90           38           6.58870E-13  
Sr91         91           38           0.00000E+00  
Sr92         92           38           0.00000E+00  
Y89          89           39           4.33710E-09  
Y90          90           39           0.00000E+00  
Y91          91           39           0.00000E+00  
Y92          92           39           0.00000E+00  
Y93          93           39           0.00000E+00  
Zr90         90           40           3.28470E-09  
Zr91         91           40           1.03780E-09  
Zr92         92           40           1.65210E-09  
Zr93         93           40           6.39960E-10  
Zr94         94           40           2.02550E-09  
Zr95         95           40           0.00000E+00  
Zr96         96           40           1.16260E-09  
Zr97         97           40           0.00000E+00  
Nb93         93           41           -7.96930E-13 
Nb94         94           41           0.00000E+00  
Nb95         95           41           0.00000E+00  
Nb96         96           41           0.00000E+00  
Nb97         97           41           0.00000E+00  
Mo92         92           42           -4.57630E-12 
Mo93         93           42           0.00000E+00  
Mo94         94           42           5.07380E-12  
Mo95         95           42           2.92030E-10  
Mo96         96           42           4.11830E-10  
Mo97         97           42           1.98420E-10  
Mo98         98           42           6.38310E-10  
Mo99         99           42           0.00000E+00  
Mo00         100          42           6.61480E-11  
Tc97         97           43           4.29430E-13  
Tc98         98           43           0.00000E+00  
Tc99         99           43           7.96540E-11  
Ru96         96           44           -1.44170E-12 
Ru97         97           44           0.00000E+00  
Ru98         98           44           -3.38060E-13 
Ru99         99           44           8.00170E-12  
Ru00         100          44           2.82550E-10  
Ru01         101          44           5.86420E-11  
Ru02         102          44           4.06620E-10  
Ru03         103          44           0.00000E+00  
Ru04         104          44           5.64430E-11  
Ru05         105          44           0.00000E+00  
Ru06         106          44           0.00000E+00  
Rh03         103          45           6.69870E-11  
Rh05         105          45           0.00000E+00  
Pd04         104          46           1.96410E-10  
Pd05         105          46           4.83270E-11  
Pd06         106          46           2.54650E-10  
Pd07         107          46           5.16020E-11  
Pd08         108          46           3.00430E-10  
Pd09         109          46           0.00000E+00  
Pd10         110          46           5.35460E-11  
Ag07         107          47           -6.98310E-12 
Ag09         109          47           8.58740E-11  
Ag11         111          47           0.00000E+00  
Cd08         108          48           4.74450E-12  
Cd09         109          48           0.00000E+00  
Cd10         110          48           2.31340E-10  
Cd11         111          48           8.19120E-11  
Cd12         112          48           3.20380E-10  
Cd13         113          48           8.97870E-11  
Cd14         114          48           4.49390E-10  
Cd15         115          48           0.00000E+00  
Cd16         116          48           1.45400E-10  
In13         113          49           0.00000E+00  
In15         115          49           8.99050E-11  
Sn14         114          50           0.00000E+00  
Sn15         115          50           -1.12600E-13 
Sn16         116          50           5.09550E-10  
Sn17         117          50           1.77140E-10  
Sn18         118          50           8.36670E-10  
Sn19         119          50           2.47550E-10  
Sn20         120          50           1.30270E-09  
Sn21         121          50           0.00000E+00  
Sn22         122          50           5.14960E-10  
Sn23         123          50           0.00000E+00  
Sn24         124          50           1.48220E-10  
Sb21         121          51           1.00860E-10  
Sb22         122          51           0.00000E+00  
Sb23         123          51           5.55560E-11  
Sb24         124          51           0.00000E+00  
Sb25         125          51           0.00000E+00  
Te22         122          52           1.43940E-10  
Te23         123          52           4.79280E-11  
Te24         124          52           3.43770E-10  
Te25         125          52           1.11360E-10  
Te26         126          52           6.18180E-10  
Te27         127          52           0.00000E+00  
Te28         128          52           8.30580E-11  
Te30         130          52           -1.47490E-11 
I127         127          53           5.24900E-11  
I128         128          53           0.00000E+00  
I129         129          53           3.92510E-12  
I130         130          53           0.00000E+00  
I131         131          53           0.00000E+00  
I132         132          53           0.00000E+00  
I133         133          53           0.00000E+00  
Xe28         128          54           2.06940E-10  
Xe29         129          54           3.26430E-11  
Xe30         130          54           4.21660E-10  
Xe31         131          54           7.81670E-11  
Xe32         132          54           7.38270E-10  
Xe33         133          54           0.00000E+00  
Xe34         134          54           4.12070E-10  
Xe35         135          54           0.00000E+00  
Xe36         136          54           1.65420E-10  
Cs33         133          55           1.00210E-10  
Cs34         134          55           0.00000E+00  
Cs35         135          55           1.13430E-10  
Cs36         136          55           0.00000E+00  
Cs37         137          55           3.28140E-13  
Ba34         134          56           2.11000E-10  
Ba35         135          56           5.71760E-11  
Ba36         136          56           6.53650E-10  
Ba37         137          56           1.21180E-09  
Ba38         138          56           8.50650E-09  
Ba39         139          56           0.00000E+00  
Ba40         140          56           0.00000E+00  
La39         139          57           1.04030E-09  
La40         140          57           0.00000E+00  
Ce40         140          58           2.58200E-09  
Ce41         141          58           0.00000E+00  
Ce42         142          58           4.78100E-10  
Ce43         143          58           0.00000E+00  
Ce44         144          58           0.00000E+00  
Pr41         141          59           3.04980E-10  
Pr42         142          59           0.00000E+00  
Pr43         143          59           0.00000E+00  
Pr45         145          59           0.00000E+00  
Nd42         142          60           5.35850E-10  
Nd43         143          60           1.40770E-10  
Nd44         144          60           5.28110E-10  
Nd45         145          60           9.80950E-11  
Nd46         146          60           4.71490E-10  
Nd47         147          60           0.00000E+00  
Nd48         148          60           1.04680E-10  
Nd49         149          60           0.00000E+00  
Nd50         150          60           3.41960E-12  
Pm45         145          61           0.00000E+00  
Pm46         146          61           0.00000E+00  
Pm47         147          61           0.00000E+00  
Pm48         148          61           0.00000E+00  
Pm49         149          61           0.00000E+00  
Pm50         150          61           0.00000E+00  
Pm51         151          61           0.00000E+00  
Sm44         144          62           -1.30910E-13 
Sm45         145          62           0.00000E+00  
Sm46         146          62           0.00000E+00  
Sm47         147          62           5.74590E-11  
Sm48         148          62           1.05830E-10  
Sm49         149          62           2.40440E-11  
Sm50         150          62           1.04040E-10  
Sm51         151          62           0.00000E+00  
Sm52         152          62           8.94840E-11  
Sm53         153          62           0.00000E+00  
Sm54         154          62           4.71080E-11  
Eu51         151          63           1.21640E-11  
Eu52         152          63           0.00000E+00  
Eu53         153          63           1.65110E-11  
Eu54         154          63           0.00000E+00  
Eu55         155          63           0.00000E+00  
Eu56         156          63           0.00000E+00  
Eu57         157          63           0.00000E+00  
Gd52         152          64           2.85010E-12  
Gd53         153          64           0.00000E+00  
Gd54         154          64           2.48560E-11  
Gd55         155          64           2.46070E-11  
Gd56         156          64           7.63040E-11  
Gd57         157          64           3.49130E-11  
Gd58         158          64           1.38980E-10  
Gd59         159          64           0.00000E+00  
Gd60         160          64           3.81520E-11  
Tb59         159          65           3.12550E-11  
Tb60         160          65           0.00000E+00  
Tb61         161          65           0.00000E+00  
Dy60         160          66           4.72190E-11  
Dy61         161          66           2.28760E-11  
Dy62         162          66           1.07410E-10  
Dy63         163          66           2.77780E-11  
Dy64         164          66           1.58890E-10  
Dy65         165          66           0.00000E+00  
Dy66         166          66           0.00000E+00  
Ho63         163          67           2.22940E-12  
Ho64         164          67           0.00000E+00  
Ho65         165          67           4.10140E-11  
Ho66         166          67           0.00000E+00  
Er64         164          68           2.03700E-11  
Er65         165          68           0.00000E+00  
Er66         166          68           6.76500E-11  
Er67         167          68           3.21820E-11  
Er68         168          68           1.32830E-10  
Er69         169          68           0.00000E+00  
Er70         170          68           7.50180E-11  
Er71         171          68           0.00000E+00  
Er72         172          68           0.00000E+00  
Tm69         169          69           2.79930E-11  
Tm70         170          69           0.00000E+00  
Tm71         171          69           0.00000E+00  
Tm72         172          69           0.00000E+00  
Tm73         173          69           0.00000E+00  
Yb70         170          70           3.56430E-11  
Yb71         171          70           6.34670E-11  
Yb72         172          70           1.36780E-10  
Yb73         173          70           6.68800E-11  
Yb74         174          70           3.10070E-10  
Yb75         175          70           0.00000E+00  
Yb76         176          70           8.20560E-11  
Yb77         177          70           0.00000E+00  
Lu75         175          71           4.29950E-11  
Lu76         176          71           7.50870E-12  
Lu77         177          71           0.00000E+00  
Hf76         176          72           5.48250E-11  
Hf77         177          72           3.74050E-11  
Hf78         178          72           1.67770E-10  
Hf79         179          72           5.90690E-11  
Hf80         180          72           3.18880E-10  
Hf81         181          72           0.00000E+00  
Hf82         182          72           3.09550E-11  
Hf83         183          72           0.00000E+00  
Hf84         184          72           0.00000E+00  
Ta79         179          73           0.00000E+00  
Ta80         180          73           0.00000E+00  
Ta81         181          73           7.01770E-11  
Ta82         182          73           0.00000E+00  
Ta83         183          73           0.00000E+00  
Ta84         184          73           0.00000E+00  
W180         180          74           0.00000E+00  
W181         181          74           0.00000E+00  
W182         182          74           1.09660E-10  
W183         183          74           8.63780E-11  
W184         184          74           2.13140E-10  
W185         185          74           0.00000E+00  
W186         186          74           1.18110E-10  
W187         187          74           0.00000E+00  
W188         188          74           0.00000E+00  
Re85         185          75           4.64730E-11  
Re86         186          75           0.00000E+00  
Re87         187          75           2.61290E-11  
Re88         188          75           0.00000E+00  
Re89         189          75           0.00000E+00  
Os86         186          76           6.14510E-11  
Os87         187          76           2.06220E-11  
Os88         188          76           1.78830E-10  
Os89         189          76           3.27330E-11  
Os90         190          76           2.01690E-10  
Os91         191          76           0.00000E+00  
Os92         192          76           1.31410E-10  
Os93         193          76           0.00000E+00  
Os94         194          76           0.00000E+00  
Ir91         191          77           2.27600E-11  
Ir92         192          77           0.00000E+00  
Ir93         193          77           3.24180E-11  
Ir94         194          77           0.00000E+00  
Ir95         195          77           0.00000E+00  
Pt92         192          78           5.89920E-11  
Pt93         193          78           0.00000E+00  
Pt94         194          78           2.64890E-10  
Pt95         195          78           7.84080E-11  
Pt96         196          78           3.36750E-10  
Pt97         197          78           0.00000E+00  
Pt98         198          78           5.03470E-11  
Au97         197          79           9.14730E-11  
Au98         198          79           0.00000E+00  
Au99         199          79           0.00000E+00  
Hg98         198          80           2.79680E-10  
Hg99         199          80           1.39300E-10  
Hg00         200          80           4.48040E-10  
Hg01         201          80           1.93350E-10  
Hg02         202          80           7.38000E-10  
Hg03         203          80           0.00000E+00  
Hg04         204          80           5.23690E-11  
Tl03         203          81           3.49190E-10  
Tl04         204          81           0.00000E+00  
Tl05         205          81           4.25300E-10  
Pb04         204          82           3.95640E-10  
Pb05         205          82           9.97830E-11  
Pb06         206          82           4.70990E-09  
Pb07         207          82           5.57950E-09  
Pb08         208          82           1.03240E-07  
Pb09         209          82           0.00000E+00  
Pb10         210          82           0.00000E+00  
Bi09         209          83           2.49430E-09  
Bi10         210          83           0.00000E+00  
Po10         210          84           0.00000E+00  
