Isotope      A            Z            YIELD 
H            1            1            -2.25610E-02 
He4          4            2            2.04030E-02  
C12          12           6            5.29560E-04  
C13          13           6            5.38100E-05  
C14          14           6            2.49890E-11  
N14          14           7            9.78460E-04  
N15          15           7            -1.39070E-06 
O16          16           8            -1.93540E-05 
O17          17           8            4.69350E-06  
O18          18           8            -3.62090E-06 
F18          18           9            0.00000E+00  
F19          19           9            1.11220E-07  
Ne20         20           10           -9.06000E-07 
Ne21         21           10           5.58470E-09  
Ne22         22           10           1.32010E-04  
Na22         22           11           0.00000E+00  
Na23         23           11           4.59800E-06  
Na24         24           11           0.00000E+00  
Mg24         24           12           9.15590E-07  
Mg25         25           12           -5.02740E-07 
Mg26         26           12           4.24330E-07  
Al26         26           13           1.75280E-07  
Al27         27           13           1.85830E-07  
Si28         28           14           -1.25040E-08 
Si29         29           14           1.32920E-08  
Si30         30           14           1.32070E-07  
Si31         31           14           0.00000E+00  
Si32         32           14           0.00000E+00  
P31          31           15           7.49420E-08  
P32          32           15           0.00000E+00  
P33          33           15           0.00000E+00  
S32          32           16           -1.72140E-07 
S33          33           16           1.74980E-08  
S34          34           16           8.23210E-08  
S35          35           16           0.00000E+00  
S36          36           16           5.81150E-09  
Cl35         35           17           -6.24710E-09 
Cl36         36           17           2.99820E-10  
Cl37         37           17           4.97760E-08  
Ar36         36           18           -1.36110E-07 
Ar37         37           18           0.00000E+00  
Ar38         38           18           4.08200E-08  
Ar39         39           18           7.24200E-13  
Ar40         40           18           3.42020E-09  
Ar41         41           18           0.00000E+00  
Ar42         42           18           0.00000E+00  
K39          39           19           7.93220E-09  
K40          40           19           -2.21840E-09 
K41          41           19           1.01980E-08  
K42          42           19           0.00000E+00  
K43          43           19           0.00000E+00  
Ca40         40           20           -7.18770E-08 
Ca41         41           20           4.95510E-10  
Ca42         42           20           7.32970E-09  
Ca43         43           20           1.27520E-09  
Ca44         44           20           3.54410E-09  
Ca45         45           20           0.00000E+00  
Ca46         46           20           2.82990E-10  
Ca47         47           20           0.00000E+00  
Ca48         48           20           -3.49400E-11 
Sc45         45           21           1.07700E-09  
Sc46         46           21           0.00000E+00  
Sc47         47           21           0.00000E+00  
Sc48         48           21           0.00000E+00  
Sc49         49           21           0.00000E+00  
Ti46         46           22           1.21400E-09  
Ti47         47           22           -3.42370E-10 
Ti48         48           22           -6.42080E-09 
Ti49         49           22           5.46970E-09  
Ti50         50           22           7.60240E-09  
V50          50           23           -4.02250E-12 
V51          51           23           -4.99560E-10 
Cr50         50           24           -3.26550E-09 
Cr51         51           24           0.00000E+00  
Cr52         52           24           -1.40930E-08 
Cr53         53           24           -3.85250E-09 
Cr54         54           24           1.61140E-08  
Mn55         55           25           2.24640E-08  
Mn56         56           25           0.00000E+00  
Fe54         54           26           -2.67940E-07 
Fe55         55           26           1.74700E-13  
Fe56         56           26           -1.36080E-06 
Fe57         57           26           4.79330E-07  
Fe58         58           26           6.85370E-07  
Fe59         59           26           0.00000E+00  
Fe60         60           26           1.47600E-08  
Co59         59           27           1.53050E-07  
Co60         60           27           0.00000E+00  
Ni58         58           28           -1.67850E-07 
Ni59         59           28           2.29860E-09  
Ni60         60           28           6.56740E-08  
Ni61         61           28           4.62900E-08  
Ni62         62           28           6.43440E-08  
Ni63         63           28           1.59790E-13  
Ni64         64           28           6.03110E-08  
Ni65         65           28           0.00000E+00  
Ni66         66           28           0.00000E+00  
Cu63         63           29           3.87620E-08  
Cu64         64           29           0.00000E+00  
Cu65         65           29           2.15700E-08  
Cu66         66           29           0.00000E+00  
Cu67         67           29           0.00000E+00  
Zn64         64           30           5.35460E-09  
Zn65         65           30           0.00000E+00  
Zn66         66           30           1.72470E-08  
Zn67         67           30           4.06040E-09  
Zn68         68           30           2.35540E-08  
Zn69         69           30           0.00000E+00  
Zn70         70           30           -2.50600E-11 
Ga69         69           31           4.45550E-09  
Ga70         70           31           0.00000E+00  
Ga71         71           31           4.47470E-09  
Ga72         72           31           0.00000E+00  
Ga73         73           31           0.00000E+00  
Ge70         70           32           7.71570E-09  
Ge71         71           32           0.00000E+00  
Ge72         72           32           8.32110E-09  
Ge73         73           32           2.32540E-09  
Ge74         74           32           1.60770E-08  
Ge75         75           32           0.00000E+00  
Ge76         76           32           -2.76240E-11 
Ge77         77           32           0.00000E+00  
As75         75           33           1.58320E-09  
As76         76           33           0.00000E+00  
As77         77           33           0.00000E+00  
Se76         76           34           3.99930E-09  
Se77         77           34           1.60650E-09  
Se78         78           34           1.07100E-08  
Se79         79           34           6.14360E-10  
Se80         80           34           1.26700E-08  
Se81         81           34           0.00000E+00  
Se82         82           34           -7.79900E-12 
Br79         79           35           1.25030E-09  
Br80         80           35           0.00000E+00  
Br81         81           35           2.48950E-09  
Br82         82           35           0.00000E+00  
Br83         83           35           0.00000E+00  
Br84         84           35           0.00000E+00  
Kr80         80           36           7.02180E-10  
Kr81         81           36           9.93510E-11  
Kr82         82           36           6.80130E-09  
Kr83         83           36           2.31850E-09  
Kr84         84           36           1.45910E-08  
Kr85         85           36           0.00000E+00  
Kr86         86           36           2.42400E-09  
Kr87         87           36           0.00000E+00  
Kr88         88           36           0.00000E+00  
Rb85         85           37           2.80680E-09  
Rb86         86           37           0.00000E+00  
Rb87         87           37           1.19310E-09  
Rb88         88           37           0.00000E+00  
Sr86         86           38           7.00820E-09  
Sr87         87           38           4.39900E-09  
Sr88         88           38           7.67600E-08  
Sr89         89           38           0.00000E+00  
Sr90         90           38           0.00000E+00  
Sr91         91           38           0.00000E+00  
Sr92         92           38           0.00000E+00  
Y89          89           39           1.45800E-08  
Y90          90           39           0.00000E+00  
Y91          91           39           0.00000E+00  
Y92          92           39           0.00000E+00  
Y93          93           39           0.00000E+00  
Zr90         90           40           1.48950E-08  
Zr91         91           40           3.26660E-09  
Zr92         92           40           5.05780E-09  
Zr93         93           40           1.52140E-09  
Zr94         94           40           6.71390E-09  
Zr95         95           40           0.00000E+00  
Zr96         96           40           1.88380E-10  
Zr97         97           40           0.00000E+00  
Nb93         93           41           3.18000E-10  
Nb94         94           41           0.00000E+00  
Nb95         95           41           0.00000E+00  
Nb96         96           41           0.00000E+00  
Nb97         97           41           0.00000E+00  
Mo92         92           42           -4.73140E-12 
Mo93         93           42           0.00000E+00  
Mo94         94           42           2.86360E-11  
Mo95         95           42           6.80150E-10  
Mo96         96           42           1.34240E-09  
Mo97         97           42           4.59680E-10  
Mo98         98           42           1.62310E-09  
Mo99         99           42           0.00000E+00  
Mo00         100          42           1.23270E-11  
Tc97         97           43           1.34050E-13  
Tc98         98           43           0.00000E+00  
Tc99         99           43           6.44200E-11  
Ru96         96           44           -1.47460E-12 
Ru97         97           44           0.00000E+00  
Ru98         98           44           -3.73120E-13 
Ru99         99           44           1.53170E-10  
Ru00         100          44           8.06420E-10  
Ru01         101          44           1.72460E-10  
Ru02         102          44           1.04880E-09  
Ru03         103          44           0.00000E+00  
Ru04         104          44           8.61220E-12  
Ru05         105          44           0.00000E+00  
Ru06         106          44           0.00000E+00  
Rh03         103          45           1.87460E-10  
Rh05         105          45           0.00000E+00  
Pd04         104          46           5.95050E-10  
Pd05         105          46           1.50930E-10  
Pd06         106          46           6.74420E-10  
Pd07         107          46           1.30500E-10  
Pd08         108          46           8.24850E-10  
Pd09         109          46           0.00000E+00  
Pd10         110          46           6.85710E-12  
Ag07         107          47           8.30200E-13  
Ag09         109          47           2.34980E-10  
Ag11         111          47           0.00000E+00  
Cd08         108          48           3.35020E-12  
Cd09         109          48           0.00000E+00  
Cd10         110          48           6.79660E-10  
Cd11         111          48           2.32190E-10  
Cd12         112          48           8.23610E-10  
Cd13         113          48           2.45880E-10  
Cd14         114          48           1.16510E-09  
Cd15         115          48           0.00000E+00  
Cd16         116          48           1.65090E-11  
In13         113          49           -1.12330E-13 
In15         115          49           2.29870E-10  
Sn14         114          50           -2.06540E-13 
Sn15         115          50           -1.39660E-13 
Sn16         116          50           1.55570E-09  
Sn17         117          50           4.68950E-10  
Sn18         118          50           1.90990E-09  
Sn19         119          50           5.93080E-10  
Sn20         120          50           2.75600E-09  
Sn21         121          50           0.00000E+00  
Sn22         122          50           1.46870E-11  
Sn23         123          50           0.00000E+00  
Sn24         124          50           -1.58470E-12 
Sb21         121          51           2.11470E-10  
Sb22         122          51           0.00000E+00  
Sb23         123          51           6.24720E-12  
Sb24         124          51           0.00000E+00  
Sb25         125          51           0.00000E+00  
Te22         122          52           3.62420E-10  
Te23         123          52           1.31240E-10  
Te24         124          52           6.72770E-10  
Te25         125          52           2.22430E-10  
Te26         126          52           1.17930E-09  
Te27         127          52           0.00000E+00  
Te28         128          52           1.14440E-10  
Te30         130          52           -1.20960E-11 
I127         127          53           1.33260E-10  
I128         128          53           0.00000E+00  
I129         129          53           1.54300E-12  
I130         130          53           0.00000E+00  
I131         131          53           0.00000E+00  
I132         132          53           0.00000E+00  
I133         133          53           0.00000E+00  
Xe28         128          54           3.68130E-10  
Xe29         129          54           1.20280E-10  
Xe30         130          54           7.61630E-10  
Xe31         131          54           1.79400E-10  
Xe32         132          54           1.32200E-09  
Xe33         133          54           0.00000E+00  
Xe34         134          54           1.01350E-11  
Xe35         135          54           0.00000E+00  
Xe36         136          54           -5.11310E-13 
Cs33         133          55           1.66690E-10  
Cs34         134          55           0.00000E+00  
Cs35         135          55           4.51450E-11  
Cs36         136          55           0.00000E+00  
Cs37         137          55           0.00000E+00  
Ba34         134          56           4.85530E-10  
Ba35         135          56           1.62700E-10  
Ba36         136          56           1.15110E-09  
Ba37         137          56           8.62800E-10  
Ba38         138          56           4.99420E-09  
Ba39         139          56           0.00000E+00  
Ba40         140          56           0.00000E+00  
La39         139          57           4.96290E-10  
La40         140          57           0.00000E+00  
Ce40         140          58           1.04120E-09  
Ce41         141          58           0.00000E+00  
Ce42         142          58           1.73370E-12  
Ce43         143          58           0.00000E+00  
Ce44         144          58           0.00000E+00  
Pr41         141          59           7.54600E-11  
Pr42         142          59           0.00000E+00  
Pr43         143          59           0.00000E+00  
Pr45         145          59           0.00000E+00  
Nd42         142          60           2.21170E-10  
Nd43         143          60           2.64430E-11  
Nd44         144          60           8.64690E-11  
Nd45         145          60           1.40470E-11  
Nd46         146          60           8.19640E-11  
Nd47         147          60           0.00000E+00  
Nd48         148          60           7.72710E-13  
Nd49         149          60           0.00000E+00  
Nd50         150          60           -1.03230E-12 
Pm45         145          61           0.00000E+00  
Pm46         146          61           0.00000E+00  
Pm47         147          61           0.00000E+00  
Pm48         148          61           0.00000E+00  
Pm49         149          61           0.00000E+00  
Pm50         150          61           0.00000E+00  
Pm51         151          61           0.00000E+00  
Sm44         144          62           -1.42900E-13 
Sm45         145          62           0.00000E+00  
Sm46         146          62           0.00000E+00  
Sm47         147          62           7.13940E-12  
Sm48         148          62           2.73440E-11  
Sm49         149          62           2.60700E-12  
Sm50         150          62           1.58190E-11  
Sm51         151          62           0.00000E+00  
Sm52         152          62           9.89170E-12  
Sm53         153          62           0.00000E+00  
Sm54         154          62           -7.52740E-13 
Eu51         151          63           7.68930E-13  
Eu52         152          63           0.00000E+00  
Eu53         153          63           8.37920E-13  
Eu54         154          63           0.00000E+00  
Eu55         155          63           0.00000E+00  
Eu56         156          63           0.00000E+00  
Eu57         157          63           0.00000E+00  
Gd52         152          64           7.35430E-13  
Gd53         153          64           0.00000E+00  
Gd54         154          64           4.81090E-12  
Gd55         155          64           1.40620E-12  
Gd56         156          64           9.82450E-12  
Gd57         157          64           3.88760E-12  
Gd58         158          64           1.96800E-11  
Gd59         159          64           0.00000E+00  
Gd60         160          64           -1.34230E-12 
Tb59         159          65           3.06850E-12  
Tb60         160          65           0.00000E+00  
Tb61         161          65           0.00000E+00  
Dy60         160          66           7.82080E-12  
Dy61         161          66           1.15910E-12  
Dy62         162          66           1.35560E-11  
Dy63         163          66           2.37100E-12  
Dy64         164          66           2.68990E-11  
Dy65         165          66           0.00000E+00  
Dy66         166          66           0.00000E+00  
Ho63         163          67           0.00000E+00  
Ho64         164          67           0.00000E+00  
Ho65         165          67           3.47660E-12  
Ho66         166          67           0.00000E+00  
Er64         164          68           1.91120E-12  
Er65         165          68           0.00000E+00  
Er66         166          68           1.04300E-11  
Er67         167          68           3.50340E-12  
Er68         168          68           1.95720E-11  
Er69         169          68           0.00000E+00  
Er70         170          68           3.62700E-13  
Er71         171          68           0.00000E+00  
Er72         172          68           0.00000E+00  
Tm69         169          69           2.66510E-12  
Tm70         170          69           0.00000E+00  
Tm71         171          69           0.00000E+00  
Tm72         172          69           0.00000E+00  
Tm73         173          69           0.00000E+00  
Yb70         170          70           8.36170E-12  
Yb71         171          70           5.92130E-12  
Yb72         172          70           2.04540E-11  
Yb73         173          70           8.32410E-12  
Yb74         174          70           4.20500E-11  
Yb75         175          70           0.00000E+00  
Yb76         176          70           4.43820E-13  
Yb77         177          70           0.00000E+00  
Lu75         175          71           4.66750E-12  
Lu76         176          71           -4.33000E-13 
Lu77         177          71           0.00000E+00  
Hf76         176          72           9.71230E-12  
Hf77         177          72           3.69370E-12  
Hf78         178          72           2.04260E-11  
Hf79         179          72           6.46560E-12  
Hf80         180          72           3.86360E-11  
Hf81         181          72           0.00000E+00  
Hf82         182          72           7.83840E-13  
Hf83         183          72           0.00000E+00  
Hf84         184          72           0.00000E+00  
Ta79         179          73           0.00000E+00  
Ta80         180          73           0.00000E+00  
Ta81         181          73           6.93060E-12  
Ta82         182          73           0.00000E+00  
Ta83         183          73           0.00000E+00  
Ta84         184          73           0.00000E+00  
W180         180          74           0.00000E+00  
W181         181          74           0.00000E+00  
W182         182          74           2.05890E-11  
W183         183          74           1.05910E-11  
W184         184          74           2.49780E-11  
W185         185          74           0.00000E+00  
W186         186          74           2.07790E-12  
W187         187          74           0.00000E+00  
W188         188          74           0.00000E+00  
Re85         185          75           3.82790E-12  
Re86         186          75           0.00000E+00  
Re87         187          75           -8.48680E-11 
Re88         188          75           0.00000E+00  
Re89         189          75           0.00000E+00  
Os86         186          76           1.30280E-11  
Os87         187          76           8.82920E-11  
Os88         188          76           1.86760E-11  
Os89         189          76           1.33850E-13  
Os90         190          76           1.74330E-11  
Os91         191          76           0.00000E+00  
Os92         192          76           -5.05790E-12 
Os93         193          76           0.00000E+00  
Os94         194          76           0.00000E+00  
Ir91         191          77           -5.11460E-12 
Ir92         192          77           0.00000E+00  
Ir93         193          77           -9.82550E-12 
Ir94         194          77           0.00000E+00  
Ir95         195          77           0.00000E+00  
Pt92         192          78           1.20180E-11  
Pt93         193          78           0.00000E+00  
Pt94         194          78           1.59470E-11  
Pt95         195          78           -5.27290E-12 
Pt96         196          78           2.91970E-11  
Pt97         197          78           0.00000E+00  
Pt98         198          78           -2.06880E-12 
Au97         197          79           3.75970E-12  
Au98         198          79           0.00000E+00  
Au99         199          79           0.00000E+00  
Hg98         198          80           3.26560E-11  
Hg99         199          80           1.16260E-11  
Hg00         200          80           4.44110E-11  
Hg01         201          80           1.67840E-11  
Hg02         202          80           7.86820E-11  
Hg03         203          80           0.00000E+00  
Hg04         204          80           -1.89360E-13 
Tl03         203          81           3.03040E-11  
Tl04         204          81           0.00000E+00  
Tl05         205          81           7.36490E-11  
Pb04         204          82           4.07580E-11  
Pb05         205          82           3.42630E-12  
Pb06         206          82           2.29200E-10  
Pb07         207          82           1.66270E-10  
Pb08         208          82           1.74620E-10  
Pb09         209          82           0.00000E+00  
Pb10         210          82           0.00000E+00  
Bi09         209          83           -4.09890E-13 
Bi10         210          83           0.00000E+00  
Po10         210          84           0.00000E+00  
