Isotope      A            Z            YIELD 
H            1            1            -7.04830E-02 
He4          4            2            6.79620E-02  
C12          12           6            -2.00470E-04 
C13          13           6            8.96530E-05  
C14          14           6            7.23250E-08  
N14          14           7            3.34220E-03  
N15          15           7            -3.63410E-06 
O16          16           8            -9.67790E-04 
O17          17           8            4.17780E-05  
O18          18           8            -1.13810E-05 
F18          18           9            0.00000E+00  
F19          19           9            5.42050E-08  
Ne20         20           10           -2.47700E-06 
Ne21         21           10           1.86650E-06  
Ne22         22           10           8.30320E-05  
Na22         22           11           0.00000E+00  
Na23         23           11           3.31480E-05  
Na24         24           11           0.00000E+00  
Mg24         24           12           -1.47210E-06 
Mg25         25           12           -2.97910E-06 
Mg26         26           12           7.77810E-06  
Al26         26           13           2.55820E-07  
Al27         27           13           3.07960E-06  
Si28         28           14           5.08410E-07  
Si29         29           14           5.45650E-08  
Si30         30           14           1.28030E-07  
Si31         31           14           0.00000E+00  
Si32         32           14           0.00000E+00  
P31          31           15           1.26910E-07  
P32          32           15           0.00000E+00  
P33          33           15           0.00000E+00  
S32          32           16           -1.96510E-07 
S33          33           16           2.44300E-08  
S34          34           16           5.99390E-08  
S35          35           16           0.00000E+00  
S36          36           16           5.24800E-09  
Cl35         35           17           -5.20100E-09 
Cl36         36           17           1.09770E-09  
Cl37         37           17           4.70040E-08  
Ar36         36           18           -1.22300E-07 
Ar37         37           18           0.00000E+00  
Ar38         38           18           3.45890E-08  
Ar39         39           18           1.81850E-11  
Ar40         40           18           1.04780E-08  
Ar41         41           18           0.00000E+00  
Ar42         42           18           0.00000E+00  
K39          39           19           7.37510E-09  
K40          40           19           1.59630E-09  
K41          41           19           5.36080E-09  
K42          42           19           0.00000E+00  
K43          43           19           0.00000E+00  
Ca40         40           20           -6.99820E-08 
Ca41         41           20           2.88120E-09  
Ca42         42           20           5.78980E-09  
Ca43         43           20           1.20370E-09  
Ca44         44           20           4.90780E-09  
Ca45         45           20           0.00000E+00  
Ca46         46           20           1.38610E-10  
Ca47         47           20           0.00000E+00  
Ca48         48           20           -4.63590E-11 
Sc45         45           21           1.33920E-09  
Sc46         46           21           0.00000E+00  
Sc47         47           21           0.00000E+00  
Sc48         48           21           0.00000E+00  
Sc49         49           21           0.00000E+00  
Ti46         46           22           1.80990E-09  
Ti47         47           22           5.51640E-11  
Ti48         48           22           -4.67830E-09 
Ti49         49           22           5.45870E-09  
Ti50         50           22           1.35680E-08  
V50          50           23           -3.49070E-12 
V51          51           23           2.87640E-10  
Cr50         50           24           -2.80120E-09 
Cr51         51           24           0.00000E+00  
Cr52         52           24           -1.45530E-08 
Cr53         53           24           -1.40490E-09 
Cr54         54           24           1.31940E-08  
Mn55         55           25           3.58080E-08  
Mn56         56           25           0.00000E+00  
Fe54         54           26           -2.15710E-07 
Fe55         55           26           3.19150E-12  
Fe56         56           26           -1.56670E-06 
Fe57         57           26           5.55400E-07  
Fe58         58           26           5.19520E-07  
Fe59         59           26           0.00000E+00  
Fe60         60           26           4.36280E-09  
Co59         59           27           9.50440E-08  
Co60         60           27           0.00000E+00  
Ni58         58           28           -1.51320E-07 
Ni59         59           28           3.02020E-08  
Ni60         60           28           6.71500E-08  
Ni61         61           28           4.33230E-08  
Ni62         62           28           5.84120E-08  
Ni63         63           28           1.48780E-11  
Ni64         64           28           7.00360E-08  
Ni65         65           28           0.00000E+00  
Ni66         66           28           0.00000E+00  
Cu63         63           29           2.88130E-08  
Cu64         64           29           0.00000E+00  
Cu65         65           29           3.52080E-08  
Cu66         66           29           0.00000E+00  
Cu67         67           29           0.00000E+00  
Zn64         64           30           9.41260E-09  
Zn65         65           30           0.00000E+00  
Zn66         66           30           3.00940E-08  
Zn67         67           30           6.75790E-09  
Zn68         68           30           3.68750E-08  
Zn69         69           30           0.00000E+00  
Zn70         70           30           -1.79430E-11 
Ga69         69           31           5.88740E-09  
Ga70         70           31           0.00000E+00  
Ga71         71           31           5.82680E-09  
Ga72         72           31           0.00000E+00  
Ga73         73           31           0.00000E+00  
Ge70         70           32           1.02910E-08  
Ge71         71           32           0.00000E+00  
Ge72         72           32           1.22830E-08  
Ge73         73           32           3.57770E-09  
Ge74         74           32           2.19030E-08  
Ge75         75           32           0.00000E+00  
Ge76         76           32           -8.04500E-12 
Ge77         77           32           0.00000E+00  
As75         75           33           2.20990E-09  
As76         76           33           0.00000E+00  
As77         77           33           0.00000E+00  
Se76         76           34           5.17400E-09  
Se77         77           34           2.03690E-09  
Se78         78           34           1.39010E-08  
Se79         79           34           2.04200E-09  
Se80         80           34           1.54660E-08  
Se81         81           34           0.00000E+00  
Se82         82           34           -5.13860E-12 
Br79         79           35           5.94150E-10  
Br80         80           35           0.00000E+00  
Br81         81           35           2.83010E-09  
Br82         82           35           0.00000E+00  
Br83         83           35           0.00000E+00  
Br84         84           35           0.00000E+00  
Kr80         80           36           6.83420E-10  
Kr81         81           36           3.01430E-10  
Kr82         82           36           9.17990E-09  
Kr83         83           36           3.30100E-09  
Kr84         84           36           2.02270E-08  
Kr85         85           36           0.00000E+00  
Kr86         86           36           2.08010E-08  
Kr87         87           36           0.00000E+00  
Kr88         88           36           0.00000E+00  
Rb85         85           37           4.21000E-09  
Rb86         86           37           0.00000E+00  
Rb87         87           37           5.01470E-09  
Rb88         88           37           0.00000E+00  
Sr86         86           38           8.01320E-09  
Sr87         87           38           5.69290E-09  
Sr88         88           38           1.17430E-07  
Sr89         89           38           0.00000E+00  
Sr90         90           38           0.00000E+00  
Sr91         91           38           0.00000E+00  
Sr92         92           38           0.00000E+00  
Y89          89           39           2.76180E-08  
Y90          90           39           0.00000E+00  
Y91          91           39           0.00000E+00  
Y92          92           39           0.00000E+00  
Y93          93           39           0.00000E+00  
Zr90         90           40           2.99490E-08  
Zr91         91           40           7.91640E-09  
Zr92         92           40           1.22690E-08  
Zr93         93           40           4.53200E-09  
Zr94         94           40           1.69780E-08  
Zr95         95           40           0.00000E+00  
Zr96         96           40           1.03470E-09  
Zr97         97           40           0.00000E+00  
Nb93         93           41           8.66060E-11  
Nb94         94           41           0.00000E+00  
Nb95         95           41           0.00000E+00  
Nb96         96           41           0.00000E+00  
Nb97         97           41           0.00000E+00  
Mo92         92           42           -4.25630E-12 
Mo93         93           42           0.00000E+00  
Mo94         94           42           8.96560E-12  
Mo95         95           42           1.99480E-09  
Mo96         96           42           3.70190E-09  
Mo97         97           42           1.25910E-09  
Mo98         98           42           4.55790E-09  
Mo99         99           42           0.00000E+00  
Mo00         100          42           1.42270E-10  
Tc97         97           43           0.00000E+00  
Tc98         98           43           0.00000E+00  
Tc99         99           43           5.17660E-10  
Ru96         96           44           -1.40340E-12 
Ru97         97           44           0.00000E+00  
Ru98         98           44           -3.25240E-13 
Ru99         99           44           1.01890E-10  
Ru00         100          44           2.24910E-09  
Ru01         101          44           4.94280E-10  
Ru02         102          44           3.17170E-09  
Ru03         103          44           0.00000E+00  
Ru04         104          44           1.70880E-10  
Ru05         105          44           0.00000E+00  
Ru06         106          44           0.00000E+00  
Rh03         103          45           5.65310E-10  
Rh05         105          45           0.00000E+00  
Pd04         104          46           1.67530E-09  
Pd05         105          46           4.44610E-10  
Pd06         106          46           2.04780E-09  
Pd07         107          46           4.00920E-10  
Pd08         108          46           2.59610E-09  
Pd09         109          46           0.00000E+00  
Pd10         110          46           1.72130E-10  
Ag07         107          47           -2.31950E-12 
Ag09         109          47           7.63850E-10  
Ag11         111          47           0.00000E+00  
Cd08         108          48           1.36360E-12  
Cd09         109          48           0.00000E+00  
Cd10         110          48           2.14680E-09  
Cd11         111          48           7.37170E-10  
Cd12         112          48           2.82510E-09  
Cd13         113          48           8.22660E-10  
Cd14         114          48           4.13370E-09  
Cd15         115          48           0.00000E+00  
Cd16         116          48           3.08740E-10  
In13         113          49           -1.19790E-13 
In15         115          49           8.21810E-10  
Sn14         114          50           -1.95950E-13 
Sn15         115          50           -1.14160E-13 
Sn16         116          50           5.62800E-09  
Sn17         117          50           1.72330E-09  
Sn18         118          50           8.16690E-09  
Sn19         119          50           2.48380E-09  
Sn20         120          50           1.33620E-08  
Sn21         121          50           0.00000E+00  
Sn22         122          50           3.99280E-10  
Sn23         123          50           0.00000E+00  
Sn24         124          50           8.68910E-13  
Sb21         121          51           1.01170E-09  
Sb22         122          51           0.00000E+00  
Sb23         123          51           1.37580E-10  
Sb24         124          51           0.00000E+00  
Sb25         125          51           0.00000E+00  
Te22         122          52           1.59430E-09  
Te23         123          52           5.57300E-10  
Te24         124          52           3.20670E-09  
Te25         125          52           1.06990E-09  
Te26         126          52           6.25580E-09  
Te27         127          52           0.00000E+00  
Te28         128          52           5.72310E-10  
Te30         130          52           -1.05440E-11 
I127         127          53           8.19300E-10  
I128         128          53           0.00000E+00  
I129         129          53           1.74490E-11  
I130         130          53           0.00000E+00  
I131         131          53           0.00000E+00  
I132         132          53           0.00000E+00  
I133         133          53           0.00000E+00  
Xe28         128          54           1.97610E-09  
Xe29         129          54           7.99240E-10  
Xe30         130          54           4.20620E-09  
Xe31         131          54           1.18470E-09  
Xe32         132          54           8.36560E-09  
Xe33         133          54           0.00000E+00  
Xe34         134          54           3.43440E-10  
Xe35         135          54           0.00000E+00  
Xe36         136          54           0.00000E+00  
Cs33         133          55           1.15370E-09  
Cs34         134          55           0.00000E+00  
Cs35         135          55           5.07760E-10  
Cs36         136          55           0.00000E+00  
Cs37         137          55           0.00000E+00  
Ba34         134          56           2.81320E-09  
Ba35         135          56           9.78030E-10  
Ba36         136          56           8.49900E-09  
Ba37         137          56           7.01050E-09  
Ba38         138          56           7.86930E-08  
Ba39         139          56           0.00000E+00  
Ba40         140          56           0.00000E+00  
La39         139          57           9.07490E-09  
La40         140          57           0.00000E+00  
Ce40         140          58           2.45270E-08  
Ce41         141          58           0.00000E+00  
Ce42         142          58           4.02140E-10  
Ce43         143          58           0.00000E+00  
Ce44         144          58           0.00000E+00  
Pr41         141          59           2.34780E-09  
Pr42         142          59           0.00000E+00  
Pr43         143          59           0.00000E+00  
Pr45         145          59           0.00000E+00  
Nd42         142          60           5.99020E-09  
Nd43         143          60           9.19930E-10  
Nd44         144          60           2.83690E-09  
Nd45         145          60           5.29710E-10  
Nd46         146          60           2.56080E-09  
Nd47         147          60           0.00000E+00  
Nd48         148          60           2.91570E-10  
Nd49         149          60           0.00000E+00  
Nd50         150          60           3.89690E-12  
Pm45         145          61           0.00000E+00  
Pm46         146          61           0.00000E+00  
Pm47         147          61           0.00000E+00  
Pm48         148          61           0.00000E+00  
Pm49         149          61           0.00000E+00  
Pm50         150          61           0.00000E+00  
Pm51         151          61           0.00000E+00  
Sm44         144          62           -1.34210E-13 
Sm45         145          62           0.00000E+00  
Sm46         146          62           0.00000E+00  
Sm47         147          62           3.02760E-10  
Sm48         148          62           7.09020E-10  
Sm49         149          62           1.23200E-10  
Sm50         150          62           5.29940E-10  
Sm51         151          62           0.00000E+00  
Sm52         152          62           4.44860E-10  
Sm53         153          62           0.00000E+00  
Sm54         154          62           1.34770E-10  
Eu51         151          63           7.49210E-11  
Eu52         152          63           0.00000E+00  
Eu53         153          63           8.82260E-11  
Eu54         154          63           0.00000E+00  
Eu55         155          63           0.00000E+00  
Eu56         156          63           0.00000E+00  
Eu57         157          63           0.00000E+00  
Gd52         152          64           7.18320E-12  
Gd53         153          64           0.00000E+00  
Gd54         154          64           1.24150E-10  
Gd55         155          64           1.12270E-10  
Gd56         156          64           3.48230E-10  
Gd57         157          64           1.65040E-10  
Gd58         158          64           6.29990E-10  
Gd59         159          64           0.00000E+00  
Gd60         160          64           8.87660E-11  
Tb59         159          65           1.49050E-10  
Tb60         160          65           0.00000E+00  
Tb61         161          65           0.00000E+00  
Dy60         160          66           2.16800E-10  
Dy61         161          66           1.10080E-10  
Dy62         162          66           4.62090E-10  
Dy63         163          66           1.35840E-10  
Dy64         164          66           7.14690E-10  
Dy65         165          66           0.00000E+00  
Dy66         166          66           0.00000E+00  
Ho63         163          67           6.85730E-12  
Ho64         164          67           0.00000E+00  
Ho65         165          67           2.03250E-10  
Ho66         166          67           0.00000E+00  
Er64         164          68           9.26560E-11  
Er65         165          68           0.00000E+00  
Er66         166          68           3.28390E-10  
Er67         167          68           1.54610E-10  
Er68         168          68           6.21860E-10  
Er69         169          68           0.00000E+00  
Er70         170          68           2.13010E-10  
Er71         171          68           0.00000E+00  
Er72         172          68           0.00000E+00  
Tm69         169          69           1.25000E-10  
Tm70         170          69           0.00000E+00  
Tm71         171          69           0.00000E+00  
Tm72         172          69           0.00000E+00  
Tm73         173          69           0.00000E+00  
Yb70         170          70           1.88390E-10  
Yb71         171          70           2.71310E-10  
Yb72         172          70           6.76280E-10  
Yb73         173          70           3.19240E-10  
Yb74         174          70           1.48750E-09  
Yb75         175          70           0.00000E+00  
Yb76         176          70           1.71330E-10  
Yb77         177          70           0.00000E+00  
Lu75         175          71           2.05530E-10  
Lu76         176          71           3.60650E-11  
Lu77         177          71           0.00000E+00  
Hf76         176          72           2.69020E-10  
Hf77         177          72           1.67190E-10  
Hf78         178          72           7.33580E-10  
Hf79         179          72           2.58540E-10  
Hf80         180          72           1.42110E-09  
Hf81         181          72           0.00000E+00  
Hf82         182          72           6.13140E-11  
Hf83         183          72           0.00000E+00  
Hf84         184          72           0.00000E+00  
Ta79         179          73           0.00000E+00  
Ta80         180          73           1.48020E-13  
Ta81         181          73           3.00530E-10  
Ta82         182          73           0.00000E+00  
Ta83         183          73           0.00000E+00  
Ta84         184          73           0.00000E+00  
W180         180          74           0.00000E+00  
W181         181          74           0.00000E+00  
W182         182          74           5.79170E-10  
W183         183          74           3.90050E-10  
W184         184          74           1.01600E-09  
W185         185          74           0.00000E+00  
W186         186          74           4.16100E-10  
W187         187          74           0.00000E+00  
W188         188          74           0.00000E+00  
Re85         185          75           2.03400E-10  
Re86         186          75           0.00000E+00  
Re87         187          75           8.38060E-11  
Re88         188          75           0.00000E+00  
Re89         189          75           0.00000E+00  
Os86         186          76           3.58990E-10  
Os87         187          76           1.29040E-10  
Os88         188          76           7.66580E-10  
Os89         189          76           1.63150E-10  
Os90         190          76           8.24430E-10  
Os91         191          76           0.00000E+00  
Os92         192          76           3.32290E-10  
Os93         193          76           0.00000E+00  
Os94         194          76           0.00000E+00  
Ir91         191          77           1.54630E-10  
Ir92         192          77           0.00000E+00  
Ir93         193          77           1.81100E-10  
Ir94         194          77           0.00000E+00  
Ir95         195          77           0.00000E+00  
Pt92         192          78           2.36520E-10  
Pt93         193          78           0.00000E+00  
Pt94         194          78           8.34910E-10  
Pt95         195          78           3.24590E-10  
Pt96         196          78           1.18230E-09  
Pt97         197          78           0.00000E+00  
Pt98         198          78           6.30070E-11  
Au97         197          79           3.48650E-10  
Au98         198          79           0.00000E+00  
Au99         199          79           0.00000E+00  
Hg98         198          80           1.11750E-09  
Hg99         199          80           5.28370E-10  
Hg00         200          80           1.77210E-09  
Hg01         201          80           7.64200E-10  
Hg02         202          80           3.05020E-09  
Hg03         203          80           0.00000E+00  
Hg04         204          80           3.07110E-11  
Tl03         203          81           1.37500E-09  
Tl04         204          81           0.00000E+00  
Tl05         205          81           2.52540E-09  
Pb04         204          82           1.74510E-09  
Pb05         205          82           6.84450E-11  
Pb06         206          82           1.17390E-08  
Pb07         207          82           1.08600E-08  
Pb08         208          82           2.32350E-08  
Pb09         209          82           0.00000E+00  
Pb10         210          82           0.00000E+00  
Bi09         209          83           1.78890E-10  
Bi10         210          83           0.00000E+00  
Po10         210          84           0.00000E+00  
