Isotope      A            Z            YIELD 
H            1            1            -4.81430E-02 
He4          4            2            3.72460E-02  
C12          12           6            9.93910E-03  
C13          13           6            1.60440E-06  
C14          14           6            1.85640E-09  
N14          14           7            6.34080E-05  
N15          15           7            -6.97280E-08 
O16          16           8            2.15940E-04  
O17          17           8            4.57220E-06  
O18          18           8            -2.08610E-07 
F18          18           9            0.00000E+00  
F19          19           9            1.25660E-06  
Ne20         20           10           3.02600E-07  
Ne21         21           10           2.33190E-07  
Ne22         22           10           4.33880E-04  
Na22         22           11           0.00000E+00  
Na23         23           11           4.57140E-06  
Na24         24           11           0.00000E+00  
Mg24         24           12           2.17860E-06  
Mg25         25           12           9.79460E-06  
Mg26         26           12           1.17090E-05  
Al26         26           13           2.86250E-08  
Al27         27           13           3.19410E-06  
Si28         28           14           1.80210E-06  
Si29         29           14           2.63620E-07  
Si30         30           14           3.72910E-07  
Si31         31           14           0.00000E+00  
Si32         32           14           7.50410E-13  
P31          31           15           1.98390E-07  
P32          32           15           0.00000E+00  
P33          33           15           0.00000E+00  
S32          32           16           -2.51690E-07 
S33          33           16           1.91950E-08  
S34          34           16           1.30500E-07  
S35          35           16           0.00000E+00  
S36          36           16           5.87520E-09  
Cl35         35           17           -5.28690E-10 
Cl36         36           17           1.32880E-10  
Cl37         37           17           1.21290E-08  
Ar36         36           18           -1.37350E-07 
Ar37         37           18           0.00000E+00  
Ar38         38           18           4.41130E-08  
Ar39         39           18           2.40990E-11  
Ar40         40           18           4.15060E-09  
Ar41         41           18           0.00000E+00  
Ar42         42           18           0.00000E+00  
K39          39           19           6.96920E-09  
K40          40           19           3.93270E-10  
K41          41           19           4.09090E-09  
K42          42           19           0.00000E+00  
K43          43           19           0.00000E+00  
Ca40         40           20           -7.95530E-08 
Ca41         41           20           5.50440E-10  
Ca42         42           20           4.80600E-09  
Ca43         43           20           1.23590E-09  
Ca44         44           20           2.96170E-09  
Ca45         45           20           0.00000E+00  
Ca46         46           20           7.45400E-10  
Ca47         47           20           0.00000E+00  
Ca48         48           20           -1.23820E-11 
Sc45         45           21           9.10720E-10  
Sc46         46           21           0.00000E+00  
Sc47         47           21           0.00000E+00  
Sc48         48           21           0.00000E+00  
Sc49         49           21           0.00000E+00  
Ti46         46           22           3.30790E-10  
Ti47         47           22           5.11580E-11  
Ti48         48           22           -1.47130E-09 
Ti49         49           22           1.03210E-09  
Ti50         50           22           4.42120E-09  
V50          50           23           -8.79950E-13 
V51          51           23           1.32920E-12  
Cr50         50           24           -7.01630E-10 
Cr51         51           24           0.00000E+00  
Cr52         52           24           -5.80650E-09 
Cr53         53           24           -4.93590E-10 
Cr54         54           24           5.80120E-09  
Mn55         55           25           -4.85520E-09 
Mn56         56           25           0.00000E+00  
Fe54         54           26           -6.20500E-08 
Fe55         55           26           0.00000E+00  
Fe56         56           26           -6.25440E-07 
Fe57         57           26           1.05440E-07  
Fe58         58           26           2.83030E-07  
Fe59         59           26           0.00000E+00  
Fe60         60           26           5.56160E-08  
Co59         59           27           8.62040E-08  
Co60         60           27           1.12720E-13  
Ni58         58           28           -4.36090E-08 
Ni59         59           28           4.87780E-10  
Ni60         60           28           3.04030E-08  
Ni61         61           28           2.14220E-08  
Ni62         62           28           4.42080E-08  
Ni63         63           28           1.38620E-11  
Ni64         64           28           3.28320E-08  
Ni65         65           28           0.00000E+00  
Ni66         66           28           0.00000E+00  
Cu63         63           29           2.46850E-08  
Cu64         64           29           0.00000E+00  
Cu65         65           29           7.01190E-09  
Cu66         66           29           0.00000E+00  
Cu67         67           29           0.00000E+00  
Zn64         64           30           -4.26600E-10 
Zn65         65           30           0.00000E+00  
Zn66         66           30           4.71120E-09  
Zn67         67           30           1.08090E-09  
Zn68         68           30           5.97810E-09  
Zn69         69           30           0.00000E+00  
Zn70         70           30           8.27040E-11  
Ga69         69           31           8.45810E-10  
Ga70         70           31           0.00000E+00  
Ga71         71           31           5.83910E-10  
Ga72         72           31           0.00000E+00  
Ga73         73           31           0.00000E+00  
Ge70         70           32           1.21860E-09  
Ge71         71           32           0.00000E+00  
Ge72         72           32           1.17210E-09  
Ge73         73           32           3.47500E-10  
Ge74         74           32           2.00430E-09  
Ge75         75           32           0.00000E+00  
Ge76         76           32           9.00410E-11  
Ge77         77           32           0.00000E+00  
As75         75           33           2.00340E-10  
As76         76           33           0.00000E+00  
As77         77           33           0.00000E+00  
Se76         76           34           4.51850E-10  
Se77         77           34           1.77210E-10  
Se78         78           34           1.12610E-09  
Se79         79           34           1.65220E-10  
Se80         80           34           1.27180E-09  
Se81         81           34           0.00000E+00  
Se82         82           34           5.67680E-11  
Br79         79           35           6.96380E-11  
Br80         80           35           0.00000E+00  
Br81         81           35           2.23670E-10  
Br82         82           35           0.00000E+00  
Br83         83           35           0.00000E+00  
Br84         84           35           0.00000E+00  
Kr80         80           36           1.25720E-11  
Kr81         81           36           2.85860E-12  
Kr82         82           36           5.35950E-10  
Kr83         83           36           1.90020E-10  
Kr84         84           36           1.37640E-09  
Kr85         85           36           0.00000E+00  
Kr86         86           36           1.67370E-09  
Kr87         87           36           0.00000E+00  
Kr88         88           36           0.00000E+00  
Rb85         85           37           4.79930E-10  
Rb86         86           37           0.00000E+00  
Rb87         87           37           8.49810E-10  
Rb88         88           37           0.00000E+00  
Sr86         86           38           2.59450E-10  
Sr87         87           38           1.32040E-10  
Sr88         88           38           5.33160E-09  
Sr89         89           38           0.00000E+00  
Sr90         90           38           0.00000E+00  
Sr91         91           38           0.00000E+00  
Sr92         92           38           0.00000E+00  
Y89          89           39           1.55940E-09  
Y90          90           39           0.00000E+00  
Y91          91           39           0.00000E+00  
Y92          92           39           0.00000E+00  
Y93          93           39           0.00000E+00  
Zr90         90           40           1.32640E-09  
Zr91         91           40           4.25850E-10  
Zr92         92           40           7.17400E-10  
Zr93         93           40           2.61980E-10  
Zr94         94           40           9.48350E-10  
Zr95         95           40           0.00000E+00  
Zr96         96           40           5.29710E-10  
Zr97         97           40           0.00000E+00  
Nb93         93           41           2.08790E-11  
Nb94         94           41           0.00000E+00  
Nb95         95           41           0.00000E+00  
Nb96         96           41           0.00000E+00  
Nb97         97           41           0.00000E+00  
Mo92         92           42           -9.71130E-13 
Mo93         93           42           0.00000E+00  
Mo94         94           42           -4.75480E-13 
Mo95         95           42           1.28040E-10  
Mo96         96           42           2.03420E-10  
Mo97         97           42           8.41610E-11  
Mo98         98           42           2.57370E-10  
Mo99         99           42           0.00000E+00  
Mo00         100          42           2.95080E-11  
Tc97         97           43           0.00000E+00  
Tc98         98           43           0.00000E+00  
Tc99         99           43           2.13060E-11  
Ru96         96           44           -2.53040E-13 
Ru97         97           44           0.00000E+00  
Ru98         98           44           0.00000E+00  
Ru99         99           44           1.35750E-11  
Ru00         100          44           1.11000E-10  
Ru01         101          44           2.60380E-11  
Ru02         102          44           1.59020E-10  
Ru03         103          44           0.00000E+00  
Ru04         104          44           2.29320E-11  
Ru05         105          44           0.00000E+00  
Ru06         106          44           0.00000E+00  
Rh03         103          45           2.82360E-11  
Rh05         105          45           0.00000E+00  
Pd04         104          46           7.65590E-11  
Pd05         105          46           2.20200E-11  
Pd06         106          46           1.01050E-10  
Pd07         107          46           1.96200E-11  
Pd08         108          46           1.24620E-10  
Pd09         109          46           0.00000E+00  
Pd10         110          46           2.37670E-11  
Ag07         107          47           -3.24850E-13 
Ag09         109          47           3.59360E-11  
Ag11         111          47           0.00000E+00  
Cd08         108          48           0.00000E+00  
Cd09         109          48           0.00000E+00  
Cd10         110          48           9.52970E-11  
Cd11         111          48           3.57420E-11  
Cd12         112          48           1.35230E-10  
Cd13         113          48           3.90630E-11  
Cd14         114          48           1.93380E-10  
Cd15         115          48           0.00000E+00  
Cd16         116          48           6.88460E-11  
In13         113          49           0.00000E+00  
In15         115          49           3.92230E-11  
Sn14         114          50           0.00000E+00  
Sn15         115          50           0.00000E+00  
Sn16         116          50           2.29490E-10  
Sn17         117          50           8.25090E-11  
Sn18         118          50           4.07660E-10  
Sn19         119          50           1.23770E-10  
Sn20         120          50           7.01270E-10  
Sn21         121          50           0.00000E+00  
Sn22         122          50           2.59800E-10  
Sn23         123          50           0.00000E+00  
Sn24         124          50           4.42600E-11  
Sb21         121          51           5.47490E-11  
Sb22         122          51           0.00000E+00  
Sb23         123          51           3.10770E-11  
Sb24         124          51           0.00000E+00  
Sb25         125          51           0.00000E+00  
Te22         122          52           7.89380E-11  
Te23         123          52           2.64050E-11  
Te24         124          52           1.85520E-10  
Te25         125          52           6.16430E-11  
Te26         126          52           3.18480E-10  
Te27         127          52           0.00000E+00  
Te28         128          52           5.61290E-11  
Te30         130          52           -3.65080E-12 
I127         127          53           3.95250E-11  
I128         128          53           0.00000E+00  
I129         129          53           1.93600E-12  
I130         130          53           0.00000E+00  
I131         131          53           0.00000E+00  
I132         132          53           0.00000E+00  
I133         133          53           0.00000E+00  
Xe28         128          54           9.62090E-11  
Xe29         129          54           3.71260E-11  
Xe30         130          54           1.98090E-10  
Xe31         131          54           5.23380E-11  
Xe32         132          54           3.84590E-10  
Xe33         133          54           0.00000E+00  
Xe34         134          54           2.40810E-10  
Xe35         135          54           0.00000E+00  
Xe36         136          54           2.93900E-11  
Cs33         133          55           5.50420E-11  
Cs34         134          55           0.00000E+00  
Cs35         135          55           6.66280E-11  
Cs36         136          55           0.00000E+00  
Cs37         137          55           0.00000E+00  
Ba34         134          56           1.09520E-10  
Ba35         135          56           3.48580E-11  
Ba36         136          56           3.73090E-10  
Ba37         137          56           5.86980E-10  
Ba38         138          56           6.44160E-09  
Ba39         139          56           0.00000E+00  
Ba40         140          56           0.00000E+00  
La39         139          57           8.05980E-10  
La40         140          57           0.00000E+00  
Ce40         140          58           2.31640E-09  
Ce41         141          58           0.00000E+00  
Ce42         142          58           4.07630E-10  
Ce43         143          58           0.00000E+00  
Ce44         144          58           0.00000E+00  
Pr41         141          59           2.79030E-10  
Pr42         142          59           0.00000E+00  
Pr43         143          59           0.00000E+00  
Pr45         145          59           0.00000E+00  
Nd42         142          60           4.90570E-10  
Nd43         143          60           1.24750E-10  
Nd44         144          60           4.45690E-10  
Nd45         145          60           8.25140E-11  
Nd46         146          60           3.85730E-10  
Nd47         147          60           0.00000E+00  
Nd48         148          60           8.28400E-11  
Nd49         149          60           0.00000E+00  
Nd50         150          60           4.57070E-12  
Pm45         145          61           0.00000E+00  
Pm46         146          61           0.00000E+00  
Pm47         147          61           0.00000E+00  
Pm48         148          61           0.00000E+00  
Pm49         149          61           0.00000E+00  
Pm50         150          61           0.00000E+00  
Pm51         151          61           0.00000E+00  
Sm44         144          62           0.00000E+00  
Sm45         145          62           0.00000E+00  
Sm46         146          62           0.00000E+00  
Sm47         147          62           4.49080E-11  
Sm48         148          62           8.98560E-11  
Sm49         149          62           1.97620E-11  
Sm50         150          62           8.32410E-11  
Sm51         151          62           0.00000E+00  
Sm52         152          62           7.30720E-11  
Sm53         153          62           0.00000E+00  
Sm54         154          62           3.90410E-11  
Eu51         151          63           1.19390E-11  
Eu52         152          63           0.00000E+00  
Eu53         153          63           1.45580E-11  
Eu54         154          63           0.00000E+00  
Eu55         155          63           0.00000E+00  
Eu56         156          63           0.00000E+00  
Eu57         157          63           0.00000E+00  
Gd52         152          64           1.00080E-12  
Gd53         153          64           0.00000E+00  
Gd54         154          64           1.87270E-11  
Gd55         155          64           2.05230E-11  
Gd56         156          64           6.32050E-11  
Gd57         157          64           2.94190E-11  
Gd58         158          64           1.11950E-10  
Gd59         159          64           0.00000E+00  
Gd60         160          64           3.28240E-11  
Tb59         159          65           2.62820E-11  
Tb60         160          65           0.00000E+00  
Tb61         161          65           0.00000E+00  
Dy60         160          66           3.72840E-11  
Dy61         161          66           2.07170E-11  
Dy62         162          66           8.62650E-11  
Dy63         163          66           2.63720E-11  
Dy64         164          66           1.28830E-10  
Dy65         165          66           0.00000E+00  
Dy66         166          66           0.00000E+00  
Ho63         163          67           2.66610E-13  
Ho64         164          67           0.00000E+00  
Ho65         165          67           3.55140E-11  
Ho66         166          67           0.00000E+00  
Er64         164          68           1.62050E-11  
Er65         165          68           0.00000E+00  
Er66         166          68           5.33770E-11  
Er67         167          68           2.53750E-11  
Er68         168          68           1.00070E-10  
Er69         169          68           0.00000E+00  
Er70         170          68           5.59630E-11  
Er71         171          68           0.00000E+00  
Er72         172          68           0.00000E+00  
Tm69         169          69           2.08120E-11  
Tm70         170          69           0.00000E+00  
Tm71         171          69           0.00000E+00  
Tm72         172          69           0.00000E+00  
Tm73         173          69           0.00000E+00  
Yb70         170          70           2.98490E-11  
Yb71         171          70           4.61050E-11  
Yb72         172          70           1.11310E-10  
Yb73         173          70           5.22340E-11  
Yb74         174          70           2.42930E-10  
Yb75         175          70           0.00000E+00  
Yb76         176          70           6.98950E-11  
Yb77         177          70           0.00000E+00  
Lu75         175          71           3.37580E-11  
Lu76         176          71           1.77740E-11  
Lu77         177          71           0.00000E+00  
Hf76         176          72           1.43940E-11  
Hf77         177          72           3.23170E-11  
Hf78         178          72           1.38660E-10  
Hf79         179          72           4.81690E-11  
Hf80         180          72           2.53570E-10  
Hf81         181          72           0.00000E+00  
Hf82         182          72           2.85870E-11  
Hf83         183          72           0.00000E+00  
Hf84         184          72           0.00000E+00  
Ta79         179          73           0.00000E+00  
Ta80         180          73           0.00000E+00  
Ta81         181          73           5.37110E-11  
Ta82         182          73           0.00000E+00  
Ta83         183          73           0.00000E+00  
Ta84         184          73           0.00000E+00  
W180         180          74           0.00000E+00  
W181         181          74           0.00000E+00  
W182         182          74           9.14510E-11  
W183         183          74           6.63310E-11  
W184         184          74           1.66280E-10  
W185         185          74           0.00000E+00  
W186         186          74           8.56700E-11  
W187         187          74           0.00000E+00  
W188         188          74           0.00000E+00  
Re85         185          75           3.32220E-11  
Re86         186          75           0.00000E+00  
Re87         187          75           2.20670E-11  
Re88         188          75           0.00000E+00  
Re89         189          75           0.00000E+00  
Os86         186          76           5.38810E-11  
Os87         187          76           1.52700E-11  
Os88         188          76           1.42290E-10  
Os89         189          76           3.03830E-11  
Os90         190          76           1.59710E-10  
Os91         191          76           0.00000E+00  
Os92         192          76           1.10400E-10  
Os93         193          76           0.00000E+00  
Os94         194          76           0.00000E+00  
Ir91         191          77           3.00360E-11  
Ir92         192          77           0.00000E+00  
Ir93         193          77           4.11990E-11  
Ir94         194          77           0.00000E+00  
Ir95         195          77           0.00000E+00  
Pt92         192          78           4.22430E-11  
Pt93         193          78           0.00000E+00  
Pt94         194          78           2.07450E-10  
Pt95         195          78           7.46910E-11  
Pt96         196          78           2.45180E-10  
Pt97         197          78           0.00000E+00  
Pt98         198          78           4.27730E-11  
Au97         197          79           7.06050E-11  
Au98         198          79           0.00000E+00  
Au99         199          79           0.00000E+00  
Hg98         198          80           1.95840E-10  
Hg99         199          80           9.95130E-11  
Hg00         200          80           3.24520E-10  
Hg01         201          80           1.38830E-10  
Hg02         202          80           5.64840E-10  
Hg03         203          80           0.00000E+00  
Hg04         204          80           5.50130E-11  
Tl03         203          81           2.71240E-10  
Tl04         204          81           0.00000E+00  
Tl05         205          81           5.10100E-10  
Pb04         204          82           2.94000E-10  
Pb05         205          82           1.33460E-11  
Pb06         206          82           5.34570E-09  
Pb07         207          82           6.69340E-09  
Pb08         208          82           2.38900E-07  
Pb09         209          82           0.00000E+00  
Pb10         210          82           0.00000E+00  
Bi09         209          83           4.35780E-09  
Bi10         210          83           0.00000E+00  
Po10         210          84           0.00000E+00  
