Isotope      A            Z            YIELD 
H            1            1            -4.75740E-02 
He4          4            2            3.87820E-02  
C12          12           6            7.75300E-03  
C13          13           6            7.18800E-07  
C14          14           6            3.56640E-09  
N14          14           7            2.88120E-05  
N15          15           7            -2.50040E-09 
O16          16           8            2.56230E-04  
O17          17           8            8.88800E-07  
O18          18           8            -1.79170E-08 
F18          18           9            0.00000E+00  
F19          19           9            6.17640E-07  
Ne20         20           10           2.09650E-06  
Ne21         21           10           2.60200E-07  
Ne22         22           10           4.78680E-04  
Na22         22           11           0.00000E+00  
Na23         23           11           3.41520E-06  
Na24         24           11           0.00000E+00  
Mg24         24           12           7.09080E-06  
Mg25         25           12           3.25620E-06  
Mg26         26           12           2.20130E-06  
Al26         26           13           8.50170E-09  
Al27         27           13           1.70730E-07  
Si28         28           14           1.13910E-07  
Si29         29           14           2.97290E-08  
Si30         30           14           5.10580E-08  
Si31         31           14           0.00000E+00  
Si32         32           14           0.00000E+00  
P31          31           15           4.52690E-08  
P32          32           15           0.00000E+00  
P33          33           15           0.00000E+00  
S32          32           16           -6.17460E-08 
S33          33           16           5.24020E-09  
S34          34           16           2.37980E-08  
S35          35           16           0.00000E+00  
S36          36           16           1.14840E-09  
Cl35         35           17           -2.70390E-10 
Cl36         36           17           1.47250E-11  
Cl37         37           17           6.81750E-09  
Ar36         36           18           -3.33750E-08 
Ar37         37           18           0.00000E+00  
Ar38         38           18           1.02830E-08  
Ar39         39           18           3.98000E-13  
Ar40         40           18           1.87290E-09  
Ar41         41           18           0.00000E+00  
Ar42         42           18           0.00000E+00  
K39          39           19           2.00280E-09  
K40          40           19           2.37170E-10  
K41          41           19           1.29450E-09  
K42          42           19           0.00000E+00  
K43          43           19           0.00000E+00  
Ca40         40           20           -2.04550E-08 
Ca41         41           20           6.45310E-11  
Ca42         42           20           1.29020E-09  
Ca43         43           20           2.95960E-10  
Ca44         44           20           1.19820E-09  
Ca45         45           20           0.00000E+00  
Ca46         46           20           1.64360E-10  
Ca47         47           20           0.00000E+00  
Ca48         48           20           -4.68910E-12 
Sc45         45           21           2.38420E-10  
Sc46         46           21           0.00000E+00  
Sc47         47           21           0.00000E+00  
Sc48         48           21           0.00000E+00  
Sc49         49           21           0.00000E+00  
Ti46         46           22           3.32450E-10  
Ti47         47           22           1.09600E-10  
Ti48         48           22           -1.59500E-10 
Ti49         49           22           5.45880E-10  
Ti50         50           22           2.97960E-09  
V50          50           23           -2.21850E-13 
V51          51           23           9.99900E-11  
Cr50         50           24           -1.77260E-10 
Cr51         51           24           0.00000E+00  
Cr52         52           24           -9.27930E-10 
Cr53         53           24           -9.10530E-11 
Cr54         54           24           1.34670E-09  
Mn55         55           25           -1.53290E-10 
Mn56         56           25           0.00000E+00  
Fe54         54           26           -1.50640E-08 
Fe55         55           26           0.00000E+00  
Fe56         56           26           -1.40780E-07 
Fe57         57           26           2.73890E-08  
Fe58         58           26           4.65490E-08  
Fe59         59           26           0.00000E+00  
Fe60         60           26           2.63730E-09  
Co59         59           27           1.12350E-08  
Co60         60           27           0.00000E+00  
Ni58         58           28           -1.05190E-08 
Ni59         59           28           1.32380E-10  
Ni60         60           28           6.25600E-09  
Ni61         61           28           3.93040E-09  
Ni62         62           28           8.20780E-09  
Ni63         63           28           1.20840E-13  
Ni64         64           28           1.29540E-08  
Ni65         65           28           0.00000E+00  
Ni66         66           28           0.00000E+00  
Cu63         63           29           4.79090E-09  
Cu64         64           29           0.00000E+00  
Cu65         65           29           4.27080E-09  
Cu66         66           29           0.00000E+00  
Cu67         67           29           0.00000E+00  
Zn64         64           30           5.59340E-10  
Zn65         65           30           0.00000E+00  
Zn66         66           30           3.48340E-09  
Zn67         67           30           7.82960E-10  
Zn68         68           30           4.45080E-09  
Zn69         69           30           0.00000E+00  
Zn70         70           30           4.59910E-12  
Ga69         69           31           6.42520E-10  
Ga70         70           31           0.00000E+00  
Ga71         71           31           5.56190E-10  
Ga72         72           31           0.00000E+00  
Ga73         73           31           0.00000E+00  
Ge70         70           32           1.00330E-09  
Ge71         71           32           0.00000E+00  
Ge72         72           32           1.10290E-09  
Ge73         73           32           3.27730E-10  
Ge74         74           32           1.96350E-09  
Ge75         75           32           0.00000E+00  
Ge76         76           32           8.05040E-12  
Ge77         77           32           0.00000E+00  
As75         75           33           1.97570E-10  
As76         76           33           0.00000E+00  
As77         77           33           0.00000E+00  
Se76         76           34           4.44300E-10  
Se77         77           34           1.73650E-10  
Se78         78           34           1.13010E-09  
Se79         79           34           7.20390E-11  
Se80         80           34           1.26670E-09  
Se81         81           34           0.00000E+00  
Se82         82           34           2.88880E-12  
Br79         79           35           1.69750E-10  
Br80         80           35           0.00000E+00  
Br81         81           35           2.22360E-10  
Br82         82           35           0.00000E+00  
Br83         83           35           0.00000E+00  
Br84         84           35           0.00000E+00  
Kr80         80           36           1.26820E-11  
Kr81         81           36           8.83350E-13  
Kr82         82           36           5.91330E-10  
Kr83         83           36           2.21510E-10  
Kr84         84           36           1.54290E-09  
Kr85         85           36           0.00000E+00  
Kr86         86           36           1.21310E-09  
Kr87         87           36           0.00000E+00  
Kr88         88           36           0.00000E+00  
Rb85         85           37           4.38310E-10  
Rb86         86           37           0.00000E+00  
Rb87         87           37           5.21590E-10  
Rb88         88           37           0.00000E+00  
Sr86         86           38           3.96260E-10  
Sr87         87           38           2.64750E-10  
Sr88         88           38           6.33720E-09  
Sr89         89           38           0.00000E+00  
Sr90         90           38           0.00000E+00  
Sr91         91           38           0.00000E+00  
Sr92         92           38           0.00000E+00  
Y89          89           39           1.66510E-09  
Y90          90           39           0.00000E+00  
Y91          91           39           0.00000E+00  
Y92          92           39           0.00000E+00  
Y93          93           39           0.00000E+00  
Zr90         90           40           1.58920E-09  
Zr91         91           40           4.62790E-10  
Zr92         92           40           7.26060E-10  
Zr93         93           40           2.11620E-10  
Zr94         94           40           9.38260E-10  
Zr95         95           40           0.00000E+00  
Zr96         96           40           3.12150E-10  
Zr97         97           40           0.00000E+00  
Nb93         93           41           6.28360E-11  
Nb94         94           41           0.00000E+00  
Nb95         95           41           0.00000E+00  
Nb96         96           41           0.00000E+00  
Nb97         97           41           0.00000E+00  
Mo92         92           42           -2.51940E-13 
Mo93         93           42           0.00000E+00  
Mo94         94           42           7.52900E-13  
Mo95         95           42           1.12800E-10  
Mo96         96           42           2.09600E-10  
Mo97         97           42           7.55320E-11  
Mo98         98           42           2.54480E-10  
Mo99         99           42           0.00000E+00  
Mo00         100          42           1.64710E-11  
Tc97         97           43           0.00000E+00  
Tc98         98           43           0.00000E+00  
Tc99         99           43           7.06050E-12  
Ru96         96           44           0.00000E+00  
Ru97         97           44           0.00000E+00  
Ru98         98           44           0.00000E+00  
Ru99         99           44           2.70940E-11  
Ru00         100          44           1.21560E-10  
Ru01         101          44           2.78660E-11  
Ru02         102          44           1.77590E-10  
Ru03         103          44           0.00000E+00  
Ru04         104          44           1.49180E-11  
Ru05         105          44           0.00000E+00  
Ru06         106          44           0.00000E+00  
Rh03         103          45           3.20570E-11  
Rh05         105          45           0.00000E+00  
Pd04         104          46           9.14630E-11  
Pd05         105          46           2.53670E-11  
Pd06         106          46           1.13820E-10  
Pd07         107          46           2.11420E-11  
Pd08         108          46           1.42370E-10  
Pd09         109          46           0.00000E+00  
Pd10         110          46           1.52990E-11  
Ag07         107          47           1.23620E-12  
Ag09         109          47           4.11220E-11  
Ag11         111          47           0.00000E+00  
Cd08         108          48           0.00000E+00  
Cd09         109          48           0.00000E+00  
Cd10         110          48           1.15240E-10  
Cd11         111          48           4.13300E-11  
Cd12         112          48           1.57210E-10  
Cd13         113          48           4.62150E-11  
Cd14         114          48           2.30990E-10  
Cd15         115          48           0.00000E+00  
Cd16         116          48           3.43240E-11  
In13         113          49           0.00000E+00  
In15         115          49           4.62720E-11  
Sn14         114          50           0.00000E+00  
Sn15         115          50           0.00000E+00  
Sn16         116          50           3.06440E-10  
Sn17         117          50           9.72730E-11  
Sn18         118          50           4.69800E-10  
Sn19         119          50           1.42450E-10  
Sn20         120          50           7.63610E-10  
Sn21         121          50           0.00000E+00  
Sn22         122          50           7.36310E-11  
Sn23         123          50           0.00000E+00  
Sn24         124          50           1.87320E-12  
Sb21         121          51           5.76850E-11  
Sb22         122          51           0.00000E+00  
Sb23         123          51           1.47160E-11  
Sb24         124          51           0.00000E+00  
Sb25         125          51           0.00000E+00  
Te22         122          52           8.76670E-11  
Te23         123          52           3.00650E-11  
Te24         124          52           1.77670E-10  
Te25         125          52           5.85530E-11  
Te26         126          52           3.33390E-10  
Te27         127          52           0.00000E+00  
Te28         128          52           3.20210E-11  
Te30         130          52           -8.55100E-13 
I127         127          53           4.37590E-11  
I128         128          53           0.00000E+00  
I129         129          53           1.13680E-12  
I130         130          53           0.00000E+00  
I131         131          53           0.00000E+00  
I132         132          53           0.00000E+00  
I133         133          53           0.00000E+00  
Xe28         128          54           1.05180E-10  
Xe29         129          54           4.28200E-11  
Xe30         130          54           2.22050E-10  
Xe31         131          54           6.22930E-11  
Xe32         132          54           4.48860E-10  
Xe33         133          54           0.00000E+00  
Xe34         134          54           7.32760E-11  
Xe35         135          54           0.00000E+00  
Xe36         136          54           1.32430E-12  
Cs33         133          55           6.21760E-11  
Cs34         134          55           0.00000E+00  
Cs35         135          55           4.68340E-11  
Cs36         136          55           0.00000E+00  
Cs37         137          55           0.00000E+00  
Ba34         134          56           1.31180E-10  
Ba35         135          56           4.68350E-11  
Ba36         136          56           4.51690E-10  
Ba37         137          56           4.52330E-10  
Ba38         138          56           5.91300E-09  
Ba39         139          56           0.00000E+00  
Ba40         140          56           0.00000E+00  
La39         139          57           7.10280E-10  
La40         140          57           0.00000E+00  
Ce40         140          58           2.15480E-09  
Ce41         141          58           0.00000E+00  
Ce42         142          58           1.14610E-10  
Ce43         143          58           0.00000E+00  
Ce44         144          58           0.00000E+00  
Pr41         141          59           2.26290E-10  
Pr42         142          59           0.00000E+00  
Pr43         143          59           0.00000E+00  
Pr45         145          59           0.00000E+00  
Nd42         142          60           5.43380E-10  
Nd43         143          60           9.26590E-11  
Nd44         144          60           3.07120E-10  
Nd45         145          60           5.68400E-11  
Nd46         146          60           2.83610E-10  
Nd47         147          60           0.00000E+00  
Nd48         148          60           4.40330E-11  
Nd49         149          60           0.00000E+00  
Nd50         150          60           1.19490E-12  
Pm45         145          61           0.00000E+00  
Pm46         146          61           0.00000E+00  
Pm47         147          61           0.00000E+00  
Pm48         148          61           0.00000E+00  
Pm49         149          61           0.00000E+00  
Pm50         150          61           0.00000E+00  
Pm51         151          61           0.00000E+00  
Sm44         144          62           0.00000E+00  
Sm45         145          62           0.00000E+00  
Sm46         146          62           0.00000E+00  
Sm47         147          62           3.19400E-11  
Sm48         148          62           7.83430E-11  
Sm49         149          62           1.39410E-11  
Sm50         150          62           6.18170E-11  
Sm51         151          62           0.00000E+00  
Sm52         152          62           5.33180E-11  
Sm53         153          62           0.00000E+00  
Sm54         154          62           1.98930E-11  
Eu51         151          63           8.65860E-12  
Eu52         152          63           0.00000E+00  
Eu53         153          63           1.04670E-11  
Eu54         154          63           0.00000E+00  
Eu55         155          63           0.00000E+00  
Eu56         156          63           0.00000E+00  
Eu57         157          63           0.00000E+00  
Gd52         152          64           6.34180E-13  
Gd53         153          64           0.00000E+00  
Gd54         154          64           1.38850E-11  
Gd55         155          64           1.37150E-11  
Gd56         156          64           4.41270E-11  
Gd57         157          64           2.03030E-11  
Gd58         158          64           7.84390E-11  
Gd59         159          64           0.00000E+00  
Gd60         160          64           1.39840E-11  
Tb59         159          65           1.79980E-11  
Tb60         160          65           0.00000E+00  
Tb61         161          65           0.00000E+00  
Dy60         160          66           2.66450E-11  
Dy61         161          66           1.33900E-11  
Dy62         162          66           5.71980E-11  
Dy63         163          66           1.77770E-11  
Dy64         164          66           9.16960E-11  
Dy65         165          66           0.00000E+00  
Dy66         166          66           0.00000E+00  
Ho63         163          67           0.00000E+00  
Ho64         164          67           0.00000E+00  
Ho65         165          67           2.37900E-11  
Ho66         166          67           0.00000E+00  
Er64         164          68           9.66880E-12  
Er65         165          68           0.00000E+00  
Er66         166          68           3.81530E-11  
Er67         167          68           1.71870E-11  
Er68         168          68           6.97340E-11  
Er69         169          68           0.00000E+00  
Er70         170          68           2.92000E-11  
Er71         171          68           0.00000E+00  
Er72         172          68           0.00000E+00  
Tm69         169          69           1.36180E-11  
Tm70         170          69           0.00000E+00  
Tm71         171          69           0.00000E+00  
Tm72         172          69           0.00000E+00  
Tm73         173          69           0.00000E+00  
Yb70         170          70           2.26300E-11  
Yb71         171          70           2.99200E-11  
Yb72         172          70           8.38880E-11  
Yb73         173          70           3.86780E-11  
Yb74         174          70           1.84240E-10  
Yb75         175          70           0.00000E+00  
Yb76         176          70           3.28700E-11  
Yb77         177          70           0.00000E+00  
Lu75         175          71           2.49190E-11  
Lu76         176          71           4.35720E-12  
Lu77         177          71           0.00000E+00  
Hf76         176          72           3.36870E-11  
Hf77         177          72           2.15550E-11  
Hf78         178          72           9.84190E-11  
Hf79         179          72           3.41560E-11  
Hf80         180          72           1.90390E-10  
Hf81         181          72           0.00000E+00  
Hf82         182          72           1.41420E-11  
Hf83         183          72           0.00000E+00  
Hf84         184          72           0.00000E+00  
Ta79         179          73           0.00000E+00  
Ta80         180          73           0.00000E+00  
Ta81         181          73           3.89870E-11  
Ta82         182          73           0.00000E+00  
Ta83         183          73           0.00000E+00  
Ta84         184          73           0.00000E+00  
W180         180          74           0.00000E+00  
W181         181          74           0.00000E+00  
W182         182          74           7.66780E-11  
W183         183          74           4.87330E-11  
W184         184          74           1.33160E-10  
W185         185          74           0.00000E+00  
W186         186          74           6.44990E-11  
W187         187          74           0.00000E+00  
W188         188          74           0.00000E+00  
Re85         185          75           2.50730E-11  
Re86         186          75           0.00000E+00  
Re87         187          75           1.66510E-11  
Re88         188          75           0.00000E+00  
Re89         189          75           0.00000E+00  
Os86         186          76           5.15380E-11  
Os87         187          76           1.46310E-11  
Os88         188          76           1.17770E-10  
Os89         189          76           2.43750E-11  
Os90         190          76           1.23830E-10  
Os91         191          76           0.00000E+00  
Os92         192          76           7.00510E-11  
Os93         193          76           0.00000E+00  
Os94         194          76           0.00000E+00  
Ir91         191          77           2.32720E-11  
Ir92         192          77           0.00000E+00  
Ir93         193          77           2.98070E-11  
Ir94         194          77           0.00000E+00  
Ir95         195          77           0.00000E+00  
Pt92         192          78           3.75390E-11  
Pt93         193          78           0.00000E+00  
Pt94         194          78           1.37880E-10  
Pt95         195          78           5.23380E-11  
Pt96         196          78           1.83160E-10  
Pt97         197          78           0.00000E+00  
Pt98         198          78           1.59030E-11  
Au97         197          79           5.30080E-11  
Au98         198          79           0.00000E+00  
Au99         199          79           0.00000E+00  
Hg98         198          80           1.71590E-10  
Hg99         199          80           8.25280E-11  
Hg00         200          80           2.94180E-10  
Hg01         201          80           1.27430E-10  
Hg02         202          80           5.37260E-10  
Hg03         203          80           0.00000E+00  
Hg04         204          80           1.32240E-11  
Tl03         203          81           2.49430E-10  
Tl04         204          81           0.00000E+00  
Tl05         205          81           4.57910E-10  
Pb04         204          82           2.85630E-10  
Pb05         205          82           1.83360E-11  
Pb06         206          82           3.12510E-09  
Pb07         207          82           4.39150E-09  
Pb08         208          82           4.98940E-08  
Pb09         209          82           0.00000E+00  
Pb10         210          82           0.00000E+00  
Bi09         209          83           6.22280E-10  
Bi10         210          83           0.00000E+00  
Po10         210          84           0.00000E+00  
