Isotope      A            Z            YIELD 
H            1            1            -6.73080E-02 
He4          4            2            5.38220E-02  
C12          12           6            1.20750E-02  
C13          13           6            3.20640E-06  
C14          14           6            9.02720E-10  
N14          14           7            1.32440E-04  
N15          15           7            -1.63610E-07 
O16          16           8            2.76190E-04  
O17          17           8            7.45980E-06  
O18          18           8            -5.23840E-07 
F18          18           9            0.00000E+00  
F19          19           9            1.14360E-06  
Ne20         20           10           1.89190E-06  
Ne21         21           10           2.33420E-07  
Ne22         22           10           7.09590E-04  
Na22         22           11           0.00000E+00  
Na23         23           11           6.40700E-06  
Na24         24           11           0.00000E+00  
Mg24         24           12           1.06470E-05  
Mg25         25           12           7.90860E-06  
Mg26         26           12           8.69500E-06  
Al26         26           13           2.67240E-08  
Al27         27           13           1.05970E-06  
Si28         28           14           1.35010E-07  
Si29         29           14           7.59580E-08  
Si30         30           14           2.59780E-07  
Si31         31           14           0.00000E+00  
Si32         32           14           0.00000E+00  
P31          31           15           1.50250E-07  
P32          32           15           0.00000E+00  
P33          33           15           0.00000E+00  
S32          32           16           -2.45170E-07 
S33          33           16           1.87620E-08  
S34          34           16           1.12710E-07  
S35          35           16           0.00000E+00  
S36          36           16           8.07090E-09  
Cl35         35           17           -4.92840E-09 
Cl36         36           17           2.64610E-10  
Cl37         37           17           1.89170E-08  
Ar36         36           18           -1.34410E-07 
Ar37         37           18           0.00000E+00  
Ar38         38           18           3.54850E-08  
Ar39         39           18           6.29470E-12  
Ar40         40           18           9.12360E-09  
Ar41         41           18           0.00000E+00  
Ar42         42           18           0.00000E+00  
K39          39           19           6.69300E-09  
K40          40           19           1.63330E-09  
K41          41           19           6.71780E-09  
K42          42           19           0.00000E+00  
K43          43           19           0.00000E+00  
Ca40         40           20           -8.47500E-08 
Ca41         41           20           5.18180E-10  
Ca42         42           20           5.39910E-09  
Ca43         43           20           1.23860E-09  
Ca44         44           20           2.75040E-09  
Ca45         45           20           0.00000E+00  
Ca46         46           20           1.44850E-09  
Ca47         47           20           0.00000E+00  
Ca48         48           20           -3.73680E-11 
Sc45         45           21           1.36370E-09  
Sc46         46           21           0.00000E+00  
Sc47         47           21           0.00000E+00  
Sc48         48           21           0.00000E+00  
Sc49         49           21           0.00000E+00  
Ti46         46           22           7.08480E-10  
Ti47         47           22           -7.21290E-11 
Ti48         48           22           -5.31320E-09 
Ti49         49           22           4.05350E-09  
Ti50         50           22           1.13910E-08  
V50          50           23           -3.27970E-12 
V51          51           23           -9.93960E-11 
Cr50         50           24           -2.62060E-09 
Cr51         51           24           0.00000E+00  
Cr52         52           24           -1.75760E-08 
Cr53         53           24           -1.42570E-09 
Cr54         54           24           1.58070E-08  
Mn55         55           25           5.96240E-09  
Mn56         56           25           0.00000E+00  
Fe54         54           26           -2.09040E-07 
Fe55         55           26           5.12940E-13  
Fe56         56           26           -1.84610E-06 
Fe57         57           26           4.87990E-07  
Fe58         58           26           7.67610E-07  
Fe59         59           26           0.00000E+00  
Fe60         60           26           9.72170E-08  
Co59         59           27           1.76150E-07  
Co60         60           27           3.41480E-13  
Ni58         58           28           -1.55060E-07 
Ni59         59           28           3.02930E-09  
Ni60         60           28           1.00960E-07  
Ni61         61           28           5.60550E-08  
Ni62         62           28           9.31990E-08  
Ni63         63           28           6.75720E-12  
Ni64         64           28           9.60800E-08  
Ni65         65           28           0.00000E+00  
Ni66         66           28           0.00000E+00  
Cu63         63           29           5.54160E-08  
Cu64         64           29           0.00000E+00  
Cu65         65           29           2.38470E-08  
Cu66         66           29           0.00000E+00  
Cu67         67           29           0.00000E+00  
Zn64         64           30           5.91980E-09  
Zn65         65           30           0.00000E+00  
Zn66         66           30           2.30950E-08  
Zn67         67           30           5.10020E-09  
Zn68         68           30           2.51840E-08  
Zn69         69           30           0.00000E+00  
Zn70         70           30           9.53270E-11  
Ga69         69           31           3.60680E-09  
Ga70         70           31           0.00000E+00  
Ga71         71           31           2.88490E-09  
Ga72         72           31           0.00000E+00  
Ga73         73           31           0.00000E+00  
Ge70         70           32           5.45710E-09  
Ge71         71           32           0.00000E+00  
Ge72         72           32           5.56380E-09  
Ge73         73           32           1.61460E-09  
Ge74         74           32           6.98690E-09  
Ge75         75           32           0.00000E+00  
Ge76         76           32           6.13940E-11  
Ge77         77           32           0.00000E+00  
As75         75           33           6.21740E-10  
As76         76           33           0.00000E+00  
As77         77           33           0.00000E+00  
Se76         76           34           2.27860E-09  
Se77         77           34           8.80280E-10  
Se78         78           34           3.19480E-09  
Se79         79           34           5.67190E-10  
Se80         80           34           6.11470E-09  
Se81         81           34           0.00000E+00  
Se82         82           34           5.72370E-11  
Br79         79           35           6.38130E-10  
Br80         80           35           0.00000E+00  
Br81         81           35           8.61600E-10  
Br82         82           35           0.00000E+00  
Br83         83           35           0.00000E+00  
Br84         84           35           0.00000E+00  
Kr80         80           36           1.19130E-10  
Kr81         81           36           9.49280E-12  
Kr82         82           36           3.03740E-09  
Kr83         83           36           1.05970E-09  
Kr84         84           36           7.19320E-09  
Kr85         85           36           0.00000E+00  
Kr86         86           36           4.85890E-09  
Kr87         87           36           0.00000E+00  
Kr88         88           36           0.00000E+00  
Rb85         85           37           1.96620E-09  
Rb86         86           37           0.00000E+00  
Rb87         87           37           2.67980E-09  
Rb88         88           37           0.00000E+00  
Sr86         86           38           1.79900E-09  
Sr87         87           38           1.11600E-09  
Sr88         88           38           3.31850E-08  
Sr89         89           38           0.00000E+00  
Sr90         90           38           0.00000E+00  
Sr91         91           38           0.00000E+00  
Sr92         92           38           0.00000E+00  
Y89          89           39           8.57280E-09  
Y90          90           39           0.00000E+00  
Y91          91           39           0.00000E+00  
Y92          92           39           0.00000E+00  
Y93          93           39           0.00000E+00  
Zr90         90           40           7.70810E-09  
Zr91         91           40           2.63310E-09  
Zr92         92           40           4.44270E-09  
Zr93         93           40           1.22650E-09  
Zr94         94           40           5.53670E-09  
Zr95         95           40           0.00000E+00  
Zr96         96           40           2.09860E-09  
Zr97         97           40           0.00000E+00  
Nb93         93           41           2.35550E-10  
Nb94         94           41           0.00000E+00  
Nb95         95           41           0.00000E+00  
Nb96         96           41           0.00000E+00  
Nb97         97           41           0.00000E+00  
Mo92         92           42           -3.78960E-12 
Mo93         93           42           0.00000E+00  
Mo94         94           42           4.29680E-12  
Mo95         95           42           6.74510E-10  
Mo96         96           42           1.03880E-09  
Mo97         97           42           3.80190E-10  
Mo98         98           42           1.24130E-09  
Mo99         99           42           0.00000E+00  
Mo00         100          42           1.43900E-10  
Tc97         97           43           0.00000E+00  
Tc98         98           43           0.00000E+00  
Tc99         99           43           5.24300E-11  
Ru96         96           44           -1.07420E-12 
Ru97         97           44           0.00000E+00  
Ru98         98           44           -3.31710E-13 
Ru99         99           44           1.17380E-10  
Ru00         100          44           5.89300E-10  
Ru01         101          44           1.39600E-10  
Ru02         102          44           7.38600E-10  
Ru03         103          44           0.00000E+00  
Ru04         104          44           1.28030E-10  
Ru05         105          44           0.00000E+00  
Ru06         106          44           0.00000E+00  
Rh03         103          45           1.56270E-10  
Rh05         105          45           0.00000E+00  
Pd04         104          46           4.60000E-10  
Pd05         105          46           1.33360E-10  
Pd06         106          46           6.16890E-10  
Pd07         107          46           1.16780E-10  
Pd08         108          46           7.73250E-10  
Pd09         109          46           0.00000E+00  
Pd10         110          46           1.44220E-10  
Ag07         107          47           2.66840E-12  
Ag09         109          47           1.96180E-10  
Ag11         111          47           0.00000E+00  
Cd08         108          48           1.56270E-13  
Cd09         109          48           0.00000E+00  
Cd10         110          48           5.99190E-10  
Cd11         111          48           2.25630E-10  
Cd12         112          48           8.65810E-10  
Cd13         113          48           2.52350E-10  
Cd14         114          48           1.28230E-09  
Cd15         115          48           0.00000E+00  
Cd16         116          48           3.65700E-10  
In13         113          49           0.00000E+00  
In15         115          49           2.61960E-10  
Sn14         114          50           -2.94100E-13 
Sn15         115          50           -1.50230E-13 
Sn16         116          50           1.61360E-09  
Sn17         117          50           5.53700E-10  
Sn18         118          50           2.69230E-09  
Sn19         119          50           7.93010E-10  
Sn20         120          50           4.50040E-09  
Sn21         121          50           0.00000E+00  
Sn22         122          50           8.51420E-10  
Sn23         123          50           0.00000E+00  
Sn24         124          50           7.99170E-11  
Sb21         121          51           3.50670E-10  
Sb22         122          51           0.00000E+00  
Sb23         123          51           1.45580E-10  
Sb24         124          51           0.00000E+00  
Sb25         125          51           0.00000E+00  
Te22         122          52           4.96750E-10  
Te23         123          52           1.63850E-10  
Te24         124          52           1.05340E-09  
Te25         125          52           3.45720E-10  
Te26         126          52           1.94780E-09  
Te27         127          52           0.00000E+00  
Te28         128          52           3.19420E-10  
Te30         130          52           -1.14620E-11 
I127         127          53           2.51640E-10  
I128         128          53           0.00000E+00  
I129         129          53           9.52990E-12  
I130         130          53           0.00000E+00  
I131         131          53           0.00000E+00  
I132         132          53           0.00000E+00  
I133         133          53           0.00000E+00  
Xe28         128          54           6.15010E-10  
Xe29         129          54           2.43010E-10  
Xe30         130          54           1.33780E-09  
Xe31         131          54           3.69470E-10  
Xe32         132          54           2.82570E-09  
Xe33         133          54           0.00000E+00  
Xe34         134          54           8.98970E-10  
Xe35         135          54           0.00000E+00  
Xe36         136          54           6.79590E-11  
Cs33         133          55           4.10120E-10  
Cs34         134          55           0.00000E+00  
Cs35         135          55           4.04530E-10  
Cs36         136          55           0.00000E+00  
Cs37         137          55           0.00000E+00  
Ba34         134          56           7.92520E-10  
Ba35         135          56           2.67220E-10  
Ba36         136          56           2.73220E-09  
Ba37         137          56           3.05830E-09  
Ba38         138          56           4.12310E-08  
Ba39         139          56           0.00000E+00  
Ba40         140          56           0.00000E+00  
La39         139          57           5.18280E-09  
La40         140          57           0.00000E+00  
Ce40         140          58           1.63170E-08  
Ce41         141          58           0.00000E+00  
Ce42         142          58           1.48880E-09  
Ce43         143          58           0.00000E+00  
Ce44         144          58           0.00000E+00  
Pr41         141          59           1.87550E-09  
Pr42         142          59           0.00000E+00  
Pr43         143          59           0.00000E+00  
Pr45         145          59           0.00000E+00  
Nd42         142          60           3.67740E-09  
Nd43         143          60           7.36010E-10  
Nd44         144          60           2.45110E-09  
Nd45         145          60           4.56770E-10  
Nd46         146          60           2.24390E-09  
Nd47         147          60           0.00000E+00  
Nd48         148          60           4.82910E-10  
Nd49         149          60           0.00000E+00  
Nd50         150          60           2.80480E-11  
Pm45         145          61           0.00000E+00  
Pm46         146          61           0.00000E+00  
Pm47         147          61           0.00000E+00  
Pm48         148          61           0.00000E+00  
Pm49         149          61           0.00000E+00  
Pm50         150          61           0.00000E+00  
Pm51         151          61           0.00000E+00  
Sm44         144          62           -1.16010E-13 
Sm45         145          62           0.00000E+00  
Sm46         146          62           0.00000E+00  
Sm47         147          62           2.62000E-10  
Sm48         148          62           5.34790E-10  
Sm49         149          62           1.14620E-10  
Sm50         150          62           4.92650E-10  
Sm51         151          62           0.00000E+00  
Sm52         152          62           4.30520E-10  
Sm53         153          62           0.00000E+00  
Sm54         154          62           2.27830E-10  
Eu51         151          63           6.91540E-11  
Eu52         152          63           0.00000E+00  
Eu53         153          63           7.97930E-11  
Eu54         154          63           0.00000E+00  
Eu55         155          63           0.00000E+00  
Eu56         156          63           0.00000E+00  
Eu57         157          63           0.00000E+00  
Gd52         152          64           5.27360E-12  
Gd53         153          64           0.00000E+00  
Gd54         154          64           1.18310E-10  
Gd55         155          64           1.16940E-10  
Gd56         156          64           3.65200E-10  
Gd57         157          64           1.66940E-10  
Gd58         158          64           6.49520E-10  
Gd59         159          64           0.00000E+00  
Gd60         160          64           1.76690E-10  
Tb59         159          65           1.45420E-10  
Tb60         160          65           0.00000E+00  
Tb61         161          65           0.00000E+00  
Dy60         160          66           2.05650E-10  
Dy61         161          66           1.11120E-10  
Dy62         162          66           4.66010E-10  
Dy63         163          66           1.44870E-10  
Dy64         164          66           7.41950E-10  
Dy65         165          66           0.00000E+00  
Dy66         166          66           0.00000E+00  
Ho63         163          67           3.88580E-13  
Ho64         164          67           0.00000E+00  
Ho65         165          67           1.90410E-10  
Ho66         166          67           0.00000E+00  
Er64         164          68           8.15390E-11  
Er65         165          68           0.00000E+00  
Er66         166          68           2.79280E-10  
Er67         167          68           1.30270E-10  
Er68         168          68           5.44670E-10  
Er69         169          68           0.00000E+00  
Er70         170          68           3.19510E-10  
Er71         171          68           0.00000E+00  
Er72         172          68           0.00000E+00  
Tm69         169          69           1.46470E-10  
Tm70         170          69           0.00000E+00  
Tm71         171          69           0.00000E+00  
Tm72         172          69           0.00000E+00  
Tm73         173          69           0.00000E+00  
Yb70         170          70           1.69240E-10  
Yb71         171          70           2.58210E-10  
Yb72         172          70           6.37920E-10  
Yb73         173          70           2.96860E-10  
Yb74         174          70           1.42080E-09  
Yb75         175          70           0.00000E+00  
Yb76         176          70           3.95660E-10  
Yb77         177          70           0.00000E+00  
Lu75         175          71           1.99520E-10  
Lu76         176          71           3.52040E-11  
Lu77         177          71           0.00000E+00  
Hf76         176          72           2.47740E-10  
Hf77         177          72           1.78860E-10  
Hf78         178          72           8.05740E-10  
Hf79         179          72           2.73940E-10  
Hf80         180          72           1.46740E-09  
Hf81         181          72           0.00000E+00  
Hf82         182          72           2.59340E-10  
Hf83         183          72           0.00000E+00  
Hf84         184          72           0.00000E+00  
Ta79         179          73           0.00000E+00  
Ta80         180          73           0.00000E+00  
Ta81         181          73           3.12470E-10  
Ta82         182          73           0.00000E+00  
Ta83         183          73           0.00000E+00  
Ta84         184          73           0.00000E+00  
W180         180          74           0.00000E+00  
W181         181          74           0.00000E+00  
W182         182          74           5.07460E-10  
W183         183          74           3.89910E-10  
W184         184          74           1.03180E-09  
W185         185          74           0.00000E+00  
W186         186          74           7.50730E-10  
W187         187          74           0.00000E+00  
W188         188          74           0.00000E+00  
Re85         185          75           2.02400E-10  
Re86         186          75           0.00000E+00  
Re87         187          75           1.49180E-10  
Re88         188          75           0.00000E+00  
Re89         189          75           0.00000E+00  
Os86         186          76           3.30950E-10  
Os87         187          76           9.19380E-11  
Os88         188          76           6.48770E-10  
Os89         189          76           1.78830E-10  
Os90         190          76           8.85400E-10  
Os91         191          76           0.00000E+00  
Os92         192          76           2.60850E-10  
Os93         193          76           0.00000E+00  
Os94         194          76           0.00000E+00  
Ir91         191          77           1.88570E-10  
Ir92         192          77           0.00000E+00  
Ir93         193          77           2.35880E-10  
Ir94         194          77           0.00000E+00  
Ir95         195          77           0.00000E+00  
Pt92         192          78           2.46440E-10  
Pt93         193          78           0.00000E+00  
Pt94         194          78           1.13100E-09  
Pt95         195          78           4.08270E-10  
Pt96         196          78           1.53070E-09  
Pt97         197          78           0.00000E+00  
Pt98         198          78           2.64870E-10  
Au97         197          79           4.21140E-10  
Au98         198          79           0.00000E+00  
Au99         199          79           0.00000E+00  
Hg98         198          80           1.18270E-09  
Hg99         199          80           6.10070E-10  
Hg00         200          80           2.13880E-09  
Hg01         201          80           9.34340E-10  
Hg02         202          80           3.59920E-09  
Hg03         203          80           0.00000E+00  
Hg04         204          80           2.47330E-10  
Tl03         203          81           1.89720E-09  
Tl04         204          81           0.00000E+00  
Tl05         205          81           3.99970E-09  
Pb04         204          82           2.11790E-09  
Pb05         205          82           1.98840E-10  
Pb06         206          82           2.23160E-08  
Pb07         207          82           3.77770E-08  
Pb08         208          82           5.62700E-07  
Pb09         209          82           0.00000E+00  
Pb10         210          82           0.00000E+00  
Bi09         209          83           1.02700E-08  
Bi10         210          83           0.00000E+00  
Po10         210          84           0.00000E+00  
