Isotope      A            Z            YIELD 
H            1            1            -7.31920E-02 
He4          4            2            5.78610E-02  
C12          12           6            1.05800E-02  
C13          13           6            9.77960E-05  
C14          14           6            2.09540E-10  
N14          14           7            2.90080E-03  
N15          15           7            -4.12940E-06 
O16          16           8            -6.50290E-04 
O17          17           8            7.00960E-05  
O18          18           8            -1.13720E-05 
F18          18           9            0.00000E+00  
F19          19           9            2.15400E-06  
Ne20         20           10           -2.65730E-06 
Ne21         21           10           3.32880E-07  
Ne22         22           10           1.96620E-03  
Na22         22           11           0.00000E+00  
Na23         23           11           6.28080E-05  
Na24         24           11           0.00000E+00  
Mg24         24           12           2.39840E-05  
Mg25         25           12           -7.45970E-07 
Mg26         26           12           6.76600E-06  
Al26         26           13           7.70950E-07  
Al27         27           13           1.74410E-06  
Si28         28           14           -7.45710E-08 
Si29         29           14           1.36260E-07  
Si30         30           14           9.79580E-07  
Si31         31           14           0.00000E+00  
Si32         32           14           0.00000E+00  
P31          31           15           1.06300E-06  
P32          32           15           0.00000E+00  
P33          33           15           0.00000E+00  
S32          32           16           -1.68570E-06 
S33          33           16           2.15450E-07  
S34          34           16           5.91410E-07  
S35          35           16           0.00000E+00  
S36          36           16           5.33090E-08  
Cl35         35           17           -5.35820E-08 
Cl36         36           17           2.84250E-09  
Cl37         37           17           5.35980E-07  
Ar36         36           18           -1.23280E-06 
Ar37         37           18           0.00000E+00  
Ar38         38           18           3.41140E-07  
Ar39         39           18           2.06300E-12  
Ar40         40           18           4.44300E-08  
Ar41         41           18           0.00000E+00  
Ar42         42           18           0.00000E+00  
K39          39           19           9.69240E-08  
K40          40           19           2.40780E-08  
K41          41           19           1.04820E-07  
K42          42           19           0.00000E+00  
K43          43           19           0.00000E+00  
Ca40         40           20           -7.22540E-07 
Ca41         41           20           7.31690E-09  
Ca42         42           20           6.75480E-08  
Ca43         43           20           1.24200E-08  
Ca44         44           20           6.69910E-08  
Ca45         45           20           0.00000E+00  
Ca46         46           20           2.35440E-09  
Ca47         47           20           0.00000E+00  
Ca48         48           20           -4.13450E-10 
Sc45         45           21           1.21080E-08  
Sc46         46           21           0.00000E+00  
Sc47         47           21           0.00000E+00  
Sc48         48           21           0.00000E+00  
Sc49         49           21           0.00000E+00  
Ti46         46           22           2.20040E-08  
Ti47         47           22           -4.80000E-10 
Ti48         48           22           -4.32990E-08 
Ti49         49           22           4.98270E-08  
Ti50         50           22           9.56930E-08  
V50          50           23           -3.46110E-11 
V51          51           23           1.96880E-09  
Cr50         50           24           -2.80320E-08 
Cr51         51           24           0.00000E+00  
Cr52         52           24           -1.46290E-07 
Cr53         53           24           -2.97700E-08 
Cr54         54           24           1.25390E-07  
Mn55         55           25           4.24940E-07  
Mn56         56           25           0.00000E+00  
Fe54         54           26           -2.15480E-06 
Fe55         55           26           6.46500E-13  
Fe56         56           26           -1.41370E-05 
Fe57         57           26           4.22080E-06  
Fe58         58           26           4.62460E-06  
Fe59         59           26           0.00000E+00  
Fe60         60           26           1.29300E-07  
Co59         59           27           1.35930E-06  
Co60         60           27           2.62090E-13  
Ni58         58           28           -1.39480E-06 
Ni59         59           28           4.69050E-08  
Ni60         60           28           6.74770E-07  
Ni61         61           28           4.66290E-07  
Ni62         62           28           6.47580E-07  
Ni63         63           28           3.71710E-13  
Ni64         64           28           1.04060E-06  
Ni65         65           28           0.00000E+00  
Ni66         66           28           0.00000E+00  
Cu63         63           29           4.36300E-07  
Cu64         64           29           0.00000E+00  
Cu65         65           29           3.88510E-07  
Cu66         66           29           0.00000E+00  
Cu67         67           29           0.00000E+00  
Zn64         64           30           1.17410E-07  
Zn65         65           30           0.00000E+00  
Zn66         66           30           3.23300E-07  
Zn67         67           30           7.21250E-08  
Zn68         68           30           3.99920E-07  
Zn69         69           30           0.00000E+00  
Zn70         70           30           -2.31460E-10 
Ga69         69           31           7.65880E-08  
Ga70         70           31           0.00000E+00  
Ga71         71           31           8.22280E-08  
Ga72         72           31           0.00000E+00  
Ga73         73           31           0.00000E+00  
Ge70         70           32           1.37300E-07  
Ge71         71           32           0.00000E+00  
Ge72         72           32           1.49870E-07  
Ge73         73           32           4.20340E-08  
Ge74         74           32           2.84510E-07  
Ge75         75           32           0.00000E+00  
Ge76         76           32           -2.74760E-10 
Ge77         77           32           0.00000E+00  
As75         75           33           2.83240E-08  
As76         76           33           0.00000E+00  
As77         77           33           0.00000E+00  
Se76         76           34           7.15550E-08  
Se77         77           34           2.88640E-08  
Se78         78           34           1.91950E-07  
Se79         79           34           5.99030E-09  
Se80         80           34           2.04340E-07  
Se81         81           34           0.00000E+00  
Se82         82           34           -1.05780E-10 
Br79         79           35           2.22930E-08  
Br80         80           35           0.00000E+00  
Br81         81           35           4.65570E-08  
Br82         82           35           0.00000E+00  
Br83         83           35           0.00000E+00  
Br84         84           35           0.00000E+00  
Kr80         80           36           2.06510E-08  
Kr81         81           36           2.13850E-09  
Kr82         82           36           1.32190E-07  
Kr83         83           36           4.44740E-08  
Kr84         84           36           2.62910E-07  
Kr85         85           36           0.00000E+00  
Kr86         86           36           2.46150E-08  
Kr87         87           36           0.00000E+00  
Kr88         88           36           0.00000E+00  
Rb85         85           37           4.49640E-08  
Rb86         86           37           0.00000E+00  
Rb87         87           37           8.07720E-09  
Rb88         88           37           0.00000E+00  
Sr86         86           38           1.36390E-07  
Sr87         87           38           8.80130E-08  
Sr88         88           38           1.42370E-06  
Sr89         89           38           0.00000E+00  
Sr90         90           38           0.00000E+00  
Sr91         91           38           0.00000E+00  
Sr92         92           38           0.00000E+00  
Y89          89           39           2.59420E-07  
Y90          90           39           0.00000E+00  
Y91          91           39           0.00000E+00  
Y92          92           39           0.00000E+00  
Y93          93           39           0.00000E+00  
Zr90         90           40           2.67490E-07  
Zr91         91           40           5.84340E-08  
Zr92         92           40           8.92530E-08  
Zr93         93           40           2.22470E-08  
Zr94         94           40           1.17440E-07  
Zr95         95           40           0.00000E+00  
Zr96         96           40           1.25330E-09  
Zr97         97           40           0.00000E+00  
Nb93         93           41           9.72430E-09  
Nb94         94           41           0.00000E+00  
Nb95         95           41           0.00000E+00  
Nb96         96           41           0.00000E+00  
Nb97         97           41           0.00000E+00  
Mo92         92           42           -4.29760E-11 
Mo93         93           42           0.00000E+00  
Mo94         94           42           1.29130E-09  
Mo95         95           42           1.20100E-08  
Mo96         96           42           2.43010E-08  
Mo97         97           42           8.31480E-09  
Mo98         98           42           2.89670E-08  
Mo99         99           42           0.00000E+00  
Mo00         100          42           1.00680E-10  
Tc97         97           43           1.95400E-12  
Tc98         98           43           2.73850E-13  
Tc99         99           43           6.91100E-10  
Ru96         96           44           -1.62370E-11 
Ru97         97           44           0.00000E+00  
Ru98         98           44           -2.63190E-12 
Ru99         99           44           3.28020E-09  
Ru00         100          44           1.43170E-08  
Ru01         101          44           3.05540E-09  
Ru02         102          44           1.86250E-08  
Ru03         103          44           0.00000E+00  
Ru04         104          44           9.86570E-11  
Ru05         105          44           0.00000E+00  
Ru06         106          44           0.00000E+00  
Rh03         103          45           3.30700E-09  
Rh05         105          45           0.00000E+00  
Pd04         104          46           1.04460E-08  
Pd05         105          46           2.64980E-09  
Pd06         106          46           1.19090E-08  
Pd07         107          46           2.18450E-09  
Pd08         108          46           1.44610E-08  
Pd09         109          46           0.00000E+00  
Pd10         110          46           9.66640E-11  
Ag07         107          47           1.38860E-10  
Ag09         109          47           4.16500E-09  
Ag11         111          47           0.00000E+00  
Cd08         108          48           9.39220E-11  
Cd09         109          48           0.00000E+00  
Cd10         110          48           1.19220E-08  
Cd11         111          48           4.00800E-09  
Cd12         112          48           1.43530E-08  
Cd13         113          48           4.23620E-09  
Cd14         114          48           2.02280E-08  
Cd15         115          48           0.00000E+00  
Cd16         116          48           1.45640E-10  
In13         113          49           -1.14670E-12 
In15         115          49           3.96650E-09  
Sn14         114          50           -3.20460E-13 
Sn15         115          50           -8.04570E-13 
Sn16         116          50           2.67630E-08  
Sn17         117          50           8.04370E-09  
Sn18         118          50           3.28960E-08  
Sn19         119          50           1.02140E-08  
Sn20         120          50           4.73860E-08  
Sn21         121          50           0.00000E+00  
Sn22         122          50           1.08670E-10  
Sn23         123          50           0.00000E+00  
Sn24         124          50           -1.35980E-11 
Sb21         121          51           3.59400E-09  
Sb22         122          51           0.00000E+00  
Sb23         123          51           9.05750E-11  
Sb24         124          51           0.00000E+00  
Sb25         125          51           0.00000E+00  
Te22         122          52           6.19160E-09  
Te23         123          52           2.25590E-09  
Te24         124          52           1.16980E-08  
Te25         125          52           3.88360E-09  
Te26         126          52           2.05890E-08  
Te27         127          52           0.00000E+00  
Te28         128          52           2.09250E-09  
Te30         130          52           -1.04030E-10 
I127         127          53           2.44780E-09  
I128         128          53           0.00000E+00  
I129         129          53           2.36100E-11  
I130         130          53           0.00000E+00  
I131         131          53           0.00000E+00  
I132         132          53           0.00000E+00  
I133         133          53           0.00000E+00  
Xe28         128          54           6.43340E-09  
Xe29         129          54           2.30310E-09  
Xe30         130          54           1.33400E-08  
Xe31         131          54           3.33330E-09  
Xe32         132          54           2.34020E-08  
Xe33         133          54           0.00000E+00  
Xe34         134          54           5.27490E-11  
Xe35         135          54           0.00000E+00  
Xe36         136          54           -6.52220E-12 
Cs33         133          55           2.99120E-09  
Cs34         134          55           0.00000E+00  
Cs35         135          55           4.38760E-10  
Cs36         136          55           0.00000E+00  
Cs37         137          55           0.00000E+00  
Ba34         134          56           8.88610E-09  
Ba35         135          56           3.14280E-09  
Ba36         136          56           2.06680E-08  
Ba37         137          56           1.55430E-08  
Ba38         138          56           1.15160E-07  
Ba39         139          56           0.00000E+00  
Ba40         140          56           0.00000E+00  
La39         139          57           1.22860E-08  
La40         140          57           0.00000E+00  
Ce40         140          58           3.15400E-08  
Ce41         141          58           0.00000E+00  
Ce42         142          58           2.40830E-11  
Ce43         143          58           0.00000E+00  
Ce44         144          58           0.00000E+00  
Pr41         141          59           2.37530E-09  
Pr42         142          59           0.00000E+00  
Pr43         143          59           0.00000E+00  
Pr45         145          59           0.00000E+00  
Nd42         142          60           7.29670E-09  
Nd43         143          60           9.26930E-10  
Nd44         144          60           2.95840E-09  
Nd45         145          60           5.16010E-10  
Nd46         146          60           2.87340E-09  
Nd47         147          60           0.00000E+00  
Nd48         148          60           3.67690E-11  
Nd49         149          60           0.00000E+00  
Nd50         150          60           -1.11100E-11 
Pm45         145          61           0.00000E+00  
Pm46         146          61           0.00000E+00  
Pm47         147          61           0.00000E+00  
Pm48         148          61           0.00000E+00  
Pm49         149          61           0.00000E+00  
Pm50         150          61           0.00000E+00  
Pm51         151          61           0.00000E+00  
Sm44         144          62           -1.33870E-12 
Sm45         145          62           0.00000E+00  
Sm46         146          62           1.79200E-13  
Sm47         147          62           2.87980E-10  
Sm48         148          62           9.59940E-10  
Sm49         149          62           1.17560E-10  
Sm50         150          62           5.67780E-10  
Sm51         151          62           0.00000E+00  
Sm52         152          62           3.65610E-10  
Sm53         153          62           0.00000E+00  
Sm54         154          62           3.70830E-12  
Eu51         151          63           6.27070E-11  
Eu52         152          63           0.00000E+00  
Eu53         153          63           6.06870E-11  
Eu54         154          63           0.00000E+00  
Eu55         155          63           0.00000E+00  
Eu56         156          63           0.00000E+00  
Eu57         157          63           0.00000E+00  
Gd52         152          64           2.49010E-11  
Gd53         153          64           0.00000E+00  
Gd54         154          64           1.48450E-10  
Gd55         155          64           8.14350E-11  
Gd56         156          64           3.64370E-10  
Gd57         157          64           1.65960E-10  
Gd58         158          64           7.29460E-10  
Gd59         159          64           0.00000E+00  
Gd60         160          64           -5.15120E-12 
Tb59         159          65           1.53510E-10  
Tb60         160          65           0.00000E+00  
Tb61         161          65           0.00000E+00  
Dy60         160          66           2.70400E-10  
Dy61         161          66           9.85710E-11  
Dy62         162          66           5.39850E-10  
Dy63         163          66           1.58700E-10  
Dy64         164          66           9.95780E-10  
Dy65         165          66           0.00000E+00  
Dy66         166          66           0.00000E+00  
Ho63         163          67           1.69700E-13  
Ho64         164          67           0.00000E+00  
Ho65         165          67           1.94660E-10  
Ho66         166          67           0.00000E+00  
Er64         164          68           7.31640E-11  
Er65         165          68           0.00000E+00  
Er66         166          68           4.08990E-10  
Er67         167          68           1.76620E-10  
Er68         168          68           7.73760E-10  
Er69         169          68           0.00000E+00  
Er70         170          68           3.23260E-11  
Er71         171          68           0.00000E+00  
Er72         172          68           0.00000E+00  
Tm69         169          69           1.34710E-10  
Tm70         170          69           0.00000E+00  
Tm71         171          69           0.00000E+00  
Tm72         172          69           0.00000E+00  
Tm73         173          69           0.00000E+00  
Yb70         170          70           2.80110E-10  
Yb71         171          70           2.55840E-10  
Yb72         172          70           7.72770E-10  
Yb73         173          70           3.43980E-10  
Yb74         174          70           1.63180E-09  
Yb75         175          70           0.00000E+00  
Yb76         176          70           1.45280E-11  
Yb77         177          70           0.00000E+00  
Lu75         175          71           2.09540E-10  
Lu76         176          71           3.82160E-11  
Lu77         177          71           0.00000E+00  
Hf76         176          72           3.01100E-10  
Hf77         177          72           1.61850E-10  
Hf78         178          72           7.87040E-10  
Hf79         179          72           2.62680E-10  
Hf80         180          72           1.49170E-09  
Hf81         181          72           0.00000E+00  
Hf82         182          72           8.70630E-12  
Hf83         183          72           0.00000E+00  
Hf84         184          72           0.00000E+00  
Ta79         179          73           0.00000E+00  
Ta80         180          73           0.00000E+00  
Ta81         181          73           2.86090E-10  
Ta82         182          73           0.00000E+00  
Ta83         183          73           0.00000E+00  
Ta84         184          73           0.00000E+00  
W180         180          74           0.00000E+00  
W181         181          74           0.00000E+00  
W182         182          74           7.72450E-10  
W183         183          74           4.32690E-10  
W184         184          74           1.00190E-09  
W185         185          74           0.00000E+00  
W186         186          74           9.41200E-11  
W187         187          74           0.00000E+00  
W188         188          74           0.00000E+00  
Re85         185          75           1.77100E-10  
Re86         186          75           0.00000E+00  
Re87         187          75           -4.57820E-11 
Re88         188          75           0.00000E+00  
Re89         189          75           0.00000E+00  
Os86         186          76           4.74270E-10  
Os87         187          76           2.12650E-10  
Os88         188          76           7.68930E-10  
Os89         189          76           1.17170E-10  
Os90         190          76           8.03470E-10  
Os91         191          76           0.00000E+00  
Os92         192          76           -5.37500E-12 
Os93         193          76           0.00000E+00  
Os94         194          76           0.00000E+00  
Ir91         191          77           5.38170E-11  
Ir92         192          77           0.00000E+00  
Ir93         193          77           1.70200E-11  
Ir94         194          77           0.00000E+00  
Ir95         195          77           0.00000E+00  
Pt92         192          78           3.83220E-10  
Pt93         193          78           0.00000E+00  
Pt94         194          78           8.74070E-10  
Pt95         195          78           2.06870E-10  
Pt96         196          78           1.29450E-09  
Pt97         197          78           0.00000E+00  
Pt98         198          78           -1.67900E-11 
Au97         197          79           3.13570E-10  
Au98         198          79           0.00000E+00  
Au99         199          79           0.00000E+00  
Hg98         198          80           1.23910E-09  
Hg99         199          80           5.05400E-10  
Hg00         200          80           1.73190E-09  
Hg01         201          80           6.87880E-10  
Hg02         202          80           3.02090E-09  
Hg03         203          80           0.00000E+00  
Hg04         204          80           -2.19530E-12 
Tl03         203          81           1.21970E-09  
Tl04         204          81           0.00000E+00  
Tl05         205          81           3.16030E-09  
Pb04         204          82           1.69800E-09  
Pb05         205          82           1.23370E-10  
Pb06         206          82           1.10160E-08  
Pb07         207          82           8.50770E-09  
Pb08         208          82           1.02510E-08  
Pb09         209          82           0.00000E+00  
Pb10         210          82           0.00000E+00  
Bi09         209          83           2.60690E-11  
Bi10         210          83           0.00000E+00  
Po10         210          84           0.00000E+00  
