Isotope      A            Z            YIELD 
H            1            1            -3.14790E-01 
He4          4            2            3.07820E-01  
C12          12           6            6.01070E-03  
C13          13           6            3.45490E-05  
C14          14           6            4.75000E-10  
N14          14           7            9.38930E-04  
N15          15           7            -7.86250E-07 
O16          16           8            1.00120E-05  
O17          17           8            1.50850E-05  
O18          18           8            -3.19100E-06 
F18          18           9            0.00000E+00  
F19          19           9            4.78740E-08  
Ne20         20           10           -1.04760E-05 
Ne21         21           10           2.32250E-07  
Ne22         22           10           5.42230E-05  
Na22         22           11           0.00000E+00  
Na23         23           11           2.19930E-05  
Na24         24           11           0.00000E+00  
Mg24         24           12           -3.20230E-07 
Mg25         25           12           6.04620E-06  
Mg26         26           12           1.94600E-05  
Al26         26           13           1.59800E-08  
Al27         27           13           1.47450E-06  
Si28         28           14           2.86360E-06  
Si29         29           14           4.24140E-07  
Si30         30           14           6.95430E-07  
Si31         31           14           0.00000E+00  
Si32         32           14           3.12900E-12  
P31          31           15           1.73050E-07  
P32          32           15           0.00000E+00  
P33          33           15           0.00000E+00  
S32          32           16           -2.56380E-07 
S33          33           16           2.73120E-09  
S34          34           16           9.30260E-08  
S35          35           16           0.00000E+00  
S36          36           16           6.53510E-09  
Cl35         35           17           -3.86000E-09 
Cl36         36           17           1.01530E-09  
Cl37         37           17           4.28560E-08  
Ar36         36           18           -1.27510E-07 
Ar37         37           18           0.00000E+00  
Ar38         38           18           2.72520E-08  
Ar39         39           18           4.24010E-11  
Ar40         40           18           1.00070E-08  
Ar41         41           18           0.00000E+00  
Ar42         42           18           0.00000E+00  
K39          39           19           9.17050E-09  
K40          40           19           1.61020E-09  
K41          41           19           1.07440E-08  
K42          42           19           0.00000E+00  
K43          43           19           0.00000E+00  
Ca40         40           20           -7.71280E-08 
Ca41         41           20           1.93300E-09  
Ca42         42           20           4.04850E-09  
Ca43         43           20           9.78110E-10  
Ca44         44           20           3.00490E-09  
Ca45         45           20           0.00000E+00  
Ca46         46           20           2.40390E-09  
Ca47         47           20           0.00000E+00  
Ca48         48           20           1.24120E-11  
Sc45         45           21           1.55380E-09  
Sc46         46           21           0.00000E+00  
Sc47         47           21           0.00000E+00  
Sc48         48           21           0.00000E+00  
Sc49         49           21           0.00000E+00  
Ti46         46           22           4.24660E-10  
Ti47         47           22           -3.81310E-10 
Ti48         48           22           -4.09540E-09 
Ti49         49           22           3.11150E-09  
Ti50         50           22           4.27610E-09  
V50          50           23           -4.25340E-12 
V51          51           23           6.95520E-10  
Cr50         50           24           -3.46030E-09 
Cr51         51           24           0.00000E+00  
Cr52         52           24           -1.66930E-08 
Cr53         53           24           -6.62840E-09 
Cr54         54           24           1.75790E-08  
Mn55         55           25           5.81130E-08  
Mn56         56           25           0.00000E+00  
Fe54         54           26           -2.32930E-07 
Fe55         55           26           0.00000E+00  
Fe56         56           26           -1.59740E-06 
Fe57         57           26           2.68720E-07  
Fe58         58           26           5.46330E-07  
Fe59         59           26           0.00000E+00  
Fe60         60           26           2.60790E-07  
Co59         59           27           1.93660E-07  
Co60         60           27           5.87520E-13  
Ni58         58           28           -1.18940E-07 
Ni59         59           28           9.91040E-09  
Ni60         60           28           5.71450E-08  
Ni61         61           28           7.55970E-08  
Ni62         62           28           1.05890E-07  
Ni63         63           28           8.01100E-11  
Ni64         64           28           1.74800E-07  
Ni65         65           28           0.00000E+00  
Ni66         66           28           0.00000E+00  
Cu63         63           29           9.37770E-08  
Cu64         64           29           0.00000E+00  
Cu65         65           29           3.52170E-08  
Cu66         66           29           0.00000E+00  
Cu67         67           29           0.00000E+00  
Zn64         64           30           -7.91640E-10 
Zn65         65           30           0.00000E+00  
Zn66         66           30           3.25740E-08  
Zn67         67           30           7.51620E-09  
Zn68         68           30           4.53370E-08  
Zn69         69           30           0.00000E+00  
Zn70         70           30           6.39780E-10  
Ga69         69           31           6.60340E-09  
Ga70         70           31           0.00000E+00  
Ga71         71           31           3.88880E-09  
Ga72         72           31           0.00000E+00  
Ga73         73           31           0.00000E+00  
Ge70         70           32           9.43560E-09  
Ge71         71           32           0.00000E+00  
Ge72         72           32           1.00440E-08  
Ge73         73           32           2.95930E-09  
Ge74         74           32           1.28160E-08  
Ge75         75           32           0.00000E+00  
Ge76         76           32           4.32920E-10  
Ge77         77           32           0.00000E+00  
As75         75           33           1.12150E-09  
As76         76           33           0.00000E+00  
As77         77           33           0.00000E+00  
Se76         76           34           4.23570E-09  
Se77         77           34           1.61570E-09  
Se78         78           34           5.92540E-09  
Se79         79           34           1.90830E-09  
Se80         80           34           1.26180E-08  
Se81         81           34           0.00000E+00  
Se82         82           34           1.00040E-09  
Br79         79           35           3.11250E-10  
Br80         80           35           0.00000E+00  
Br81         81           35           1.73530E-09  
Br82         82           35           0.00000E+00  
Br83         83           35           0.00000E+00  
Br84         84           35           0.00000E+00  
Kr80         80           36           2.85880E-10  
Kr81         81           36           5.77030E-11  
Kr82         82           36           5.42770E-09  
Kr83         83           36           1.84720E-09  
Kr84         84           36           1.26110E-08  
Kr85         85           36           1.03730E-13  
Kr86         86           36           1.77350E-08  
Kr87         87           36           0.00000E+00  
Kr88         88           36           0.00000E+00  
Rb85         85           37           4.37360E-09  
Rb86         86           37           0.00000E+00  
Rb87         87           37           8.88100E-09  
Rb88         88           37           0.00000E+00  
Sr86         86           38           1.86580E-09  
Sr87         87           38           7.18360E-10  
Sr88         88           38           1.61540E-08  
Sr89         89           38           0.00000E+00  
Sr90         90           38           3.19540E-13  
Sr91         91           38           0.00000E+00  
Sr92         92           38           0.00000E+00  
Y89          89           39           4.11730E-09  
Y90          90           39           0.00000E+00  
Y91          91           39           0.00000E+00  
Y92          92           39           0.00000E+00  
Y93          93           39           0.00000E+00  
Zr90         90           40           2.79350E-09  
Zr91         91           40           9.38290E-10  
Zr92         92           40           1.60640E-09  
Zr93         93           40           5.38180E-10  
Zr94         94           40           1.84150E-09  
Zr95         95           40           0.00000E+00  
Zr96         96           40           2.26770E-09  
Zr97         97           40           0.00000E+00  
Nb93         93           41           -5.67050E-12 
Nb94         94           41           0.00000E+00  
Nb95         95           41           0.00000E+00  
Nb96         96           41           0.00000E+00  
Nb97         97           41           0.00000E+00  
Mo92         92           42           -5.27320E-12 
Mo93         93           42           0.00000E+00  
Mo94         94           42           1.36770E-11  
Mo95         95           42           2.41150E-10  
Mo96         96           42           3.21010E-10  
Mo97         97           42           1.74130E-10  
Mo98         98           42           5.03170E-10  
Mo99         99           42           0.00000E+00  
Mo00         100          42           5.03190E-11  
Tc97         97           43           5.07610E-13  
Tc98         98           43           0.00000E+00  
Tc99         99           43           6.31560E-11  
Ru96         96           44           -2.06690E-12 
Ru97         97           44           0.00000E+00  
Ru98         98           44           -1.50380E-13 
Ru99         99           44           4.22420E-12  
Ru00         100          44           2.12020E-10  
Ru01         101          44           3.89720E-11  
Ru02         102          44           2.37610E-10  
Ru03         103          44           0.00000E+00  
Ru04         104          44           3.86310E-11  
Ru05         105          44           0.00000E+00  
Ru06         106          44           0.00000E+00  
Rh03         103          45           4.20380E-11  
Rh05         105          45           0.00000E+00  
Pd04         104          46           1.41890E-10  
Pd05         105          46           2.96370E-11  
Pd06         106          46           1.76870E-10  
Pd07         107          46           3.69020E-11  
Pd08         108          46           1.96800E-10  
Pd09         109          46           0.00000E+00  
Pd10         110          46           3.67350E-11  
Ag07         107          47           -8.94820E-12 
Ag09         109          47           4.49740E-11  
Ag11         111          47           0.00000E+00  
Cd08         108          48           8.02890E-12  
Cd09         109          48           0.00000E+00  
Cd10         110          48           1.49980E-10  
Cd11         111          48           5.09210E-11  
Cd12         112          48           2.01820E-10  
Cd13         113          48           5.47100E-11  
Cd14         114          48           2.75090E-10  
Cd15         115          48           0.00000E+00  
Cd16         116          48           1.00590E-10  
In13         113          49           -3.86800E-13 
In15         115          49           5.31870E-11  
Sn14         114          50           -2.14540E-13 
Sn15         115          50           0.00000E+00  
Sn16         116          50           2.90340E-10  
Sn17         117          50           1.02310E-10  
Sn18         118          50           4.73840E-10  
Sn19         119          50           1.34170E-10  
Sn20         120          50           7.04420E-10  
Sn21         121          50           0.00000E+00  
Sn22         122          50           3.86290E-10  
Sn23         123          50           0.00000E+00  
Sn24         124          50           1.36720E-10  
Sb21         121          51           5.31060E-11  
Sb22         122          51           0.00000E+00  
Sb23         123          51           3.74280E-11  
Sb24         124          51           0.00000E+00  
Sb25         125          51           0.00000E+00  
Te22         122          52           7.70970E-11  
Te23         123          52           2.54130E-11  
Te24         124          52           1.98180E-10  
Te25         125          52           5.98880E-11  
Te26         126          52           3.54200E-10  
Te27         127          52           0.00000E+00  
Te28         128          52           5.58800E-11  
Te30         130          52           -1.06380E-11 
I127         127          53           4.56300E-12  
I128         128          53           0.00000E+00  
I129         129          53           2.94530E-12  
I130         130          53           0.00000E+00  
I131         131          53           0.00000E+00  
I132         132          53           0.00000E+00  
I133         133          53           0.00000E+00  
Xe28         128          54           1.35040E-10  
Xe29         129          54           -1.80960E-11 
Xe30         130          54           2.78920E-10  
Xe31         131          54           1.98920E-11  
Xe32         132          54           4.25390E-10  
Xe33         133          54           0.00000E+00  
Xe34         134          54           3.10720E-10  
Xe35         135          54           0.00000E+00  
Xe36         136          54           1.62490E-10  
Cs33         133          55           5.14510E-11  
Cs34         134          55           0.00000E+00  
Cs35         135          55           7.45000E-11  
Cs36         136          55           0.00000E+00  
Cs37         137          55           1.44910E-13  
Ba34         134          56           1.19100E-10  
Ba35         135          56           2.20020E-11  
Ba36         136          56           3.32110E-10  
Ba37         137          56           8.27590E-10  
Ba38         138          56           3.62970E-09  
Ba39         139          56           0.00000E+00  
Ba40         140          56           0.00000E+00  
La39         139          57           4.37630E-10  
La40         140          57           0.00000E+00  
Ce40         140          58           8.71350E-10  
Ce41         141          58           0.00000E+00  
Ce42         142          58           2.85110E-10  
Ce43         143          58           0.00000E+00  
Ce44         144          58           0.00000E+00  
Pr41         141          59           1.11740E-10  
Pr42         142          59           0.00000E+00  
Pr43         143          59           0.00000E+00  
Pr45         145          59           0.00000E+00  
Nd42         142          60           1.43520E-10  
Nd43         143          60           5.61400E-11  
Nd44         144          60           2.40760E-10  
Nd45         145          60           4.33070E-11  
Nd46         146          60           2.14990E-10  
Nd47         147          60           0.00000E+00  
Nd48         148          60           5.38040E-11  
Nd49         149          60           0.00000E+00  
Nd50         150          60           1.31430E-12  
Pm45         145          61           0.00000E+00  
Pm46         146          61           0.00000E+00  
Pm47         147          61           0.00000E+00  
Pm48         148          61           0.00000E+00  
Pm49         149          61           0.00000E+00  
Pm50         150          61           0.00000E+00  
Pm51         151          61           0.00000E+00  
Sm44         144          62           -1.43530E-13 
Sm45         145          62           0.00000E+00  
Sm46         146          62           0.00000E+00  
Sm47         147          62           2.51630E-11  
Sm48         148          62           4.58860E-11  
Sm49         149          62           1.00470E-11  
Sm50         150          62           4.87610E-11  
Sm51         151          62           0.00000E+00  
Sm52         152          62           3.95130E-11  
Sm53         153          62           0.00000E+00  
Sm54         154          62           2.40830E-11  
Eu51         151          63           3.70250E-12  
Eu52         152          63           0.00000E+00  
Eu53         153          63           5.66230E-12  
Eu54         154          63           0.00000E+00  
Eu55         155          63           0.00000E+00  
Eu56         156          63           0.00000E+00  
Eu57         157          63           0.00000E+00  
Gd52         152          64           2.28370E-12  
Gd53         153          64           0.00000E+00  
Gd54         154          64           1.41330E-11  
Gd55         155          64           1.01970E-11  
Gd56         156          64           3.72430E-11  
Gd57         157          64           1.58460E-11  
Gd58         158          64           7.20520E-11  
Gd59         159          64           0.00000E+00  
Gd60         160          64           2.03000E-11  
Tb59         159          65           1.34800E-11  
Tb60         160          65           0.00000E+00  
Tb61         161          65           0.00000E+00  
Dy60         160          66           2.40990E-11  
Dy61         161          66           8.72420E-12  
Dy62         162          66           5.32000E-11  
Dy63         163          66           1.01070E-11  
Dy64         164          66           8.10880E-11  
Dy65         165          66           0.00000E+00  
Dy66         166          66           0.00000E+00  
Ho63         163          67           1.28850E-12  
Ho64         164          67           0.00000E+00  
Ho65         165          67           1.76910E-11  
Ho66         166          67           0.00000E+00  
Er64         164          68           1.05240E-11  
Er65         165          68           0.00000E+00  
Er66         166          68           3.34290E-11  
Er67         167          68           1.43100E-11  
Er68         168          68           6.77800E-11  
Er69         169          68           0.00000E+00  
Er70         170          68           4.03840E-11  
Er71         171          68           0.00000E+00  
Er72         172          68           0.00000E+00  
Tm69         169          69           1.77890E-11  
Tm70         170          69           0.00000E+00  
Tm71         171          69           0.00000E+00  
Tm72         172          69           0.00000E+00  
Tm73         173          69           0.00000E+00  
Yb70         170          70           1.86520E-11  
Yb71         171          70           3.07430E-11  
Yb72         172          70           6.70580E-11  
Yb73         173          70           3.21420E-11  
Yb74         174          70           1.51920E-10  
Yb75         175          70           0.00000E+00  
Yb76         176          70           4.70840E-11  
Yb77         177          70           0.00000E+00  
Lu75         175          71           2.02540E-11  
Lu76         176          71           3.72330E-12  
Lu77         177          71           0.00000E+00  
Hf76         176          72           2.57710E-11  
Hf77         177          72           1.77610E-11  
Hf78         178          72           8.63400E-11  
Hf79         179          72           2.92800E-11  
Hf80         180          72           1.58930E-10  
Hf81         181          72           0.00000E+00  
Hf82         182          72           2.88090E-11  
Hf83         183          72           0.00000E+00  
Hf84         184          72           0.00000E+00  
Ta79         179          73           0.00000E+00  
Ta80         180          73           0.00000E+00  
Ta81         181          73           3.48300E-11  
Ta82         182          73           0.00000E+00  
Ta83         183          73           0.00000E+00  
Ta84         184          73           0.00000E+00  
W180         180          74           0.00000E+00  
W181         181          74           0.00000E+00  
W182         182          74           4.79950E-11  
W183         183          74           4.22370E-11  
W184         184          74           1.03520E-10  
W185         185          74           0.00000E+00  
W186         186          74           8.33460E-11  
W187         187          74           0.00000E+00  
W188         188          74           0.00000E+00  
Re85         185          75           2.23330E-11  
Re86         186          75           0.00000E+00  
Re87         187          75           1.29300E-11  
Re88         188          75           0.00000E+00  
Re89         189          75           0.00000E+00  
Os86         186          76           2.80000E-11  
Os87         187          76           9.10850E-12  
Os88         188          76           6.65570E-11  
Os89         189          76           1.03090E-11  
Os90         190          76           9.34710E-11  
Os91         191          76           0.00000E+00  
Os92         192          76           1.80640E-11  
Os93         193          76           0.00000E+00  
Os94         194          76           0.00000E+00  
Ir91         191          77           4.44810E-13  
Ir92         192          77           0.00000E+00  
Ir93         193          77           6.57570E-13  
Ir94         194          77           0.00000E+00  
Ir95         195          77           0.00000E+00  
Pt92         192          78           3.68260E-11  
Pt93         193          78           0.00000E+00  
Pt94         194          78           1.48770E-10  
Pt95         195          78           2.69950E-11  
Pt96         196          78           2.07200E-10  
Pt97         197          78           0.00000E+00  
Pt98         198          78           3.69660E-11  
Au97         197          79           4.46670E-11  
Au98         198          79           0.00000E+00  
Au99         199          79           0.00000E+00  
Hg98         198          80           1.46790E-10  
Hg99         199          80           7.08520E-11  
Hg00         200          80           2.21310E-10  
Hg01         201          80           9.35210E-11  
Hg02         202          80           2.99640E-10  
Hg03         203          80           0.00000E+00  
Hg04         204          80           3.38460E-11  
Tl03         203          81           1.57780E-10  
Tl04         204          81           0.00000E+00  
Tl05         205          81           1.76960E-10  
Pb04         204          82           1.56250E-10  
Pb05         205          82           4.97970E-11  
Pb06         206          82           1.21380E-09  
Pb07         207          82           1.65140E-09  
Pb08         208          82           1.18760E-08  
Pb09         209          82           0.00000E+00  
Pb10         210          82           0.00000E+00  
Bi09         209          83           6.93420E-10  
Bi10         210          83           0.00000E+00  
Po10         210          84           0.00000E+00  
