Isotope      A            Z            YIELD 
H            1            1            -2.24080E-02 
He4          4            2            2.00310E-02  
C12          12           6            1.07230E-03  
C13          13           6            3.63640E-05  
C14          14           6            2.75730E-11  
N14          14           7            7.02230E-04  
N15          15           7            -1.00100E-06 
O16          16           8            6.77710E-06  
O17          17           8            4.31020E-06  
O18          18           8            -2.66820E-06 
F18          18           9            0.00000E+00  
F19          19           9            1.16220E-07  
Ne20         20           10           -9.51990E-07 
Ne21         21           10           1.14000E-08  
Ne22         22           10           1.17180E-04  
Na22         22           11           0.00000E+00  
Na23         23           11           3.74780E-06  
Na24         24           11           0.00000E+00  
Mg24         24           12           1.30690E-06  
Mg25         25           12           -2.73370E-07 
Mg26         26           12           3.90560E-07  
Al26         26           13           1.31300E-07  
Al27         27           13           2.40410E-07  
Si28         28           14           -1.49390E-08 
Si29         29           14           1.36840E-08  
Si30         30           14           1.10460E-07  
Si31         31           14           0.00000E+00  
Si32         32           14           0.00000E+00  
P31          31           15           5.65910E-08  
P32          32           15           0.00000E+00  
P33          33           15           0.00000E+00  
S32          32           16           -1.31660E-07 
S33          33           16           1.55380E-08  
S34          34           16           5.63930E-08  
S35          35           16           0.00000E+00  
S36          36           16           4.20440E-09  
Cl35         35           17           -4.53820E-09 
Cl36         36           17           3.82470E-10  
Cl37         37           17           3.92500E-08  
Ar36         36           18           -9.99740E-08 
Ar37         37           18           0.00000E+00  
Ar38         38           18           2.95930E-08  
Ar39         39           18           6.39050E-13  
Ar40         40           18           3.27840E-09  
Ar41         41           18           0.00000E+00  
Ar42         42           18           0.00000E+00  
K39          39           19           5.62350E-09  
K40          40           19           -1.12970E-09 
K41          41           19           8.33260E-09  
K42          42           19           0.00000E+00  
K43          43           19           0.00000E+00  
Ca40         40           20           -5.73670E-08 
Ca41         41           20           8.94870E-10  
Ca42         42           20           5.46740E-09  
Ca43         43           20           9.40440E-10  
Ca44         44           20           3.15660E-09  
Ca45         45           20           0.00000E+00  
Ca46         46           20           2.36800E-10  
Ca47         47           20           0.00000E+00  
Ca48         48           20           -2.95410E-11 
Sc45         45           21           8.65960E-10  
Sc46         46           21           0.00000E+00  
Sc47         47           21           0.00000E+00  
Sc48         48           21           0.00000E+00  
Sc49         49           21           0.00000E+00  
Ti46         46           22           1.16660E-09  
Ti47         47           22           -2.25290E-10 
Ti48         48           22           -4.59770E-09 
Ti49         49           22           4.51770E-09  
Ti50         50           22           8.04370E-09  
V50          50           23           -3.07590E-12 
V51          51           23           -1.99940E-10 
Cr50         50           24           -2.49630E-09 
Cr51         51           24           0.00000E+00  
Cr52         52           24           -1.02430E-08 
Cr53         53           24           -2.72900E-09 
Cr54         54           24           1.16710E-08  
Mn55         55           25           2.08650E-08  
Mn56         56           25           0.00000E+00  
Fe54         54           26           -1.94370E-07 
Fe55         55           26           2.58870E-13  
Fe56         56           26           -1.03270E-06 
Fe57         57           26           3.82960E-07  
Fe58         58           26           4.74880E-07  
Fe59         59           26           0.00000E+00  
Fe60         60           26           8.30700E-09  
Co59         59           27           9.87510E-08  
Co60         60           27           0.00000E+00  
Ni58         58           28           -1.28210E-07 
Ni59         59           28           4.18260E-09  
Ni60         60           28           3.67840E-08  
Ni61         61           28           3.07720E-08  
Ni62         62           28           4.96000E-08  
Ni63         63           28           1.46260E-13  
Ni64         64           28           3.60670E-08  
Ni65         65           28           0.00000E+00  
Ni66         66           28           0.00000E+00  
Cu63         63           29           1.75210E-08  
Cu64         64           29           0.00000E+00  
Cu65         65           29           1.06430E-08  
Cu66         66           29           0.00000E+00  
Cu67         67           29           0.00000E+00  
Zn64         64           30           3.31680E-09  
Zn65         65           30           0.00000E+00  
Zn66         66           30           1.10480E-08  
Zn67         67           30           2.61870E-09  
Zn68         68           30           1.55080E-08  
Zn69         69           30           0.00000E+00  
Zn70         70           30           -1.96010E-11 
Ga69         69           31           2.99760E-09  
Ga70         70           31           0.00000E+00  
Ga71         71           31           3.14010E-09  
Ga72         72           31           0.00000E+00  
Ga73         73           31           0.00000E+00  
Ge70         70           32           5.31420E-09  
Ge71         71           32           0.00000E+00  
Ge72         72           32           5.76610E-09  
Ge73         73           32           1.59410E-09  
Ge74         74           32           8.14380E-09  
Ge75         75           32           0.00000E+00  
Ge76         76           32           -3.20940E-11 
Ge77         77           32           0.00000E+00  
As75         75           33           7.15470E-10  
As76         76           33           0.00000E+00  
As77         77           33           0.00000E+00  
Se76         76           34           2.97150E-09  
Se77         77           34           1.19010E-09  
Se78         78           34           4.46100E-09  
Se79         79           34           6.78230E-10  
Se80         80           34           9.71660E-09  
Se81         81           34           0.00000E+00  
Se82         82           34           -4.27060E-12 
Br79         79           35           6.62740E-10  
Br80         80           35           0.00000E+00  
Br81         81           35           1.49250E-09  
Br82         82           35           0.00000E+00  
Br83         83           35           0.00000E+00  
Br84         84           35           0.00000E+00  
Kr80         80           36           6.89860E-10  
Kr81         81           36           1.48530E-10  
Kr82         82           36           5.61680E-09  
Kr83         83           36           1.84180E-09  
Kr84         84           36           1.23630E-08  
Kr85         85           36           0.00000E+00  
Kr86         86           36           3.13480E-09  
Kr87         87           36           0.00000E+00  
Kr88         88           36           0.00000E+00  
Rb85         85           37           2.29350E-09  
Rb86         86           37           0.00000E+00  
Rb87         87           37           1.26450E-09  
Rb88         88           37           0.00000E+00  
Sr86         86           38           6.25040E-09  
Sr87         87           38           3.89710E-09  
Sr88         88           38           9.35780E-08  
Sr89         89           38           0.00000E+00  
Sr90         90           38           0.00000E+00  
Sr91         91           38           0.00000E+00  
Sr92         92           38           0.00000E+00  
Y89          89           39           1.96290E-08  
Y90          90           39           0.00000E+00  
Y91          91           39           0.00000E+00  
Y92          92           39           0.00000E+00  
Y93          93           39           0.00000E+00  
Zr90         90           40           2.13180E-08  
Zr91         91           40           5.10980E-09  
Zr92         92           40           8.64320E-09  
Zr93         93           40           2.58470E-09  
Zr94         94           40           1.19650E-08  
Zr95         95           40           0.00000E+00  
Zr96         96           40           7.17800E-10  
Zr97         97           40           0.00000E+00  
Nb93         93           41           3.88610E-10  
Nb94         94           41           0.00000E+00  
Nb95         95           41           0.00000E+00  
Nb96         96           41           0.00000E+00  
Nb97         97           41           0.00000E+00  
Mo92         92           42           -3.67020E-12 
Mo93         93           42           0.00000E+00  
Mo94         94           42           6.43340E-11  
Mo95         95           42           1.16800E-09  
Mo96         96           42           2.45430E-09  
Mo97         97           42           8.60760E-10  
Mo98         98           42           3.03850E-09  
Mo99         99           42           0.00000E+00  
Mo00         100          42           3.93740E-11  
Tc97         97           43           1.39750E-13  
Tc98         98           43           0.00000E+00  
Tc99         99           43           1.69780E-10  
Ru96         96           44           -1.25340E-12 
Ru97         97           44           0.00000E+00  
Ru98         98           44           -2.71060E-13 
Ru99         99           44           2.41760E-10  
Ru00         100          44           1.50080E-09  
Ru01         101          44           3.26190E-10  
Ru02         102          44           1.63680E-09  
Ru03         103          44           0.00000E+00  
Ru04         104          44           2.98410E-11  
Ru05         105          44           0.00000E+00  
Ru06         106          44           0.00000E+00  
Rh03         103          45           3.43800E-10  
Rh05         105          45           0.00000E+00  
Pd04         104          46           1.14540E-09  
Pd05         105          46           2.97010E-10  
Pd06         106          46           1.33780E-09  
Pd07         107          46           2.59270E-10  
Pd08         108          46           1.66920E-09  
Pd09         109          46           0.00000E+00  
Pd10         110          46           2.52600E-11  
Ag07         107          47           4.07090E-12  
Ag09         109          47           4.38310E-10  
Ag11         111          47           0.00000E+00  
Cd08         108          48           6.26450E-12  
Cd09         109          48           0.00000E+00  
Cd10         110          48           1.42350E-09  
Cd11         111          48           4.83460E-10  
Cd12         112          48           1.75090E-09  
Cd13         113          48           5.21450E-10  
Cd14         114          48           2.53840E-09  
Cd15         115          48           0.00000E+00  
Cd16         116          48           7.40650E-11  
In13         113          49           -1.47750E-13 
In15         115          49           5.02160E-10  
Sn14         114          50           -2.54610E-13 
Sn15         115          50           -1.30920E-13 
Sn16         116          50           3.49970E-09  
Sn17         117          50           1.07240E-09  
Sn18         118          50           4.59910E-09  
Sn19         119          50           1.41120E-09  
Sn20         120          50           7.18050E-09  
Sn21         121          50           0.00000E+00  
Sn22         122          50           1.08860E-10  
Sn23         123          50           0.00000E+00  
Sn24         124          50           5.36610E-13  
Sb21         121          51           5.50400E-10  
Sb22         122          51           0.00000E+00  
Sb23         123          51           3.29160E-11  
Sb24         124          51           0.00000E+00  
Sb25         125          51           0.00000E+00  
Te22         122          52           9.43090E-10  
Te23         123          52           3.41710E-10  
Te24         124          52           1.81770E-09  
Te25         125          52           6.16940E-10  
Te26         126          52           3.31120E-09  
Te27         127          52           0.00000E+00  
Te28         128          52           3.89850E-10  
Te30         130          52           -8.87000E-12 
I127         127          53           4.17660E-10  
I128         128          53           0.00000E+00  
I129         129          53           6.08850E-12  
I130         130          53           0.00000E+00  
I131         131          53           0.00000E+00  
I132         132          53           0.00000E+00  
I133         133          53           0.00000E+00  
Xe28         128          54           1.03110E-09  
Xe29         129          54           4.00000E-10  
Xe30         130          54           2.20360E-09  
Xe31         131          54           5.83940E-10  
Xe32         132          54           4.10710E-09  
Xe33         133          54           0.00000E+00  
Xe34         134          54           8.77040E-11  
Xe35         135          54           0.00000E+00  
Xe36         136          54           -1.35720E-13 
Cs33         133          55           5.35520E-10  
Cs34         134          55           0.00000E+00  
Cs35         135          55           1.54470E-10  
Cs36         136          55           0.00000E+00  
Cs37         137          55           0.00000E+00  
Ba34         134          56           1.51610E-09  
Ba35         135          56           5.31910E-10  
Ba36         136          56           3.88920E-09  
Ba37         137          56           3.08300E-09  
Ba38         138          56           2.29610E-08  
Ba39         139          56           0.00000E+00  
Ba40         140          56           0.00000E+00  
La39         139          57           2.58730E-09  
La40         140          57           0.00000E+00  
Ce40         140          58           5.52830E-09  
Ce41         141          58           0.00000E+00  
Ce42         142          58           1.95690E-11  
Ce43         143          58           0.00000E+00  
Ce44         144          58           0.00000E+00  
Pr41         141          59           4.21500E-10  
Pr42         142          59           0.00000E+00  
Pr43         143          59           0.00000E+00  
Pr45         145          59           0.00000E+00  
Nd42         142          60           1.20510E-09  
Nd43         143          60           1.54810E-10  
Nd44         144          60           4.82630E-10  
Nd45         145          60           8.40130E-11  
Nd46         146          60           4.50320E-10  
Nd47         147          60           0.00000E+00  
Nd48         148          60           9.77850E-12  
Nd49         149          60           0.00000E+00  
Nd50         150          60           -8.13450E-13 
Pm45         145          61           0.00000E+00  
Pm46         146          61           0.00000E+00  
Pm47         147          61           0.00000E+00  
Pm48         148          61           0.00000E+00  
Pm49         149          61           0.00000E+00  
Pm50         150          61           0.00000E+00  
Pm51         151          61           0.00000E+00  
Sm44         144          62           -1.11950E-13 
Sm45         145          62           0.00000E+00  
Sm46         146          62           0.00000E+00  
Sm47         147          62           4.47590E-11  
Sm48         148          62           1.47380E-10  
Sm49         149          62           1.90530E-11  
Sm50         150          62           8.61290E-11  
Sm51         151          62           0.00000E+00  
Sm52         152          62           5.99960E-11  
Sm53         153          62           0.00000E+00  
Sm54         154          62           3.03050E-12  
Eu51         151          63           1.07230E-11  
Eu52         152          63           0.00000E+00  
Eu53         153          63           1.03140E-11  
Eu54         154          63           0.00000E+00  
Eu55         155          63           0.00000E+00  
Eu56         156          63           0.00000E+00  
Eu57         157          63           0.00000E+00  
Gd52         152          64           2.96810E-12  
Gd53         153          64           0.00000E+00  
Gd54         154          64           2.46660E-11  
Gd55         155          64           1.37040E-11  
Gd56         156          64           5.65200E-11  
Gd57         157          64           2.61190E-11  
Gd58         158          64           1.09980E-10  
Gd59         159          64           0.00000E+00  
Gd60         160          64           9.25550E-13  
Tb59         159          65           2.31290E-11  
Tb60         160          65           0.00000E+00  
Tb61         161          65           0.00000E+00  
Dy60         160          66           3.87130E-11  
Dy61         161          66           1.60050E-11  
Dy62         162          66           7.79960E-11  
Dy63         163          66           2.42090E-11  
Dy64         164          66           1.42870E-10  
Dy65         165          66           0.00000E+00  
Dy66         166          66           0.00000E+00  
Ho63         163          67           0.00000E+00  
Ho64         164          67           0.00000E+00  
Ho65         165          67           3.03630E-11  
Ho66         166          67           0.00000E+00  
Er64         164          68           1.07640E-11  
Er65         165          68           0.00000E+00  
Er66         166          68           6.13340E-11  
Er67         167          68           2.60690E-11  
Er68         168          68           1.05840E-10  
Er69         169          68           0.00000E+00  
Er70         170          68           6.41550E-12  
Er71         171          68           0.00000E+00  
Er72         172          68           0.00000E+00  
Tm69         169          69           2.53760E-11  
Tm70         170          69           0.00000E+00  
Tm71         171          69           0.00000E+00  
Tm72         172          69           0.00000E+00  
Tm73         173          69           0.00000E+00  
Yb70         170          70           3.82630E-11  
Yb71         171          70           3.43500E-11  
Yb72         172          70           1.08150E-10  
Yb73         173          70           4.79130E-11  
Yb74         174          70           2.23630E-10  
Yb75         175          70           0.00000E+00  
Yb76         176          70           4.17920E-12  
Yb77         177          70           0.00000E+00  
Lu75         175          71           2.91740E-11  
Lu76         176          71           4.43010E-12  
Lu77         177          71           0.00000E+00  
Hf76         176          72           4.23890E-11  
Hf77         177          72           2.31640E-11  
Hf78         178          72           1.07880E-10  
Hf79         179          72           3.58590E-11  
Hf80         180          72           1.99700E-10  
Hf81         181          72           0.00000E+00  
Hf82         182          72           2.25460E-12  
Hf83         183          72           0.00000E+00  
Hf84         184          72           0.00000E+00  
Ta79         179          73           0.00000E+00  
Ta80         180          73           0.00000E+00  
Ta81         181          73           3.89550E-11  
Ta82         182          73           0.00000E+00  
Ta83         183          73           0.00000E+00  
Ta84         184          73           0.00000E+00  
W180         180          74           0.00000E+00  
W181         181          74           0.00000E+00  
W182         182          74           1.01930E-10  
W183         183          74           5.56380E-11  
W184         184          74           1.45830E-10  
W185         185          74           0.00000E+00  
W186         186          74           2.02040E-11  
W187         187          74           0.00000E+00  
W188         188          74           0.00000E+00  
Re85         185          75           2.55210E-11  
Re86         186          75           0.00000E+00  
Re87         187          75           -4.69290E-11 
Re88         188          75           0.00000E+00  
Re89         189          75           0.00000E+00  
Os86         186          76           6.23060E-11  
Os87         187          76           7.06540E-11  
Os88         188          76           6.99180E-11  
Os89         189          76           1.59650E-11  
Os90         190          76           8.93650E-11  
Os91         191          76           0.00000E+00  
Os92         192          76           -3.56510E-13 
Os93         193          76           0.00000E+00  
Os94         194          76           0.00000E+00  
Ir91         191          77           1.23580E-11  
Ir92         192          77           0.00000E+00  
Ir93         193          77           1.16000E-11  
Ir94         194          77           0.00000E+00  
Ir95         195          77           0.00000E+00  
Pt92         192          78           4.71590E-11  
Pt93         193          78           0.00000E+00  
Pt94         194          78           1.09480E-10  
Pt95         195          78           3.19640E-11  
Pt96         196          78           1.72340E-10  
Pt97         197          78           0.00000E+00  
Pt98         198          78           -7.18300E-13 
Au97         197          79           4.02390E-11  
Au98         198          79           0.00000E+00  
Au99         199          79           0.00000E+00  
Hg98         198          80           1.40200E-10  
Hg99         199          80           5.81500E-11  
Hg00         200          80           2.02790E-10  
Hg01         201          80           8.02650E-11  
Hg02         202          80           3.36000E-10  
Hg03         203          80           0.00000E+00  
Hg04         204          80           2.23610E-13  
Tl03         203          81           1.38280E-10  
Tl04         204          81           0.00000E+00  
Tl05         205          81           3.50910E-10  
Pb04         204          82           2.41590E-10  
Pb05         205          82           2.15680E-11  
Pb06         206          82           1.05640E-09  
Pb07         207          82           1.17980E-09  
Pb08         208          82           1.64050E-09  
Pb09         209          82           0.00000E+00  
Pb10         210          82           0.00000E+00  
Bi09         209          83           8.17400E-12  
Bi10         210          83           0.00000E+00  
Po10         210          84           0.00000E+00  
