Isotope      A            Z            YIELD 
H            1            1            -2.40160E-02 
He4          4            2            2.13750E-02  
C12          12           6            1.62800E-03  
C13          13           6            2.07780E-05  
C14          14           6            3.03100E-11  
N14          14           7            4.40970E-04  
N15          15           7            -6.19560E-07 
O16          16           8            3.15340E-05  
O17          17           8            3.87500E-06  
O18          18           8            -1.70460E-06 
F18          18           9            0.00000E+00  
F19          19           9            1.20240E-07  
Ne20         20           10           -9.52230E-07 
Ne21         21           10           2.37080E-08  
Ne22         22           10           1.05340E-04  
Na22         22           11           0.00000E+00  
Na23         23           11           3.00420E-06  
Na24         24           11           0.00000E+00  
Mg24         24           12           1.54950E-06  
Mg25         25           12           -1.38640E-07 
Mg26         26           12           1.81610E-07  
Al26         26           13           7.78790E-08  
Al27         27           13           2.65570E-07  
Si28         28           14           1.89140E-09  
Si29         29           14           8.64340E-09  
Si30         30           14           6.91510E-08  
Si31         31           14           0.00000E+00  
Si32         32           14           0.00000E+00  
P31          31           15           5.62600E-08  
P32          32           15           0.00000E+00  
P33          33           15           0.00000E+00  
S32          32           16           -1.02150E-07 
S33          33           16           1.16660E-08  
S34          34           16           4.28740E-08  
S35          35           16           0.00000E+00  
S36          36           16           3.40230E-09  
Cl35         35           17           -3.43640E-09 
Cl36         36           17           1.62530E-10  
Cl37         37           17           2.71160E-08  
Ar36         36           18           -7.56700E-08 
Ar37         37           18           0.00000E+00  
Ar38         38           18           2.02580E-08  
Ar39         39           18           5.86620E-13  
Ar40         40           18           2.73050E-09  
Ar41         41           18           0.00000E+00  
Ar42         42           18           0.00000E+00  
K39          39           19           4.07480E-09  
K40          40           19           -3.02410E-10 
K41          41           19           5.86670E-09  
K42          42           19           0.00000E+00  
K43          43           19           0.00000E+00  
Ca40         40           20           -4.16890E-08 
Ca41         41           20           3.14110E-10  
Ca42         42           20           3.95110E-09  
Ca43         43           20           7.09050E-10  
Ca44         44           20           2.58530E-09  
Ca45         45           20           0.00000E+00  
Ca46         46           20           1.91700E-10  
Ca47         47           20           0.00000E+00  
Ca48         48           20           -2.47960E-11 
Sc45         45           21           7.04500E-10  
Sc46         46           21           0.00000E+00  
Sc47         47           21           0.00000E+00  
Sc48         48           21           0.00000E+00  
Sc49         49           21           0.00000E+00  
Ti46         46           22           9.33370E-10  
Ti47         47           22           -1.27690E-10 
Ti48         48           22           -3.27640E-09 
Ti49         49           22           3.34730E-09  
Ti50         50           22           8.59710E-09  
V50          50           23           -2.23110E-12 
V51          51           23           -8.97580E-11 
Cr50         50           24           -1.80570E-09 
Cr51         51           24           0.00000E+00  
Cr52         52           24           -7.51810E-09 
Cr53         53           24           -1.89590E-09 
Cr54         54           24           8.78890E-09  
Mn55         55           25           1.41820E-08  
Mn56         56           25           0.00000E+00  
Fe54         54           26           -1.46200E-07 
Fe55         55           26           1.57000E-13  
Fe56         56           26           -7.94910E-07 
Fe57         57           26           2.78420E-07  
Fe58         58           26           3.48250E-07  
Fe59         59           26           0.00000E+00  
Fe60         60           26           8.21360E-09  
Co59         59           27           8.08550E-08  
Co60         60           27           0.00000E+00  
Ni58         58           28           -9.28230E-08 
Ni59         59           28           1.55030E-09  
Ni60         60           28           2.77300E-08  
Ni61         61           28           2.27160E-08  
Ni62         62           28           3.00660E-08  
Ni63         63           28           1.52520E-13  
Ni64         64           28           2.55770E-08  
Ni65         65           28           0.00000E+00  
Ni66         66           28           0.00000E+00  
Cu63         63           29           1.82550E-08  
Cu64         64           29           0.00000E+00  
Cu65         65           29           8.23130E-09  
Cu66         66           29           0.00000E+00  
Cu67         67           29           0.00000E+00  
Zn64         64           30           1.36550E-09  
Zn65         65           30           0.00000E+00  
Zn66         66           30           6.03610E-09  
Zn67         67           30           1.47990E-09  
Zn68         68           30           8.73680E-09  
Zn69         69           30           0.00000E+00  
Zn70         70           30           -1.62870E-11 
Ga69         69           31           1.67590E-09  
Ga70         70           31           0.00000E+00  
Ga71         71           31           1.74990E-09  
Ga72         72           31           0.00000E+00  
Ga73         73           31           0.00000E+00  
Ge70         70           32           2.96420E-09  
Ge71         71           32           0.00000E+00  
Ge72         72           32           3.17560E-09  
Ge73         73           32           8.99380E-10  
Ge74         74           32           6.36480E-09  
Ge75         75           32           0.00000E+00  
Ge76         76           32           -1.81410E-11 
Ge77         77           32           0.00000E+00  
As75         75           33           6.29040E-10  
As76         76           33           0.00000E+00  
As77         77           33           0.00000E+00  
Se76         76           34           1.61110E-09  
Se77         77           34           6.39000E-10  
Se78         78           34           4.40690E-09  
Se79         79           34           2.35140E-10  
Se80         80           34           5.14750E-09  
Se81         81           34           0.00000E+00  
Se82         82           34           -5.18280E-12 
Br79         79           35           4.65350E-10  
Br80         80           35           0.00000E+00  
Br81         81           35           1.08920E-09  
Br82         82           35           0.00000E+00  
Br83         83           35           0.00000E+00  
Br84         84           35           0.00000E+00  
Kr80         80           36           3.83860E-10  
Kr81         81           36           6.06920E-11  
Kr82         82           36           3.08210E-09  
Kr83         83           36           1.02520E-09  
Kr84         84           36           6.70390E-09  
Kr85         85           36           0.00000E+00  
Kr86         86           36           2.44950E-09  
Kr87         87           36           0.00000E+00  
Kr88         88           36           0.00000E+00  
Rb85         85           37           1.30010E-09  
Rb86         86           37           0.00000E+00  
Rb87         87           37           7.73680E-10  
Rb88         88           37           0.00000E+00  
Sr86         86           38           3.39640E-09  
Sr87         87           38           2.09010E-09  
Sr88         88           38           6.34470E-08  
Sr89         89           38           0.00000E+00  
Sr90         90           38           0.00000E+00  
Sr91         91           38           0.00000E+00  
Sr92         92           38           0.00000E+00  
Y89          89           39           1.41090E-08  
Y90          90           39           0.00000E+00  
Y91          91           39           0.00000E+00  
Y92          92           39           0.00000E+00  
Y93          93           39           0.00000E+00  
Zr90         90           40           1.72070E-08  
Zr91         91           40           4.08180E-09  
Zr92         92           40           6.86190E-09  
Zr93         93           40           2.07380E-09  
Zr94         94           40           1.06360E-08  
Zr95         95           40           0.00000E+00  
Zr96         96           40           1.12640E-09  
Zr97         97           40           0.00000E+00  
Nb93         93           41           4.98190E-10  
Nb94         94           41           0.00000E+00  
Nb95         95           41           0.00000E+00  
Nb96         96           41           0.00000E+00  
Nb97         97           41           0.00000E+00  
Mo92         92           42           -2.65120E-12 
Mo93         93           42           0.00000E+00  
Mo94         94           42           6.72850E-11  
Mo95         95           42           1.12770E-09  
Mo96         96           42           2.29140E-09  
Mo97         97           42           8.01790E-10  
Mo98         98           42           2.74160E-09  
Mo99         99           42           0.00000E+00  
Mo00         100          42           4.93360E-11  
Tc97         97           43           0.00000E+00  
Tc98         98           43           0.00000E+00  
Tc99         99           43           1.03300E-10  
Ru96         96           44           -8.77480E-13 
Ru97         97           44           0.00000E+00  
Ru98         98           44           -1.98200E-13 
Ru99         99           44           2.65680E-10  
Ru00         100          44           1.34820E-09  
Ru01         101          44           2.95130E-10  
Ru02         102          44           1.85450E-09  
Ru03         103          44           0.00000E+00  
Ru04         104          44           3.68200E-11  
Ru05         105          44           0.00000E+00  
Ru06         106          44           0.00000E+00  
Rh03         103          45           3.32320E-10  
Rh05         105          45           0.00000E+00  
Pd04         104          46           1.05610E-09  
Pd05         105          46           2.76200E-10  
Pd06         106          46           1.27280E-09  
Pd07         107          46           2.41900E-10  
Pd08         108          46           1.61250E-09  
Pd09         109          46           0.00000E+00  
Pd10         110          46           3.34210E-11  
Ag07         107          47           9.04200E-12  
Ag09         109          47           4.67960E-10  
Ag11         111          47           0.00000E+00  
Cd08         108          48           5.93710E-12  
Cd09         109          48           0.00000E+00  
Cd10         110          48           1.36400E-09  
Cd11         111          48           4.67580E-10  
Cd12         112          48           1.74830E-09  
Cd13         113          48           5.19910E-10  
Cd14         114          48           2.59750E-09  
Cd15         115          48           0.00000E+00  
Cd16         116          48           1.19500E-10  
In13         113          49           0.00000E+00  
In15         115          49           5.14680E-10  
Sn14         114          50           0.00000E+00  
Sn15         115          50           0.00000E+00  
Sn16         116          50           3.67760E-09  
Sn17         117          50           1.14200E-09  
Sn18         118          50           5.12070E-09  
Sn19         119          50           1.60770E-09  
Sn20         120          50           8.52880E-09  
Sn21         121          50           0.00000E+00  
Sn22         122          50           2.64480E-10  
Sn23         123          50           0.00000E+00  
Sn24         124          50           2.99600E-12  
Sb21         121          51           6.51290E-10  
Sb22         122          51           0.00000E+00  
Sb23         123          51           5.43360E-11  
Sb24         124          51           0.00000E+00  
Sb25         125          51           0.00000E+00  
Te22         122          52           1.12310E-09  
Te23         123          52           4.07570E-10  
Te24         124          52           2.22160E-09  
Te25         125          52           7.47370E-10  
Te26         126          52           4.12630E-09  
Te27         127          52           0.00000E+00  
Te28         128          52           5.45250E-10  
Te30         130          52           -6.66250E-12 
I127         127          53           5.31430E-10  
I128         128          53           0.00000E+00  
I129         129          53           8.61300E-12  
I130         130          53           0.00000E+00  
I131         131          53           0.00000E+00  
I132         132          53           0.00000E+00  
I133         133          53           0.00000E+00  
Xe28         128          54           1.29430E-09  
Xe29         129          54           5.34840E-10  
Xe30         130          54           2.84870E-09  
Xe31         131          54           7.78850E-10  
Xe32         132          54           5.64430E-09  
Xe33         133          54           0.00000E+00  
Xe34         134          54           2.97230E-10  
Xe35         135          54           0.00000E+00  
Xe36         136          54           5.30400E-13  
Cs33         133          55           7.47200E-10  
Cs34         134          55           0.00000E+00  
Cs35         135          55           2.48960E-10  
Cs36         136          55           0.00000E+00  
Cs37         137          55           0.00000E+00  
Ba34         134          56           2.07610E-09  
Ba35         135          56           7.52860E-10  
Ba36         136          56           5.65070E-09  
Ba37         137          56           4.98860E-09  
Ba38         138          56           5.37540E-08  
Ba39         139          56           0.00000E+00  
Ba40         140          56           0.00000E+00  
La39         139          57           6.18680E-09  
La40         140          57           0.00000E+00  
Ce40         140          58           1.76190E-08  
Ce41         141          58           0.00000E+00  
Ce42         142          58           2.61390E-10  
Ce43         143          58           0.00000E+00  
Ce44         144          58           0.00000E+00  
Pr41         141          59           1.43720E-09  
Pr42         142          59           0.00000E+00  
Pr43         143          59           0.00000E+00  
Pr45         145          59           0.00000E+00  
Nd42         142          60           4.21710E-09  
Nd43         143          60           5.76110E-10  
Nd44         144          60           1.84370E-09  
Nd45         145          60           3.28740E-10  
Nd46         146          60           1.78060E-09  
Nd47         147          60           0.00000E+00  
Nd48         148          60           6.58060E-11  
Nd49         149          60           0.00000E+00  
Nd50         150          60           0.00000E+00  
Pm45         145          61           0.00000E+00  
Pm46         146          61           0.00000E+00  
Pm47         147          61           0.00000E+00  
Pm48         148          61           0.00000E+00  
Pm49         149          61           0.00000E+00  
Pm50         150          61           0.00000E+00  
Pm51         151          61           0.00000E+00  
Sm44         144          62           0.00000E+00  
Sm45         145          62           0.00000E+00  
Sm46         146          62           0.00000E+00  
Sm47         147          62           1.86500E-10  
Sm48         148          62           5.83720E-10  
Sm49         149          62           8.10100E-11  
Sm50         150          62           3.55940E-10  
Sm51         151          62           0.00000E+00  
Sm52         152          62           2.65110E-10  
Sm53         153          62           0.00000E+00  
Sm54         154          62           2.16910E-11  
Eu51         151          63           4.90910E-11  
Eu52         152          63           0.00000E+00  
Eu53         153          63           5.14010E-11  
Eu54         154          63           0.00000E+00  
Eu55         155          63           0.00000E+00  
Eu56         156          63           0.00000E+00  
Eu57         157          63           0.00000E+00  
Gd52         152          64           8.66820E-12  
Gd53         153          64           0.00000E+00  
Gd54         154          64           8.72330E-11  
Gd55         155          64           6.05510E-11  
Gd56         156          64           2.29990E-10  
Gd57         157          64           1.09850E-10  
Gd58         158          64           4.53810E-10  
Gd59         159          64           0.00000E+00  
Gd60         160          64           1.37170E-11  
Tb59         159          65           1.04900E-10  
Tb60         160          65           0.00000E+00  
Tb61         161          65           0.00000E+00  
Dy60         160          66           1.63060E-10  
Dy61         161          66           7.50030E-11  
Dy62         162          66           3.39130E-10  
Dy63         163          66           1.12940E-10  
Dy64         164          66           6.09700E-10  
Dy65         165          66           0.00000E+00  
Dy66         166          66           0.00000E+00  
Ho63         163          67           3.94940E-13  
Ho64         164          67           0.00000E+00  
Ho65         165          67           1.36260E-10  
Ho66         166          67           0.00000E+00  
Er64         164          68           4.58530E-11  
Er65         165          68           0.00000E+00  
Er66         166          68           2.55410E-10  
Er67         167          68           1.14520E-10  
Er68         168          68           4.56380E-10  
Er69         169          68           0.00000E+00  
Er70         170          68           3.72690E-11  
Er71         171          68           0.00000E+00  
Er72         172          68           0.00000E+00  
Tm69         169          69           8.49930E-11  
Tm70         170          69           0.00000E+00  
Tm71         171          69           0.00000E+00  
Tm72         172          69           0.00000E+00  
Tm73         173          69           0.00000E+00  
Yb70         170          70           1.58610E-10  
Yb71         171          70           1.56560E-10  
Yb72         172          70           4.69870E-10  
Yb73         173          70           2.13680E-10  
Yb74         174          70           9.93600E-10  
Yb75         175          70           0.00000E+00  
Yb76         176          70           3.62190E-11  
Yb77         177          70           0.00000E+00  
Lu75         175          71           1.33660E-10  
Lu76         176          71           2.31370E-11  
Lu77         177          71           0.00000E+00  
Hf76         176          72           1.81810E-10  
Hf77         177          72           1.06510E-10  
Hf78         178          72           4.95650E-10  
Hf79         179          72           1.67850E-10  
Hf80         180          72           9.35690E-10  
Hf81         181          72           0.00000E+00  
Hf82         182          72           2.00780E-11  
Hf83         183          72           0.00000E+00  
Hf84         184          72           0.00000E+00  
Ta79         179          73           0.00000E+00  
Ta80         180          73           0.00000E+00  
Ta81         181          73           1.82810E-10  
Ta82         182          73           0.00000E+00  
Ta83         183          73           0.00000E+00  
Ta84         184          73           0.00000E+00  
W180         180          74           0.00000E+00  
W181         181          74           0.00000E+00  
W182         182          74           4.79800E-10  
W183         183          74           2.71960E-10  
W184         184          74           6.38000E-10  
W185         185          74           0.00000E+00  
W186         186          74           9.06860E-11  
W187         187          74           0.00000E+00  
W188         188          74           0.00000E+00  
Re85         185          75           1.15310E-10  
Re86         186          75           0.00000E+00  
Re87         187          75           -1.32740E-12 
Re88         188          75           0.00000E+00  
Re89         189          75           0.00000E+00  
Os86         186          76           2.91840E-10  
Os87         187          76           1.18520E-10  
Os88         188          76           4.98080E-10  
Os89         189          76           1.01310E-10  
Os90         190          76           5.16320E-10  
Os91         191          76           0.00000E+00  
Os92         192          76           6.97510E-11  
Os93         193          76           0.00000E+00  
Os94         194          76           0.00000E+00  
Ir91         191          77           9.34200E-11  
Ir92         192          77           0.00000E+00  
Ir93         193          77           1.04640E-10  
Ir94         194          77           0.00000E+00  
Ir95         195          77           0.00000E+00  
Pt92         192          78           2.10670E-10  
Pt93         193          78           0.00000E+00  
Pt94         194          78           5.56270E-10  
Pt95         195          78           2.07390E-10  
Pt96         196          78           7.37100E-10  
Pt97         197          78           0.00000E+00  
Pt98         198          78           6.63600E-12  
Au97         197          79           2.04990E-10  
Au98         198          79           0.00000E+00  
Au99         199          79           0.00000E+00  
Hg98         198          80           6.83030E-10  
Hg99         199          80           2.95500E-10  
Hg00         200          80           1.02270E-09  
Hg01         201          80           4.14720E-10  
Hg02         202          80           1.83140E-09  
Hg03         203          80           0.00000E+00  
Hg04         204          80           6.99080E-12  
Tl03         203          81           7.39230E-10  
Tl04         204          81           0.00000E+00  
Tl05         205          81           1.83370E-09  
Pb04         204          82           1.00150E-09  
Pb05         205          82           9.94700E-11  
Pb06         206          82           6.35270E-09  
Pb07         207          82           4.81350E-09  
Pb08         208          82           8.04240E-09  
Pb09         209          82           0.00000E+00  
Pb10         210          82           0.00000E+00  
Bi09         209          83           3.00890E-11  
Bi10         210          83           0.00000E+00  
Po10         210          84           0.00000E+00  
