Isotope      A            Z            YIELD 
H            1            1            -5.05000E-02 
He4          4            2            3.98310E-02  
C12          12           6            8.84180E-03  
C13          13           6            2.09160E-05  
C14          14           6            2.44810E-10  
N14          14           7            6.16260E-04  
N15          15           7            -9.19760E-07 
O16          16           8            1.47690E-04  
O17          17           8            2.36690E-05  
O18          18           8            -2.72180E-06 
F18          18           9            0.00000E+00  
F19          19           9            8.56200E-07  
Ne20         20           10           -1.49200E-06 
Ne21         21           10           1.52020E-07  
Ne22         22           10           6.81920E-04  
Na22         22           11           0.00000E+00  
Na23         23           11           1.20160E-05  
Na24         24           11           0.00000E+00  
Mg24         24           12           1.16220E-05  
Mg25         25           12           2.28910E-06  
Mg26         26           12           3.12150E-06  
Al26         26           13           1.07320E-07  
Al27         27           13           9.84410E-07  
Si28         28           14           -6.95780E-08 
Si29         29           14           7.86270E-08  
Si30         30           14           3.80730E-07  
Si31         31           14           0.00000E+00  
Si32         32           14           0.00000E+00  
P31          31           15           2.80500E-07  
P32          32           15           0.00000E+00  
P33          33           15           0.00000E+00  
S32          32           16           -4.90120E-07 
S33          33           16           6.35850E-08  
S34          34           16           1.92280E-07  
S35          35           16           0.00000E+00  
S36          36           16           1.48030E-08  
Cl35         35           17           -1.33840E-08 
Cl36         36           17           9.76380E-10  
Cl37         37           17           9.98360E-08  
Ar36         36           18           -3.16670E-07 
Ar37         37           18           0.00000E+00  
Ar38         38           18           8.19870E-08  
Ar39         39           18           3.55730E-12  
Ar40         40           18           1.52340E-08  
Ar41         41           18           0.00000E+00  
Ar42         42           18           0.00000E+00  
K39          39           19           1.80250E-08  
K40          40           19           5.19340E-09  
K41          41           19           2.50000E-08  
K42          42           19           0.00000E+00  
K43          43           19           0.00000E+00  
Ca40         40           20           -1.95870E-07 
Ca41         41           20           2.46550E-09  
Ca42         42           20           1.56480E-08  
Ca43         43           20           3.03920E-09  
Ca44         44           20           1.31600E-08  
Ca45         45           20           0.00000E+00  
Ca46         46           20           1.18850E-09  
Ca47         47           20           0.00000E+00  
Ca48         48           20           -1.19750E-10 
Sc45         45           21           3.30420E-09  
Sc46         46           21           0.00000E+00  
Sc47         47           21           0.00000E+00  
Sc48         48           21           0.00000E+00  
Sc49         49           21           0.00000E+00  
Ti46         46           22           4.40530E-09  
Ti47         47           22           -2.36660E-10 
Ti48         48           22           -1.22150E-08 
Ti49         49           22           1.33650E-08  
Ti50         50           22           4.16350E-08  
V50          50           23           -9.06680E-12 
V51          51           23           1.00060E-09  
Cr50         50           24           -7.30220E-09 
Cr51         51           24           0.00000E+00  
Cr52         52           24           -3.52910E-08 
Cr53         53           24           -5.44750E-09 
Cr54         54           24           3.50420E-08  
Mn55         55           25           9.24840E-08  
Mn56         56           25           0.00000E+00  
Fe54         54           26           -5.43100E-07 
Fe55         55           26           1.53600E-12  
Fe56         56           26           -3.84370E-06 
Fe57         57           26           1.28760E-06  
Fe58         58           26           1.36570E-06  
Fe59         59           26           0.00000E+00  
Fe60         60           26           6.59000E-08  
Co59         59           27           3.61700E-07  
Co60         60           27           2.31530E-13  
Ni58         58           28           -3.87500E-07 
Ni59         59           28           1.78670E-08  
Ni60         60           28           1.45170E-07  
Ni61         61           28           1.02050E-07  
Ni62         62           28           1.56970E-07  
Ni63         63           28           1.56710E-12  
Ni64         64           28           1.42950E-07  
Ni65         65           28           0.00000E+00  
Ni66         66           28           0.00000E+00  
Cu63         63           29           7.09540E-08  
Cu64         64           29           0.00000E+00  
Cu65         65           29           3.95190E-08  
Cu66         66           29           0.00000E+00  
Cu67         67           29           0.00000E+00  
Zn64         64           30           1.56760E-08  
Zn65         65           30           0.00000E+00  
Zn66         66           30           3.49740E-08  
Zn67         67           30           7.96550E-09  
Zn68         68           30           4.26880E-08  
Zn69         69           30           0.00000E+00  
Zn70         70           30           -4.53970E-11 
Ga69         69           31           7.54920E-09  
Ga70         70           31           0.00000E+00  
Ga71         71           31           8.30570E-09  
Ga72         72           31           0.00000E+00  
Ga73         73           31           0.00000E+00  
Ge70         70           32           1.37030E-08  
Ge71         71           32           0.00000E+00  
Ge72         72           32           1.54150E-08  
Ge73         73           32           4.36810E-09  
Ge74         74           32           2.10290E-08  
Ge75         75           32           0.00000E+00  
Ge76         76           32           -8.14030E-11 
Ge77         77           32           0.00000E+00  
As75         75           33           1.86090E-09  
As76         76           33           0.00000E+00  
As77         77           33           0.00000E+00  
Se76         76           34           7.53870E-09  
Se77         77           34           2.97540E-09  
Se78         78           34           1.14590E-08  
Se79         79           34           1.69670E-09  
Se80         80           34           2.23650E-08  
Se81         81           34           0.00000E+00  
Se82         82           34           -8.10580E-12 
Br79         79           35           1.91110E-09  
Br80         80           35           0.00000E+00  
Br81         81           35           3.79420E-09  
Br82         82           35           0.00000E+00  
Br83         83           35           0.00000E+00  
Br84         84           35           0.00000E+00  
Kr80         80           36           1.54410E-09  
Kr81         81           36           2.42200E-10  
Kr82         82           36           1.54590E-08  
Kr83         83           36           5.15030E-09  
Kr84         84           36           3.22950E-08  
Kr85         85           36           0.00000E+00  
Kr86         86           36           1.26110E-08  
Kr87         87           36           0.00000E+00  
Kr88         88           36           0.00000E+00  
Rb85         85           37           5.92590E-09  
Rb86         86           37           0.00000E+00  
Rb87         87           37           4.27620E-09  
Rb88         88           37           0.00000E+00  
Sr86         86           38           1.54060E-08  
Sr87         87           38           1.02290E-08  
Sr88         88           38           2.97010E-07  
Sr89         89           38           0.00000E+00  
Sr90         90           38           0.00000E+00  
Sr91         91           38           0.00000E+00  
Sr92         92           38           0.00000E+00  
Y89          89           39           6.67040E-08  
Y90          90           39           0.00000E+00  
Y91          91           39           0.00000E+00  
Y92          92           39           0.00000E+00  
Y93          93           39           0.00000E+00  
Zr90         90           40           7.70250E-08  
Zr91         91           40           2.02890E-08  
Zr92         92           40           3.41820E-08  
Zr93         93           40           9.14850E-09  
Zr94         94           40           5.08620E-08  
Zr95         95           40           0.00000E+00  
Zr96         96           40           5.50620E-09  
Zr97         97           40           0.00000E+00  
Nb93         93           41           2.50790E-09  
Nb94         94           41           0.00000E+00  
Nb95         95           41           0.00000E+00  
Nb96         96           41           0.00000E+00  
Nb97         97           41           0.00000E+00  
Mo92         92           42           -1.11700E-11 
Mo93         93           42           0.00000E+00  
Mo94         94           42           3.83170E-10  
Mo95         95           42           5.28330E-09  
Mo96         96           42           1.07700E-08  
Mo97         97           42           3.83330E-09  
Mo98         98           42           1.38380E-08  
Mo99         99           42           0.00000E+00  
Mo00         100          42           2.98460E-10  
Tc97         97           43           2.43470E-13  
Tc98         98           43           0.00000E+00  
Tc99         99           43           5.42590E-10  
Ru96         96           44           -4.10510E-12 
Ru97         97           44           0.00000E+00  
Ru98         98           44           -7.86660E-13 
Ru99         99           44           1.35300E-09  
Ru00         100          44           6.79100E-09  
Ru01         101          44           1.47810E-09  
Ru02         102          44           7.62710E-09  
Ru03         103          44           0.00000E+00  
Ru04         104          44           3.22760E-10  
Ru05         105          44           0.00000E+00  
Ru06         106          44           0.00000E+00  
Rh03         103          45           1.60080E-09  
Rh05         105          45           0.00000E+00  
Pd04         104          46           5.06570E-09  
Pd05         105          46           1.32800E-09  
Pd06         106          46           6.15070E-09  
Pd07         107          46           1.15500E-09  
Pd08         108          46           7.79950E-09  
Pd09         109          46           0.00000E+00  
Pd10         110          46           3.29210E-10  
Ag07         107          47           5.11680E-11  
Ag09         109          47           1.99740E-09  
Ag11         111          47           0.00000E+00  
Cd08         108          48           2.17980E-11  
Cd09         109          48           0.00000E+00  
Cd10         110          48           6.57490E-09  
Cd11         111          48           2.24120E-09  
Cd12         112          48           8.49360E-09  
Cd13         113          48           2.48490E-09  
Cd14         114          48           1.24850E-08  
Cd15         115          48           0.00000E+00  
Cd16         116          48           6.71670E-10  
In13         113          49           -4.37090E-13 
In15         115          49           2.49080E-09  
Sn14         114          50           -8.74800E-13 
Sn15         115          50           -4.22870E-13 
Sn16         116          50           1.74090E-08  
Sn17         117          50           5.35340E-09  
Sn18         118          50           2.51030E-08  
Sn19         119          50           7.60520E-09  
Sn20         120          50           4.25160E-08  
Sn21         121          50           0.00000E+00  
Sn22         122          50           1.77340E-09  
Sn23         123          50           0.00000E+00  
Sn24         124          50           8.90050E-11  
Sb21         121          51           3.22900E-09  
Sb22         122          51           0.00000E+00  
Sb23         123          51           4.91220E-10  
Sb24         124          51           0.00000E+00  
Sb25         125          51           0.00000E+00  
Te22         122          52           5.23960E-09  
Te23         123          52           1.86050E-09  
Te24         124          52           1.10650E-08  
Te25         125          52           3.75910E-09  
Te26         126          52           2.12780E-08  
Te27         127          52           0.00000E+00  
Te28         128          52           2.60480E-09  
Te30         130          52           -2.72370E-11 
I127         127          53           2.78620E-09  
I128         128          53           0.00000E+00  
I129         129          53           4.78840E-11  
I130         130          53           0.00000E+00  
I131         131          53           0.00000E+00  
I132         132          53           0.00000E+00  
I133         133          53           0.00000E+00  
Xe28         128          54           6.63790E-09  
Xe29         129          54           2.70040E-09  
Xe30         130          54           1.45360E-08  
Xe31         131          54           4.06800E-09  
Xe32         132          54           2.88550E-08  
Xe33         133          54           0.00000E+00  
Xe34         134          54           1.98620E-09  
Xe35         135          54           0.00000E+00  
Xe36         136          54           2.98510E-11  
Cs33         133          55           3.94580E-09  
Cs34         134          55           0.00000E+00  
Cs35         135          55           1.64730E-09  
Cs36         136          55           0.00000E+00  
Cs37         137          55           0.00000E+00  
Ba34         134          56           1.00500E-08  
Ba35         135          56           3.74340E-09  
Ba36         136          56           2.99830E-08  
Ba37         137          56           2.60040E-08  
Ba38         138          56           3.17990E-07  
Ba39         139          56           0.00000E+00  
Ba40         140          56           0.00000E+00  
La39         139          57           3.98040E-08  
La40         140          57           0.00000E+00  
Ce40         140          58           1.15740E-07  
Ce41         141          58           0.00000E+00  
Ce42         142          58           2.11790E-09  
Ce43         143          58           0.00000E+00  
Ce44         144          58           0.00000E+00  
Pr41         141          59           1.00170E-08  
Pr42         142          59           0.00000E+00  
Pr43         143          59           0.00000E+00  
Pr45         145          59           0.00000E+00  
Nd42         142          60           2.82900E-08  
Nd43         143          60           4.14580E-09  
Nd44         144          60           1.29500E-08  
Nd45         145          60           2.36860E-09  
Nd46         146          60           1.23450E-08  
Nd47         147          60           0.00000E+00  
Nd48         148          60           8.24150E-10  
Nd49         149          60           0.00000E+00  
Nd50         150          60           5.68350E-12  
Pm45         145          61           0.00000E+00  
Pm46         146          61           0.00000E+00  
Pm47         147          61           0.00000E+00  
Pm48         148          61           0.00000E+00  
Pm49         149          61           0.00000E+00  
Pm50         150          61           0.00000E+00  
Pm51         151          61           0.00000E+00  
Sm44         144          62           -3.51290E-13 
Sm45         145          62           0.00000E+00  
Sm46         146          62           0.00000E+00  
Sm47         147          62           1.40120E-09  
Sm48         148          62           3.78660E-09  
Sm49         149          62           5.70100E-10  
Sm50         150          62           2.54680E-09  
Sm51         151          62           0.00000E+00  
Sm52         152          62           2.04360E-09  
Sm53         153          62           0.00000E+00  
Sm54         154          62           3.71510E-10  
Eu51         151          63           3.50410E-10  
Eu52         152          63           0.00000E+00  
Eu53         153          63           3.73430E-10  
Eu54         154          63           0.00000E+00  
Eu55         155          63           0.00000E+00  
Eu56         156          63           0.00000E+00  
Eu57         157          63           0.00000E+00  
Gd52         152          64           3.70640E-11  
Gd53         153          64           0.00000E+00  
Gd54         154          64           6.06160E-10  
Gd55         155          64           4.57740E-10  
Gd56         156          64           1.57860E-09  
Gd57         157          64           7.44880E-10  
Gd58         158          64           3.20680E-09  
Gd59         159          64           0.00000E+00  
Gd60         160          64           2.48350E-10  
Tb59         159          65           7.27750E-10  
Tb60         160          65           0.00000E+00  
Tb61         161          65           0.00000E+00  
Dy60         160          66           1.08460E-09  
Dy61         161          66           5.17110E-10  
Dy62         162          66           2.34710E-09  
Dy63         163          66           7.74820E-10  
Dy64         164          66           4.30200E-09  
Dy65         165          66           0.00000E+00  
Dy66         166          66           0.00000E+00  
Ho63         163          67           1.24430E-12  
Ho64         164          67           0.00000E+00  
Ho65         165          67           1.00930E-09  
Ho66         166          67           0.00000E+00  
Er64         164          68           3.71880E-10  
Er65         165          68           0.00000E+00  
Er66         166          68           1.66240E-09  
Er67         167          68           7.72570E-10  
Er68         168          68           3.37690E-09  
Er69         169          68           0.00000E+00  
Er70         170          68           6.73630E-10  
Er71         171          68           0.00000E+00  
Er72         172          68           0.00000E+00  
Tm69         169          69           8.86340E-10  
Tm70         170          69           0.00000E+00  
Tm71         171          69           0.00000E+00  
Tm72         172          69           0.00000E+00  
Tm73         173          69           0.00000E+00  
Yb70         170          70           1.08660E-09  
Yb71         171          70           1.27270E-09  
Yb72         172          70           3.38980E-09  
Yb73         173          70           1.58260E-09  
Yb74         174          70           7.59110E-09  
Yb75         175          70           0.00000E+00  
Yb76         176          70           4.86650E-10  
Yb77         177          70           0.00000E+00  
Lu75         175          71           1.05020E-09  
Lu76         176          71           1.86610E-10  
Lu77         177          71           0.00000E+00  
Hf76         176          72           1.34440E-09  
Hf77         177          72           8.16010E-10  
Hf78         178          72           3.74520E-09  
Hf79         179          72           1.28290E-09  
Hf80         180          72           7.18070E-09  
Hf81         181          72           0.00000E+00  
Hf82         182          72           2.27420E-10  
Hf83         183          72           0.00000E+00  
Hf84         184          72           0.00000E+00  
Ta79         179          73           0.00000E+00  
Ta80         180          73           2.28980E-13  
Ta81         181          73           1.50160E-09  
Ta82         182          73           0.00000E+00  
Ta83         183          73           0.00000E+00  
Ta84         184          73           0.00000E+00  
W180         180          74           0.00000E+00  
W181         181          74           0.00000E+00  
W182         182          74           3.10120E-09  
W183         183          74           2.03700E-09  
W184         184          74           5.47540E-09  
W185         185          74           0.00000E+00  
W186         186          74           1.78860E-09  
W187         187          74           0.00000E+00  
W188         188          74           0.00000E+00  
Re85         185          75           1.06390E-09  
Re86         186          75           0.00000E+00  
Re87         187          75           3.51980E-10  
Re88         188          75           0.00000E+00  
Re89         189          75           0.00000E+00  
Os86         186          76           1.98140E-09  
Os87         187          76           5.99870E-10  
Os88         188          76           2.65010E-09  
Os89         189          76           7.21930E-10  
Os90         190          76           3.67050E-09  
Os91         191          76           0.00000E+00  
Os92         192          76           6.19480E-10  
Os93         193          76           0.00000E+00  
Os94         194          76           0.00000E+00  
Ir91         191          77           7.83810E-10  
Ir92         192          77           0.00000E+00  
Ir93         193          77           8.97370E-10  
Ir94         194          77           0.00000E+00  
Ir95         195          77           0.00000E+00  
Pt92         192          78           1.30380E-09  
Pt93         193          78           0.00000E+00  
Pt94         194          78           4.40960E-09  
Pt95         195          78           1.73320E-09  
Pt96         196          78           6.97470E-09  
Pt97         197          78           0.00000E+00  
Pt98         198          78           1.62830E-10  
Au97         197          79           1.88990E-09  
Au98         198          79           0.00000E+00  
Au99         199          79           0.00000E+00  
Hg98         198          80           5.74470E-09  
Hg99         199          80           2.60340E-09  
Hg00         200          80           8.66770E-09  
Hg01         201          80           3.60610E-09  
Hg02         202          80           1.44750E-08  
Hg03         203          80           0.00000E+00  
Hg04         204          80           1.17240E-10  
Tl03         203          81           6.71730E-09  
Tl04         204          81           0.00000E+00  
Tl05         205          81           1.68690E-08  
Pb04         204          82           1.05350E-08  
Pb05         205          82           8.83350E-10  
Pb06         206          82           5.64560E-08  
Pb07         207          82           6.12220E-08  
Pb08         208          82           1.12180E-07  
Pb09         209          82           0.00000E+00  
Pb10         210          82           0.00000E+00  
Bi09         209          83           8.45930E-10  
Bi10         210          83           0.00000E+00  
Po10         210          84           0.00000E+00  
