Isotope      A            Z            YIELD 
H            1            1            -1.66290E-01 
He4          4            2            1.60170E-01  
C12          12           6            5.45500E-03  
C13          13           6            1.70600E-05  
C14          14           6            8.96280E-08  
N14          14           7            3.96390E-04  
N15          15           7            -3.98560E-07 
O16          16           8            1.99610E-05  
O17          17           8            1.06620E-05  
O18          18           8            -1.39040E-06 
F18          18           9            0.00000E+00  
F19          19           9            1.12650E-08  
Ne20         20           10           -5.82870E-06 
Ne21         21           10           1.96620E-07  
Ne22         22           10           9.71400E-05  
Na22         22           11           0.00000E+00  
Na23         23           11           1.19390E-05  
Na24         24           11           0.00000E+00  
Mg24         24           12           -3.54750E-07 
Mg25         25           12           5.39980E-06  
Mg26         26           12           7.94860E-06  
Al26         26           13           1.63110E-08  
Al27         27           13           8.00790E-07  
Si28         28           14           2.97330E-06  
Si29         29           14           3.83260E-07  
Si30         30           14           4.88780E-07  
Si31         31           14           0.00000E+00  
Si32         32           14           2.00010E-12  
P31          31           15           1.98060E-07  
P32          32           15           0.00000E+00  
P33          33           15           0.00000E+00  
S32          32           16           -1.80320E-07 
S33          33           16           5.30170E-09  
S34          34           16           8.66590E-08  
S35          35           16           0.00000E+00  
S36          36           16           7.42080E-09  
Cl35         35           17           -2.33450E-09 
Cl36         36           17           2.28150E-10  
Cl37         37           17           1.00070E-08  
Ar36         36           18           -8.77600E-08 
Ar37         37           18           0.00000E+00  
Ar38         38           18           2.21210E-08  
Ar39         39           18           2.90340E-11  
Ar40         40           18           7.68460E-09  
Ar41         41           18           0.00000E+00  
Ar42         42           18           0.00000E+00  
K39          39           19           6.17130E-09  
K40          40           19           3.20610E-10  
K41          41           19           2.16660E-09  
K42          42           19           0.00000E+00  
K43          43           19           0.00000E+00  
Ca40         40           20           -5.35110E-08 
Ca41         41           20           3.85490E-10  
Ca42         42           20           3.07360E-09  
Ca43         43           20           9.00740E-10  
Ca44         44           20           2.47210E-09  
Ca45         45           20           0.00000E+00  
Ca46         46           20           1.64800E-09  
Ca47         47           20           0.00000E+00  
Ca48         48           20           -1.22690E-11 
Sc45         45           21           1.14930E-09  
Sc46         46           21           0.00000E+00  
Sc47         47           21           0.00000E+00  
Sc48         48           21           0.00000E+00  
Sc49         49           21           0.00000E+00  
Ti46         46           22           3.76120E-10  
Ti47         47           22           8.19050E-11  
Ti48         48           22           -2.61700E-09 
Ti49         49           22           1.14370E-09  
Ti50         50           22           5.05680E-09  
V50          50           23           -1.44920E-12 
V51          51           23           -1.58770E-10 
Cr50         50           24           -1.15430E-09 
Cr51         51           24           0.00000E+00  
Cr52         52           24           -1.33880E-08 
Cr53         53           24           -1.30570E-09 
Cr54         54           24           9.37590E-09  
Mn55         55           25           -1.28820E-08 
Mn56         56           25           0.00000E+00  
Fe54         54           26           -1.06070E-07 
Fe55         55           26           0.00000E+00  
Fe56         56           26           -1.27680E-06 
Fe57         57           26           1.08240E-07  
Fe58         58           26           4.41210E-07  
Fe59         59           26           0.00000E+00  
Fe60         60           26           1.94700E-07  
Co59         59           27           1.58530E-07  
Co60         60           27           4.09670E-13  
Ni58         58           28           -7.36430E-08 
Ni59         59           28           1.10720E-09  
Ni60         60           28           6.36540E-08  
Ni61         61           28           5.11940E-08  
Ni62         62           28           1.17200E-07  
Ni63         63           28           5.53180E-11  
Ni64         64           28           1.23740E-07  
Ni65         65           28           0.00000E+00  
Ni66         66           28           0.00000E+00  
Cu63         63           29           6.88590E-08  
Cu64         64           29           0.00000E+00  
Cu65         65           29           2.85970E-08  
Cu66         66           29           0.00000E+00  
Cu67         67           29           0.00000E+00  
Zn64         64           30           -3.24860E-10 
Zn65         65           30           0.00000E+00  
Zn66         66           30           2.05010E-08  
Zn67         67           30           4.63450E-09  
Zn68         68           30           2.87770E-08  
Zn69         69           30           0.00000E+00  
Zn70         70           30           4.03690E-10  
Ga69         69           31           4.08080E-09  
Ga70         70           31           0.00000E+00  
Ga71         71           31           2.70240E-09  
Ga72         72           31           0.00000E+00  
Ga73         73           31           0.00000E+00  
Ge70         70           32           6.11780E-09  
Ge71         71           32           0.00000E+00  
Ge72         72           32           6.59380E-09  
Ge73         73           32           1.96860E-09  
Ge74         74           32           1.16480E-08  
Ge75         75           32           0.00000E+00  
Ge76         76           32           5.53140E-10  
Ge77         77           32           0.00000E+00  
As75         75           33           1.18830E-09  
As76         76           33           0.00000E+00  
As77         77           33           0.00000E+00  
Se76         76           34           2.63380E-09  
Se77         77           34           1.05810E-09  
Se78         78           34           6.74360E-09  
Se79         79           34           1.17090E-09  
Se80         80           34           7.93850E-09  
Se81         81           34           0.00000E+00  
Se82         82           34           4.78000E-10  
Br79         79           35           2.58370E-10  
Br80         80           35           0.00000E+00  
Br81         81           35           1.39440E-09  
Br82         82           35           0.00000E+00  
Br83         83           35           0.00000E+00  
Br84         84           35           0.00000E+00  
Kr80         80           36           1.04870E-10  
Kr81         81           36           3.14010E-11  
Kr82         82           36           3.35580E-09  
Kr83         83           36           1.23510E-09  
Kr84         84           36           8.18690E-09  
Kr85         85           36           0.00000E+00  
Kr86         86           36           1.23230E-08  
Kr87         87           36           0.00000E+00  
Kr88         88           36           0.00000E+00  
Rb85         85           37           2.82430E-09  
Rb86         86           37           0.00000E+00  
Rb87         87           37           5.78490E-09  
Rb88         88           37           0.00000E+00  
Sr86         86           38           1.35900E-09  
Sr87         87           38           6.45720E-10  
Sr88         88           38           1.93310E-08  
Sr89         89           38           0.00000E+00  
Sr90         90           38           2.30580E-13  
Sr91         91           38           0.00000E+00  
Sr92         92           38           0.00000E+00  
Y89          89           39           5.49050E-09  
Y90          90           39           0.00000E+00  
Y91          91           39           0.00000E+00  
Y92          92           39           0.00000E+00  
Y93          93           39           0.00000E+00  
Zr90         90           40           4.53520E-09  
Zr91         91           40           1.43510E-09  
Zr92         92           40           2.36840E-09  
Zr93         93           40           9.07810E-10  
Zr94         94           40           3.05980E-09  
Zr95         95           40           0.00000E+00  
Zr96         96           40           1.81130E-09  
Zr97         97           40           0.00000E+00  
Nb93         93           41           2.12520E-11  
Nb94         94           41           0.00000E+00  
Nb95         95           41           0.00000E+00  
Nb96         96           41           0.00000E+00  
Nb97         97           41           0.00000E+00  
Mo92         92           42           -1.57510E-12 
Mo93         93           42           0.00000E+00  
Mo94         94           42           -8.11010E-13 
Mo95         95           42           4.21470E-10  
Mo96         96           42           6.45210E-10  
Mo97         97           42           2.97930E-10  
Mo98         98           42           9.59330E-10  
Mo99         99           42           0.00000E+00  
Mo00         100          42           1.00700E-10  
Tc97         97           43           0.00000E+00  
Tc98         98           43           0.00000E+00  
Tc99         99           43           1.11580E-10  
Ru96         96           44           -4.05340E-13 
Ru97         97           44           0.00000E+00  
Ru98         98           44           -1.36710E-13 
Ru99         99           44           2.21810E-11  
Ru00         100          44           4.22760E-10  
Ru01         101          44           9.92960E-11  
Ru02         102          44           6.07690E-10  
Ru03         103          44           0.00000E+00  
Ru04         104          44           8.50110E-11  
Ru05         105          44           0.00000E+00  
Ru06         106          44           0.00000E+00  
Rh03         103          45           1.10270E-10  
Rh05         105          45           0.00000E+00  
Pd04         104          46           2.89520E-10  
Pd05         105          46           8.41490E-11  
Pd06         106          46           3.77600E-10  
Pd07         107          46           7.31400E-11  
Pd08         108          46           4.58110E-10  
Pd09         109          46           0.00000E+00  
Pd10         110          46           7.78960E-11  
Ag07         107          47           -7.28800E-13 
Ag09         109          47           1.33730E-10  
Ag11         111          47           0.00000E+00  
Cd08         108          48           0.00000E+00  
Cd09         109          48           0.00000E+00  
Cd10         110          48           3.48470E-10  
Cd11         111          48           1.28370E-10  
Cd12         112          48           4.84730E-10  
Cd13         113          48           1.39520E-10  
Cd14         114          48           6.81080E-10  
Cd15         115          48           0.00000E+00  
Cd16         116          48           2.14230E-10  
In13         113          49           0.00000E+00  
In15         115          49           1.39240E-10  
Sn14         114          50           -1.11980E-13 
Sn15         115          50           0.00000E+00  
Sn16         116          50           7.86020E-10  
Sn17         117          50           2.75170E-10  
Sn18         118          50           1.30210E-09  
Sn19         119          50           3.88990E-10  
Sn20         120          50           2.08970E-09  
Sn21         121          50           0.00000E+00  
Sn22         122          50           8.24800E-10  
Sn23         123          50           0.00000E+00  
Sn24         124          50           2.12300E-10  
Sb21         121          51           1.64350E-10  
Sb22         122          51           0.00000E+00  
Sb23         123          51           9.26900E-11  
Sb24         124          51           0.00000E+00  
Sb25         125          51           0.00000E+00  
Te22         122          52           2.31550E-10  
Te23         123          52           7.79030E-11  
Te24         124          52           5.58170E-10  
Te25         125          52           1.91010E-10  
Te26         126          52           1.00570E-09  
Te27         127          52           0.00000E+00  
Te28         128          52           1.55470E-10  
Te30         130          52           -6.93060E-12 
I127         127          53           1.30450E-10  
I128         128          53           0.00000E+00  
I129         129          53           6.11240E-12  
I130         130          53           0.00000E+00  
I131         131          53           0.00000E+00  
I132         132          53           0.00000E+00  
I133         133          53           0.00000E+00  
Xe28         128          54           3.04500E-10  
Xe29         129          54           1.22930E-10  
Xe30         130          54           6.27980E-10  
Xe31         131          54           1.73430E-10  
Xe32         132          54           1.17110E-09  
Xe33         133          54           0.00000E+00  
Xe34         134          54           6.73980E-10  
Xe35         135          54           0.00000E+00  
Xe36         136          54           2.01440E-10  
Cs33         133          55           1.69420E-10  
Cs34         134          55           0.00000E+00  
Cs35         135          55           1.80960E-10  
Cs36         136          55           0.00000E+00  
Cs37         137          55           2.21660E-13  
Ba34         134          56           3.30980E-10  
Ba35         135          56           1.04550E-10  
Ba36         136          56           1.05660E-09  
Ba37         137          56           1.94740E-09  
Ba38         138          56           1.36730E-08  
Ba39         139          56           0.00000E+00  
Ba40         140          56           0.00000E+00  
La39         139          57           1.66690E-09  
La40         140          57           0.00000E+00  
Ce40         140          58           4.08060E-09  
Ce41         141          58           0.00000E+00  
Ce42         142          58           7.68210E-10  
Ce43         143          58           0.00000E+00  
Ce44         144          58           0.00000E+00  
Pr41         141          59           4.81650E-10  
Pr42         142          59           0.00000E+00  
Pr43         143          59           0.00000E+00  
Pr45         145          59           0.00000E+00  
Nd42         142          60           8.40980E-10  
Nd43         143          60           2.24170E-10  
Nd44         144          60           8.33110E-10  
Nd45         145          60           1.56230E-10  
Nd46         146          60           7.42780E-10  
Nd47         147          60           0.00000E+00  
Nd48         148          60           1.61450E-10  
Nd49         149          60           0.00000E+00  
Nd50         150          60           6.54400E-12  
Pm45         145          61           0.00000E+00  
Pm46         146          61           0.00000E+00  
Pm47         147          61           0.00000E+00  
Pm48         148          61           0.00000E+00  
Pm49         149          61           0.00000E+00  
Pm50         150          61           0.00000E+00  
Pm51         151          61           0.00000E+00  
Sm44         144          62           0.00000E+00  
Sm45         145          62           0.00000E+00  
Sm46         146          62           0.00000E+00  
Sm47         147          62           9.07440E-11  
Sm48         148          62           1.68650E-10  
Sm49         149          62           4.00060E-11  
Sm50         150          62           1.60790E-10  
Sm51         151          62           0.00000E+00  
Sm52         152          62           1.42080E-10  
Sm53         153          62           0.00000E+00  
Sm54         154          62           7.32140E-11  
Eu51         151          63           2.37380E-11  
Eu52         152          63           0.00000E+00  
Eu53         153          63           2.89220E-11  
Eu54         154          63           0.00000E+00  
Eu55         155          63           0.00000E+00  
Eu56         156          63           0.00000E+00  
Eu57         157          63           0.00000E+00  
Gd52         152          64           1.62080E-12  
Gd53         153          64           0.00000E+00  
Gd54         154          64           3.49740E-11  
Gd55         155          64           4.11320E-11  
Gd56         156          64           1.18230E-10  
Gd57         157          64           5.63820E-11  
Gd58         158          64           2.15020E-10  
Gd59         159          64           0.00000E+00  
Gd60         160          64           5.98780E-11  
Tb59         159          65           5.21040E-11  
Tb60         160          65           0.00000E+00  
Tb61         161          65           0.00000E+00  
Dy60         160          66           7.08610E-11  
Dy61         161          66           4.12190E-11  
Dy62         162          66           1.65680E-10  
Dy63         163          66           5.09090E-11  
Dy64         164          66           2.42930E-10  
Dy65         165          66           0.00000E+00  
Dy66         166          66           0.00000E+00  
Ho63         163          67           2.03750E-12  
Ho64         164          67           0.00000E+00  
Ho65         165          67           6.90100E-11  
Ho66         166          67           0.00000E+00  
Er64         164          68           3.07670E-11  
Er65         165          68           0.00000E+00  
Er66         166          68           1.04350E-10  
Er67         167          68           5.23760E-11  
Er68         168          68           2.01470E-10  
Er69         169          68           0.00000E+00  
Er70         170          68           1.12660E-10  
Er71         171          68           0.00000E+00  
Er72         172          68           0.00000E+00  
Tm69         169          69           4.43960E-11  
Tm70         170          69           0.00000E+00  
Tm71         171          69           0.00000E+00  
Tm72         172          69           0.00000E+00  
Tm73         173          69           0.00000E+00  
Yb70         170          70           5.42750E-11  
Yb71         171          70           9.59690E-11  
Yb72         172          70           2.11580E-10  
Yb73         173          70           1.03330E-10  
Yb74         174          70           4.71330E-10  
Yb75         175          70           0.00000E+00  
Yb76         176          70           1.24100E-10  
Yb77         177          70           0.00000E+00  
Lu75         175          71           6.69670E-11  
Lu76         176          71           1.12310E-11  
Lu77         177          71           0.00000E+00  
Hf76         176          72           8.23500E-11  
Hf77         177          72           5.87860E-11  
Hf78         178          72           2.54780E-10  
Hf79         179          72           9.00880E-11  
Hf80         180          72           4.82410E-10  
Hf81         181          72           0.00000E+00  
Hf82         182          72           4.69210E-11  
Hf83         183          72           0.00000E+00  
Hf84         184          72           0.00000E+00  
Ta79         179          73           0.00000E+00  
Ta80         180          73           0.00000E+00  
Ta81         181          73           1.05520E-10  
Ta82         182          73           0.00000E+00  
Ta83         183          73           0.00000E+00  
Ta84         184          73           0.00000E+00  
W180         180          74           0.00000E+00  
W181         181          74           0.00000E+00  
W182         182          74           1.69190E-10  
W183         183          74           1.29230E-10  
W184         184          74           3.19950E-10  
W185         185          74           0.00000E+00  
W186         186          74           1.71110E-10  
W187         187          74           0.00000E+00  
W188         188          74           0.00000E+00  
Re85         185          75           6.87730E-11  
Re86         186          75           0.00000E+00  
Re87         187          75           4.34270E-11  
Re88         188          75           0.00000E+00  
Re89         189          75           0.00000E+00  
Os86         186          76           9.51980E-11  
Os87         187          76           2.89030E-11  
Os88         188          76           2.66860E-10  
Os89         189          76           5.82300E-11  
Os90         190          76           2.96590E-10  
Os91         191          76           0.00000E+00  
Os92         192          76           2.02380E-10  
Os93         193          76           0.00000E+00  
Os94         194          76           0.00000E+00  
Ir91         191          77           5.67100E-11  
Ir92         192          77           0.00000E+00  
Ir93         193          77           7.94160E-11  
Ir94         194          77           0.00000E+00  
Ir95         195          77           0.00000E+00  
Pt92         192          78           7.15190E-11  
Pt93         193          78           0.00000E+00  
Pt94         194          78           3.80720E-10  
Pt95         195          78           1.41350E-10  
Pt96         196          78           4.82570E-10  
Pt97         197          78           0.00000E+00  
Pt98         198          78           7.69970E-11  
Au97         197          79           1.42590E-10  
Au98         198          79           0.00000E+00  
Au99         199          79           0.00000E+00  
Hg98         198          80           4.02690E-10  
Hg99         199          80           2.05420E-10  
Hg00         200          80           6.52850E-10  
Hg01         201          80           2.80060E-10  
Hg02         202          80           1.06730E-09  
Hg03         203          80           0.00000E+00  
Hg04         204          80           8.14600E-11  
Tl03         203          81           5.01720E-10  
Tl04         204          81           0.00000E+00  
Tl05         205          81           7.10010E-10  
Pb04         204          82           5.62480E-10  
Pb05         205          82           6.90320E-11  
Pb06         206          82           7.34790E-09  
Pb07         207          82           8.60900E-09  
Pb08         208          82           1.91800E-07  
Pb09         209          82           0.00000E+00  
Pb10         210          82           0.00000E+00  
Bi09         209          83           4.43870E-09  
Bi10         210          83           0.00000E+00  
Po10         210          84           0.00000E+00  
