 ele  Z   A   PFAv000     PFAv150     PFAv300     PFBv000     PFBv150     PFBv300     PFCv000     PFCv150     PFCv300     PFDv000     PFDv150     PFDv300      YAv000      YAv150      YAv300      YBv000      YBv150      YBv300      YCv000      YCv150      YCv300      YDv000      YDv150      YDv300     PFAvavg     PFBvavg     PFCvavg     PFDvavg      YAvavg      YBvavg      YCvavg      YDvavg       iniA        iniB        iniC        iniD 
H       1    1  5.7257E-01  4.4892E-01  3.9095E-01  5.4342E-01  4.3379E-01  4.1407E-01  5.3969E-01  4.7449E-01  4.2264E-01  5.4669E-01  4.4028E-01  4.2122E-01  3.8976E-01  3.0315E-01  2.6151E-01  3.7830E-01  2.9457E-01  2.8021E-01  3.8425E-01  3.0862E-01  2.8689E-01  3.8833E-01  3.0163E-01  2.9084E-01  5.7257E-01  5.4341E-01  5.3969E-01  5.4669E-01  3.8976E-01  3.7830E-01  3.8425E-01  3.8832E-01  7.2155E-01  7.4676E-01  7.5968E-01  7.5997E-01
H2      1    2  1.0476E-02  1.0823E-04  4.7531E-05  9.8442E-03  1.6751E-05  1.6864E-05  8.7512E-03  2.6288E-06  2.5210E-06  3.9980E-03  4.9934E-07  4.9536E-07  2.9095E-07  2.9820E-09  1.2972E-09  2.7295E-07  4.5304E-10  4.5454E-10  2.4394E-07  6.6943E-11  6.6998E-11  1.1115E-07  1.3388E-11  1.3386E-11  1.0475E-02  9.8437E-03  8.7507E-03  3.9978E-03  2.9093E-07  2.7294E-07  2.4393E-07  1.1114E-07  2.9439E-05  2.9743E-05  2.9743E-05  2.9743E-05
He3     2    3  7.2276E-01  4.0723E-01  2.5739E-01  6.1083E-01  3.2803E-01  1.8545E-01  4.5664E-01  2.1476E-01  1.0085E-01  3.4700E-01  1.4519E-01  4.2240E-02  2.1271E-05  1.1890E-05  7.4435E-06  1.7947E-05  9.4012E-06  5.2968E-06  1.3489E-05  5.7954E-06  2.8403E-06  1.0222E-05  4.1252E-06  1.2096E-06  7.2274E-01  6.1081E-01  4.5663E-01  3.4699E-01  2.1271E-05  1.7947E-05  1.3488E-05  1.0222E-05  3.1196E-05  3.1518E-05  3.1518E-05  3.1518E-05
He4     2    4  1.4671E+00  1.4542E+00  1.6889E+00  1.4704E+00  1.3227E+00  1.2990E+00  1.5381E+00  1.1067E+00  9.9625E-01  1.4432E+00  1.0150E+00  9.7150E-01  3.6677E-01  3.6067E-01  4.1491E-01  3.4268E-01  3.0070E-01  2.9429E-01  3.4597E-01  2.2740E-01  2.1364E-01  3.2374E-01  2.1959E-01  2.1184E-01  1.4671E+00  1.4704E+00  1.5381E+00  1.4432E+00  3.6677E-01  3.4268E-01  3.4596E-01  3.2374E-01  2.6500E-01  2.5000E-01  2.4000E-01  2.4000E-01
Li6     3    6  1.0692E-02  1.4365E-03  1.0650E-03  9.8988E-03  6.1824E-04  3.9570E-04  8.7553E-03  9.8401E-05  5.6375E-05  3.9985E-03  6.6783E-05  3.7794E-05  6.0120E-12  8.0129E-13  5.8842E-13  1.2440E-12  7.5787E-14  4.8341E-14  1.1062E-12  1.1358E-14  6.7908E-15  5.0383E-13  8.1158E-15  4.6290E-15  1.0691E-02  9.8984E-03  8.7549E-03  3.9983E-03  6.0117E-12  1.2440E-12  1.1061E-12  5.0380E-13  5.9602E-10  1.3481E-10  1.3481E-10  1.3481E-10
Li7     3    7  1.1341E-02  2.2187E-03  1.6416E-03  1.0708E-02  1.1617E-01  1.0146E-01  1.9158E-02  8.6704E-02  3.9163E-02  6.0602E-03  1.9137E-02  2.5175E-02  9.0581E-11  1.7579E-11  1.2884E-11  1.9115E-11  2.0229E-10  1.7606E-10  3.4382E-11  1.4215E-10  6.7008E-11  1.0847E-11  3.3034E-11  4.3799E-11  1.1341E-02  1.0714E-02  1.9161E-02  6.0609E-03  9.0577E-11  1.9125E-11  3.4388E-11  1.0848E-11  8.4661E-09  1.9149E-09  1.9149E-09  1.9149E-09
Be9     4    9  1.8227E-02  3.1185E-03  2.4615E-03  1.3258E-02  1.4415E-03  7.7229E-04  9.2862E-03  1.8832E-04  1.0402E-04  4.0006E-03  9.0254E-05  5.0039E-05  2.7322E-12  4.6374E-13  3.6256E-13  1.9839E-13  2.1039E-14  1.1233E-14  1.3969E-14  2.5880E-16  1.4918E-16  6.0018E-16  1.3059E-17  7.2972E-18  1.8227E-02  1.3258E-02  9.2858E-03  4.0004E-03  2.7321E-12  1.9838E-13  1.3969E-14  6.0015E-16  1.5889E-10  1.6051E-11  1.6051E-12  1.6051E-13
B10     5   10  3.0226E-02  4.5040E-03  3.5274E-03  2.2745E-02  2.0898E-03  1.0686E-03  1.1953E-02  2.6173E-04  1.3503E-04  5.3647E-03  1.0709E-04  6.3487E-05  2.0932E-11  3.0942E-12  2.4003E-12  1.5723E-12  1.4091E-13  7.1804E-14  8.3070E-14  1.6616E-15  8.9465E-16  3.7181E-15  7.1587E-17  4.2771E-17  3.0225E-02  2.2744E-02  1.1953E-02  5.3645E-03  2.0931E-11  1.5722E-12  8.3066E-14  3.7179E-15  7.3404E-10  7.4151E-11  7.4151E-12  7.4151E-13
B11     5   11  1.7509E-01  5.4816E-02  2.7496E-02  1.4449E-01  3.2670E-02  1.0014E-02  9.9868E-02  9.4459E-03  7.1088E-04  6.6832E-02  4.1955E-03  2.0594E-04  5.3685E-10  1.6674E-10  8.2844E-11  4.4223E-11  9.7536E-12  2.9794E-12  3.0730E-12  2.6553E-13  2.0855E-14  2.0509E-13  1.2417E-14  6.1429E-16  1.7508E-01  1.4448E-01  9.9864E-02  6.6829E-02  5.3683E-10  4.4222E-11  3.0728E-12  2.0508E-13  3.2501E-09  3.2832E-10  3.2832E-11  3.2832E-12
C12     6   12  1.4672E+01  2.3403E+01  2.2837E+01  6.9645E+01  1.1120E+02  1.1515E+02  6.7103E+02  1.0359E+03  1.1168E+03  6.8964E+03  9.1631E+03  1.3232E+04  3.2546E-02  5.1502E-02  4.9779E-02  2.8424E-02  4.4269E-02  4.5684E-02  2.7533E-02  3.8831E-02  4.3687E-02  2.8220E-02  3.6163E-02  5.2633E-02  1.4672E+01  6.9647E+01  6.7104E+02  6.8965E+03  3.2547E-02  2.8425E-02  2.7533E-02  2.8221E-02  2.3514E-03  4.3780E-04  4.3780E-05  4.3780E-06
C13     6   13  1.5657E+00  2.5881E+00  3.7014E+00  1.4337E+00  5.2662E+00  7.0939E+00  1.4067E+00  8.7566E+01  1.1381E+02  1.5972E+00  2.8271E+02  5.5839E+02  4.2089E-05  6.9019E-05  9.7772E-05  7.0906E-06  2.5405E-05  3.4105E-05  6.9940E-07  3.9775E-05  5.3948E-05  7.9201E-08  1.3521E-05  2.6915E-05  1.5658E+00  1.4339E+00  1.4108E+00  1.6117E+00  4.2090E-05  7.0916E-06  7.0148E-07  7.9916E-08  2.8494E-05  5.3052E-06  5.3052E-07  5.3052E-08
N14     7   14  4.3998E+00  5.8018E+00  7.9827E+00  1.0624E+01  4.6602E+01  3.5873E+01  1.2043E+01  3.1095E+02  2.5210E+02  1.2516E+01  2.0314E+03  3.7843E+03  2.8856E-03  3.7749E-03  5.1446E-03  6.8847E-04  2.9456E-03  2.2597E-03  7.8457E-05  1.8506E-03  1.5658E-03  8.1317E-06  1.2729E-03  2.3899E-03  4.3998E+00  1.0626E+01  1.2058E+01  1.2620E+01  2.8857E-03  6.8859E-04  7.8551E-05  8.1990E-06  6.9520E-04  6.9511E-05  6.9511E-06  6.9511E-07
N15     7   15  3.2631E-01  2.9672E-01  4.8794E-01  6.5916E-01  4.3438E+02  2.8957E+02  7.1951E-01  1.5228E+03  7.7424E+02  5.6452E+00  9.8129E+03  8.7472E+03  5.2628E-07  4.7476E-07  7.7331E-07  1.0504E-07  6.7520E-05  4.4857E-05  1.1527E-08  2.2287E-05  1.1826E-05  9.0195E-09  1.5121E-05  1.3585E-05  3.2631E-01  6.8166E-01  7.9348E-01  6.1483E+00  5.2628E-07  1.0863E-07  1.2712E-08  9.8234E-09  1.7096E-06  1.7094E-07  1.7094E-08  1.7094E-09
O16     8   16  1.9061E+01  2.7805E+01  2.6250E+01  7.1684E+01  1.0993E+02  1.1297E+02  7.2035E+02  1.2335E+03  1.4519E+03  7.9932E+03  1.4741E+04  1.5380E+04  1.0349E-01  1.4977E-01  1.4005E-01  1.3645E-01  2.0411E-01  2.0904E-01  1.3784E-01  2.1563E-01  2.6489E-01  1.5254E-01  2.7132E-01  2.8530E-01  1.9061E+01  7.1686E+01  7.2037E+02  7.9935E+03  1.0350E-01  1.3645E-01  1.3785E-01  1.5255E-01  5.7553E-03  2.0418E-03  2.0418E-04  2.0418E-05
O17     8   17  9.2564E-01  9.6262E-01  1.3559E+00  1.0985E+00  1.6327E+01  1.6980E+01  3.5791E+00  1.5865E+02  7.0914E+01  9.1122E+00  9.3289E+02  1.1608E+03  2.0287E-06  2.0929E-06  2.9200E-06  8.4399E-07  1.2236E-05  1.2682E-05  2.7645E-07  1.1195E-05  5.2222E-06  7.0193E-08  6.9309E-06  8.6917E-06  9.2564E-01  1.0993E+00  3.5866E+00  9.1595E+00  2.0287E-06  8.4459E-07  2.7703E-07  7.0558E-08  2.3231E-06  8.2416E-07  8.2416E-08  8.2416E-09
O18     8   18  8.8203E+00  5.2632E-01  1.2112E+00  5.7327E+00  2.5794E+02  3.9292E+02  5.3885E+00  1.5149E+03  3.0050E+03  3.7582E+00  1.3453E+04  2.2414E+04  1.0801E-04  6.3937E-06  1.4574E-05  2.4610E-05  1.0801E-03  1.6397E-03  2.3256E-06  5.9727E-04  1.2365E-03  1.6176E-07  5.5848E-04  9.3775E-04  8.8199E+00  5.7458E+00  5.4618E+00  4.4482E+00  1.0800E-04  2.4666E-05  2.3572E-06  1.9146E-07  1.2980E-05  4.6050E-06  4.6050E-07  4.6050E-08
F19     9   19  9.3633E-01  1.3548E+01  7.9978E+00  6.4650E+00  1.5763E+02  3.8396E+02  7.3849E+00  1.3272E+03  1.8019E+03  1.0703E+01  6.4770E+04  4.0101E+04  4.4860E-07  6.4394E-06  3.7653E-06  3.0603E-07  7.2784E-06  1.7668E-05  3.5144E-08  5.7701E-06  8.1754E-06  5.0796E-09  2.9648E-05  1.8500E-05  9.3699E-01  6.4728E+00  7.4490E+00  1.4025E+01  4.4892E-07  3.0640E-07  3.5449E-08  6.6564E-09  5.0785E-07  5.0778E-08  5.0778E-09  5.0778E-10
Ne20   10   20  1.7529E+01  1.5599E+01  1.5422E+01  1.5631E+02  1.7987E+02  1.8954E+02  1.6406E+03  2.0337E+03  2.3516E+03  1.6047E+04  2.3766E+04  2.0923E+04  1.9261E-02  1.7003E-02  1.6651E-02  1.6970E-02  1.9048E-02  2.0003E-02  1.7906E-02  2.0278E-02  2.4471E-02  1.7468E-02  2.4951E-02  2.2138E-02  1.7529E+01  1.5631E+02  1.6406E+03  1.6048E+04  1.9261E-02  1.6970E-02  1.7906E-02  1.7468E-02  1.1647E-03  1.1646E-04  1.1646E-05  1.1646E-06
Ne21   10   21  9.9410E+00  1.3006E+01  1.3368E+01  6.0049E+01  1.2927E+02  1.8757E+02  2.7467E+02  1.1899E+03  2.3130E+03  1.3644E+03  1.3316E+04  3.0426E+04  2.7495E-05  3.5686E-05  3.6331E-05  1.6409E-05  3.4457E-05  4.9826E-05  7.5458E-06  2.9864E-05  6.0583E-05  3.7383E-06  3.5188E-05  8.1031E-05  9.9411E+00  6.0053E+01  2.7472E+02  1.3651E+03  2.7495E-05  1.6410E-05  7.5470E-06  3.7400E-06  2.9317E-06  2.9313E-07  2.9313E-08  2.9313E-09
Ne22   10   22  1.2778E+01  1.5964E+01  2.5917E+01  4.5986E+01  1.5186E+02  3.9903E+02  4.8185E+01  9.0808E+02  3.2732E+03  5.4797E+01  1.6404E+04  2.4740E+04  1.1357E-03  1.4075E-03  2.2634E-03  4.0381E-04  1.3007E-03  3.4061E-03  4.2537E-05  7.3235E-04  2.7549E-03  4.8244E-06  1.3929E-03  2.1172E-03  1.2778E+01  4.5991E+01  4.8227E+01  5.5636E+01  1.1357E-03  4.0385E-04  4.2574E-05  4.8982E-06  9.4207E-05  9.4194E-06  9.4194E-07  9.4194E-08
Na23   11   23  1.6075E+01  1.3133E+01  1.5027E+01  5.7469E+01  4.7274E+01  6.8607E+01  3.1802E+02  2.3985E+02  4.6120E+02  2.5296E+03  1.9581E+03  4.4590E+03  4.4623E-04  3.6165E-04  4.0990E-04  1.5761E-04  1.2647E-04  1.8291E-04  8.7686E-05  6.0416E-05  1.2124E-04  6.9560E-05  5.1932E-05  1.1919E-04  1.6075E+01  5.7468E+01  3.1801E+02  2.5296E+03  4.4623E-04  1.5761E-04  8.7684E-05  6.9559E-05  2.9424E-05  2.9420E-06  2.9420E-07  2.9420E-08
Mg24   12   24  6.9566E+00  6.5202E+00  6.0920E+00  4.5928E+01  6.5708E+01  5.8979E+01  4.4355E+02  8.5616E+02  8.0543E+02  4.1349E+03  1.1072E+04  6.9513E+03  3.6464E-03  3.3904E-03  3.1377E-03  4.2297E-03  5.9026E-03  5.2800E-03  4.1066E-03  7.2415E-03  7.1096E-03  3.8180E-03  9.8598E-03  6.2391E-03  6.9566E+00  4.5929E+01  4.4357E+02  4.1353E+03  3.6464E-03  4.2298E-03  4.1068E-03  3.8183E-03  5.5560E-04  9.8788E-05  9.8788E-06  9.8788E-07
Mg25   12   25  1.1620E+01  1.5146E+01  1.4012E+01  2.2867E+01  4.1896E+01  7.0281E+01  4.5101E+01  2.8084E+02  8.6126E+02  1.9535E+02  5.3529E+03  8.8533E+03  8.0318E-04  1.0386E-03  9.5176E-04  2.7772E-04  4.9632E-04  8.2975E-04  5.5068E-05  3.1326E-04  1.0026E-03  2.3788E-05  6.2866E-04  1.0479E-03  1.1620E+01  2.2868E+01  4.5113E+01  1.9561E+02  8.0319E-04  2.7773E-04  5.5082E-05  2.3820E-05  7.3269E-05  1.3028E-05  1.3028E-06  1.3028E-07
Mg26   12   26  9.7822E+00  1.2376E+01  1.2632E+01  2.0715E+01  3.3079E+01  7.7994E+01  4.5383E+01  1.3038E+02  8.9951E+02  2.5106E+02  1.4849E+03  5.3205E+03  7.7425E-04  9.7177E-04  9.8240E-04  2.8807E-04  4.4870E-04  1.0543E-03  6.3447E-05  1.6651E-04  1.1989E-03  3.5004E-05  1.9968E-04  7.2107E-04  9.7824E+00  2.0716E+01  4.5387E+01  2.5112E+02  7.7426E-04  2.8808E-04  6.3453E-05  3.5013E-05  8.3896E-05  1.4917E-05  1.4917E-06  1.4917E-07
Al27   13   27  9.6334E+00  8.6959E+00  9.4746E+00  5.2909E+01  6.1607E+01  6.2736E+01  2.6196E+02  3.6458E+02  5.7114E+02  1.8441E+03  2.9508E+03  5.3012E+03  5.0912E-04  4.5592E-04  4.9203E-04  2.7627E-04  3.1379E-04  3.1845E-04  1.3752E-04  1.7484E-04  2.8585E-04  9.6545E-05  1.4900E-04  2.6978E-04  9.6333E+00  5.2909E+01  2.6197E+02  1.8441E+03  5.0912E-04  2.7627E-04  1.3752E-04  9.6548E-05  5.6020E-05  5.6013E-06  5.6013E-07  5.6013E-08
Si28   14   28  1.6353E+01  2.2658E+01  2.3425E+01  7.9593E+01  1.1629E+02  1.3621E+02  6.6058E+02  1.2468E+03  1.5103E+03  6.7626E+03  1.1920E+04  1.1157E+04  9.4907E-03  1.3045E-02  1.3359E-02  1.1732E-02  1.6720E-02  1.9516E-02  9.7886E-03  1.6878E-02  2.1338E-02  9.9939E-03  1.6990E-02  1.6027E-02  1.6353E+01  7.9595E+01  6.6061E+02  6.7629E+03  9.4909E-03  1.1732E-02  9.7890E-03  9.9943E-03  6.1519E-04  1.5811E-04  1.5811E-05  1.5811E-06
Si29   14   29  8.1068E+00  9.7182E+00  1.0864E+01  1.5510E+01  2.1512E+01  3.0537E+01  5.8514E+01  1.1974E+02  2.4022E+02  4.1395E+02  9.7639E+02  2.2110E+03  2.4744E-04  2.9426E-04  3.2583E-04  1.2022E-04  1.6265E-04  2.3010E-04  4.5599E-05  8.5246E-05  1.7848E-04  3.2171E-05  7.3187E-05  1.6703E-04  8.1069E+00  1.5510E+01  5.8517E+01  4.1398E+02  2.4744E-04  1.2022E-04  4.5601E-05  3.2173E-05  3.2353E-05  8.3150E-06  8.3150E-07  8.3150E-08
Si30   14   30  1.3957E+01  1.7885E+01  2.1262E+01  2.9844E+01  4.3899E+01  6.0748E+01  8.5357E+01  1.9939E+02  4.5799E+02  4.4183E+02  1.4935E+03  4.6223E+03  2.9051E-04  3.6931E-04  4.3486E-04  1.5776E-04  2.2635E-04  3.1215E-04  4.5361E-05  9.6801E-05  2.3204E-04  2.3416E-05  7.6341E-05  2.3813E-04  1.3957E+01  2.9845E+01  8.5363E+01  4.4188E+02  2.9051E-04  1.5776E-04  4.5364E-05  2.3419E-05  2.2063E-05  5.6703E-06  5.6703E-07  5.6703E-08
P31    15   31  1.3469E+01  1.7785E+01  1.9630E+01  7.9006E+01  1.1472E+02  1.6786E+02  3.0796E+02  6.5487E+02  1.3950E+03  2.1791E+03  5.0878E+03  1.1582E+04  7.4539E-05  9.7638E-05  1.0675E-04  4.3198E-05  6.1182E-05  8.9222E-05  1.6928E-05  3.2886E-05  7.3107E-05  1.1946E-05  2.6900E-05  6.1719E-05  1.3469E+01  7.9008E+01  3.0798E+02  2.1793E+03  7.4540E-05  4.3199E-05  1.6929E-05  1.1947E-05  5.8660E-06  5.8652E-07  5.8652E-08  5.8652E-09
S32    16   32  1.6022E+01  2.3505E+01  2.4545E+01  8.8931E+01  1.5014E+02  1.9498E+02  7.1491E+02  1.6695E+03  2.1445E+03  8.2076E+03  1.5556E+04  1.3562E+04  4.4559E-03  6.4851E-03  6.7078E-03  5.4707E-03  9.0093E-03  1.1660E-02  4.4214E-03  9.4324E-03  1.2645E-02  5.0623E-03  9.2538E-03  8.1312E-03  1.6022E+01  8.8934E+01  7.1496E+02  8.2080E+03  4.4560E-03  5.4709E-03  4.4217E-03  5.0625E-03  2.9480E-04  6.5989E-05  6.5989E-06  6.5989E-07
S33    16   33  1.5834E+01  2.2942E+01  2.5303E+01  4.9675E+01  7.4346E+01  1.1524E+02  2.5651E+02  6.2646E+02  9.7983E+02  2.4559E+03  5.1411E+03  7.1351E+03  3.6357E-05  5.2259E-05  5.7090E-05  2.5230E-05  3.6832E-05  5.6896E-05  1.3097E-05  2.9222E-05  4.7699E-05  1.2506E-05  2.5250E-05  3.5319E-05  1.5834E+01  4.9677E+01  2.5653E+02  2.4560E+03  3.6358E-05  2.5231E-05  1.3098E-05  1.2507E-05  2.4339E-06  5.4482E-07  5.4482E-08  5.4482E-09
S34    16   34  1.9251E+01  2.9193E+01  3.1880E+01  3.9462E+01  5.7671E+01  1.5223E+02  1.1475E+02  2.7110E+02  1.1174E+03  7.9803E+02  2.3610E+03  7.2740E+03  2.5708E-04  3.8674E-04  4.1833E-04  1.1656E-04  1.6616E-04  4.3711E-04  3.4074E-05  7.3545E-05  3.1636E-04  2.3634E-05  6.7437E-05  2.0940E-04  1.9251E+01  3.9463E+01  1.1475E+02  7.9811E+02  2.5708E-04  1.1656E-04  3.4076E-05  2.3636E-05  1.4155E-05  3.1685E-06  3.1685E-07  3.1685E-08
S36    16   36  4.8310E+00  5.4177E+00  8.8454E+00  3.0199E+00  4.5843E+00  1.2519E+01  1.5435E+00  4.2137E+00  3.8459E+01  1.8401E+00  9.8604E+00  9.2041E+02  3.1846E-07  3.5429E-07  5.7295E-07  4.4034E-08  6.5201E-08  1.7744E-07  2.2625E-09  5.6428E-09  5.3749E-08  2.6901E-10  1.3903E-09  1.3080E-07  4.8311E+00  3.0200E+00  1.5436E+00  1.8405E+00  3.1846E-07  4.4035E-08  2.2627E-09  2.6907E-10  6.9873E-08  1.5641E-08  1.5641E-09  1.5641E-10
Cl35   17   35  4.1803E+00  5.5113E+00  6.3130E+00  1.7823E+01  2.7919E+01  6.6248E+01  5.6534E+01  2.2262E+02  5.5349E+02  5.1527E+02  1.4704E+03  3.2576E+03  2.4351E-05  3.1848E-05  3.6135E-05  1.0258E-05  1.5673E-05  3.7064E-05  3.2710E-06  1.1767E-05  3.0533E-05  2.9733E-06  8.1836E-06  1.8272E-05  4.1804E+00  1.7823E+01  5.6542E+01  5.1532E+02  2.4351E-05  1.0258E-05  3.2715E-06  2.9736E-06  6.1745E-06  6.1737E-07  6.1737E-08  6.1737E-09
Cl37   17   37  3.8369E+00  5.2256E+00  5.8201E+00  1.3989E+01  2.5056E+01  5.5938E+01  5.6801E+01  2.6643E+02  4.2508E+02  7.5846E+02  1.6785E+03  1.7002E+03  7.5515E-06  1.0203E-05  1.1256E-05  2.7202E-06  4.7525E-06  1.0574E-05  1.1104E-06  4.7581E-06  7.9228E-06  1.4787E-06  3.1562E-06  3.2222E-06  3.8369E+00  1.3989E+01  5.6812E+01  7.5850E+02  7.5516E-06  2.7203E-06  1.1106E-06  1.4788E-06  2.0862E-06  2.0859E-07  2.0859E-08  2.0859E-09
Ar36   18   36  1.5321E+01  2.2666E+01  2.3743E+01  9.3864E+01  1.7421E+02  2.1822E+02  8.0370E+02  2.0525E+03  2.4435E+03  9.7872E+03  1.8228E+04  1.4573E+04  8.1400E-04  1.1946E-03  1.2395E-03  1.1031E-03  1.9970E-03  2.4929E-03  9.4952E-04  2.2153E-03  2.7523E-03  1.1532E-03  2.0714E-03  1.6690E-03  1.5322E+01  9.3868E+01  8.0376E+02  9.7877E+03  8.1402E-04  1.1031E-03  9.4959E-04  1.1532E-03  5.6315E-05  1.2606E-05  1.2606E-06  1.2606E-07
Ar38   18   38  1.0942E+01  1.7288E+01  2.0327E+01  2.2796E+01  3.5920E+01  2.4656E+02  6.7720E+01  2.3046E+02  1.6483E+03  7.3403E+02  2.1405E+03  5.8033E+03  1.1157E-04  1.7487E-04  2.0366E-04  5.1414E-05  7.9020E-05  5.4056E-04  1.5355E-05  4.7737E-05  3.5631E-04  1.6598E-05  4.6683E-05  1.2756E-04  1.0942E+01  2.2797E+01  6.7728E+01  7.3410E+02  1.1157E-04  5.1415E-05  1.5356E-05  1.6600E-05  1.0808E-05  2.4193E-06  2.4193E-07  2.4193E-08
Ar40   18   40  7.7160E+00  1.0004E+01  1.3893E+01  6.8740E+00  1.3969E+01  1.6106E+01  3.5883E+00  1.6350E+01  2.3189E+01  2.5915E+00  1.6043E+01  1.8464E+03  1.3245E-07  1.7037E-07  2.3434E-07  2.6101E-08  5.1737E-08  5.9446E-08  1.3697E-09  5.7015E-09  8.4394E-09  9.8657E-11  5.8905E-10  6.8328E-08  7.7161E+00  6.8744E+00  3.5889E+00  2.5922E+00  1.3246E-07  2.6102E-08  1.3700E-09  9.8683E-11  1.8196E-08  4.0730E-09  4.0730E-10  4.0730E-11
K39    19   39  3.4890E+00  5.2323E+00  7.4796E+00  2.0242E+01  4.6820E+01  2.0395E+02  8.8110E+01  7.0580E+02  1.6311E+03  1.2352E+03  3.4997E+03  6.7714E+03  9.4307E-06  1.4030E-05  1.9866E-05  5.4057E-06  1.2196E-05  5.2947E-05  2.3656E-06  1.7311E-05  4.1751E-05  3.3073E-06  9.0377E-06  1.7624E-05  3.4891E+00  2.0243E+01  8.8140E+01  1.2353E+03  9.4309E-06  5.4061E-06  2.3664E-06  3.3076E-06  2.8651E-06  2.8647E-07  2.8647E-08  2.8647E-09
K40    19   40  2.7130E+01  4.1233E+01  7.2102E+01  9.3509E+01  1.6424E+02  3.0503E+02  6.6012E+01  4.1379E+02  1.1729E+03  1.1120E+02  5.9893E+02  4.4641E+04  1.1871E-07  1.7899E-07  3.1003E-07  4.0428E-08  6.9261E-08  1.2820E-07  2.8692E-09  1.6431E-08  4.8602E-08  4.8204E-10  2.5040E-09  1.8810E-07  2.7130E+01  9.3512E+01  6.6029E+01  1.1123E+02  1.1872E-07  4.0429E-08  2.8699E-09  4.8215E-10  4.6383E-09  4.6377E-10  4.6377E-11  4.6377E-12
K41    19   41  5.5273E+00  8.5597E+00  1.3164E+01  2.6682E+01  9.6970E+01  2.6936E+02  1.2856E+02  1.7649E+03  2.0229E+03  2.5734E+03  4.0180E+03  5.7264E+03  1.1335E-06  1.7414E-06  2.6526E-06  5.4060E-07  1.9164E-06  5.3053E-06  2.6186E-07  3.2843E-06  3.9284E-06  5.2276E-07  7.8722E-07  1.1308E-06  5.5274E+00  2.6685E+01  1.2864E+02  2.5734E+03  1.1335E-06  5.4067E-07  2.6202E-07  5.2277E-07  2.1737E-07  2.1734E-08  2.1734E-09  2.1734E-10
Ca40   20   40  1.2413E+01  1.8408E+01  1.9529E+01  8.2053E+01  1.6567E+02  2.0409E+02  7.5399E+02  2.0124E+03  2.3085E+03  9.3402E+03  1.6798E+04  1.2932E+04  7.3136E-04  1.0759E-03  1.1306E-03  1.0693E-03  2.1058E-03  2.5854E-03  9.8782E-04  2.4085E-03  2.8835E-03  1.2204E-03  2.1168E-03  1.6425E-03  1.2414E+01  8.2058E+01  7.5405E+02  9.3406E+03  7.3138E-04  1.0693E-03  9.8789E-04  1.2204E-03  6.2452E-05  1.3979E-05  1.3979E-06  1.3979E-07
Ca42   20   42  1.1091E+01  1.7676E+01  2.1443E+01  1.9969E+01  3.6492E+01  2.7291E+02  5.1380E+01  2.7626E+02  1.7300E+03  6.6618E+02  1.9780E+03  5.2486E+03  4.5794E-06  7.2399E-06  8.6996E-06  1.8237E-06  3.2508E-06  2.4228E-05  4.7175E-07  2.3172E-06  1.5144E-05  6.1000E-07  1.7468E-06  4.6716E-06  1.1092E+01  1.9970E+01  5.1391E+01  6.6625E+02  4.5796E-06  1.8238E-06  4.7184E-07  6.1006E-07  4.3765E-07  9.7966E-08  9.7966E-09  9.7966E-10
Ca43   20   43  6.3541E+00  8.0887E+00  9.6292E+00  6.6849E+00  9.2081E+00  1.2105E+01  7.4294E+00  1.9525E+01  2.8913E+01  6.1673E+00  2.2337E+01  7.0877E+02  5.6045E-07  7.0776E-07  8.3457E-07  1.3042E-07  1.7523E-07  2.2957E-07  1.4572E-08  3.4985E-08  5.4067E-08  1.2064E-09  4.2140E-09  1.3477E-07  6.3542E+00  6.6851E+00  7.4300E+00  6.1681E+00  5.6045E-07  1.3042E-07  1.4573E-08  1.2065E-09  9.3493E-08  2.0928E-08  2.0928E-09  2.0928E-10
Ca44   20   44  2.6067E+00  2.9756E+00  3.1376E+00  4.4469E+00  6.9092E+00  6.8602E+00  2.0528E+01  5.4747E+01  4.5584E+01  2.1941E+02  3.3899E+02  3.0812E+02  3.6351E-06  4.1166E-06  4.2995E-06  1.3717E-06  2.0789E-06  2.0571E-06  6.3660E-07  1.5510E-06  1.3477E-06  6.7858E-07  1.0112E-06  9.2630E-07  2.6067E+00  4.4470E+00  2.0530E+01  2.1942E+02  3.6352E-06  1.3718E-06  6.3665E-07  6.7860E-07  1.4782E-06  3.3089E-07  3.3089E-08  3.3089E-09
Ca46   20   46  6.0801E+01  8.8317E+01  8.3088E+01  4.7212E+01  1.1178E+02  8.6152E+01  1.8496E+01  1.2647E+02  1.0225E+02  8.5644E+00  1.1742E+02  6.8889E+02  1.6998E-07  2.4494E-07  2.2826E-07  2.9195E-08  6.7425E-08  5.1788E-08  1.1499E-09  7.1828E-09  6.0605E-09  5.3100E-11  7.0213E-10  4.1518E-09  6.0802E+01  4.7216E+01  1.8501E+01  8.5699E+00  1.6998E-07  2.9198E-08  1.1502E-09  5.3134E-11  2.9634E-09  6.6334E-10  6.6334E-11  6.6334E-12
Ca48   20   48  9.2610E-01  8.8482E-01  9.1391E-01  9.1975E-01  8.3908E-01  8.1392E-01  9.0552E-01  8.7661E-01  7.6008E-01  8.9873E-01  8.3019E-01  7.4234E-01  1.2630E-07  1.1971E-07  1.2247E-07  2.7746E-08  2.4691E-08  2.3868E-08  2.7462E-09  2.4287E-09  2.1977E-09  2.7183E-10  2.4218E-10  2.1825E-10  9.2610E-01  9.1975E-01  9.0552E-01  8.9872E-01  1.2630E-07  2.7746E-08  2.7462E-09  2.7183E-10  1.4456E-07  3.2360E-08  3.2360E-09  3.2360E-10
Sc45   21   45  1.3189E+01  1.7639E+01  1.9627E+01  3.4945E+01  6.1721E+01  6.6220E+01  4.5359E+01  2.6281E+02  2.4514E+02  4.7079E+02  8.0925E+02  3.9458E+03  5.8224E-07  7.7248E-07  8.5142E-07  1.5242E-07  2.6259E-07  2.8077E-07  1.9890E-08  1.0528E-07  1.0248E-07  2.0588E-08  3.4132E-08  1.6773E-07  1.3189E+01  3.4947E+01  4.5369E+01  4.7081E+02  5.8225E-07  1.5243E-07  1.9894E-08  2.0589E-08  4.6794E-08  4.6788E-09  4.6788E-10  4.6788E-11
Ti46   22   46  8.1220E+00  1.4425E+01  1.6777E+01  2.0857E+01  3.9271E+01  2.5705E+02  5.5135E+01  3.2009E+02  2.0497E+03  7.9916E+02  1.6695E+03  5.3564E+03  1.9079E-06  3.3615E-06  3.8725E-06  9.6585E-07  1.7739E-06  1.1572E-05  2.5668E-07  1.3614E-06  9.0979E-06  3.7105E-07  7.4759E-07  2.4175E-06  8.1223E+00  2.0858E+01  5.5147E+01  7.9921E+02  1.9079E-06  9.6590E-07  2.5674E-07  3.7107E-07  2.4899E-07  4.9675E-08  4.9675E-09  4.9675E-10
Ti47   22   47  2.4434E+00  3.1976E+00  3.7875E+00  3.5393E+00  5.1698E+00  9.3949E+00  2.7452E+00  1.4183E+01  3.6036E+01  1.0896E+01  2.3630E+01  4.6368E+02  5.2886E-07  6.8661E-07  8.0555E-07  1.5102E-07  2.1517E-07  3.8969E-07  1.1776E-08  5.5579E-08  1.4738E-07  4.6613E-09  9.7498E-09  1.9282E-07  2.4434E+00  3.5394E+00  2.7458E+00  1.0896E+01  5.2886E-07  1.5102E-07  1.1779E-08  4.6616E-09  2.2943E-07  4.5771E-08  4.5771E-09  4.5771E-10
Ti48   22   48  3.5185E+00  4.0457E+00  4.4202E+00  1.6887E+01  2.3658E+01  2.0887E+01  1.5149E+02  2.4207E+02  2.1560E+02  1.6982E+03  2.4064E+03  2.0323E+03  7.7066E-06  8.7908E-06  9.5135E-06  7.2915E-06  9.9642E-06  8.7671E-06  6.5759E-06  9.5998E-06  8.9229E-06  7.3519E-06  1.0048E-05  8.5525E-06  3.5185E+00  1.6887E+01  1.5149E+02  1.6982E+03  7.7067E-06  7.2916E-06  6.5761E-06  7.3521E-06  2.3217E-06  4.6318E-07  4.6318E-08  4.6318E-09
Ti49   22   49  6.6517E+00  9.4200E+00  1.0921E+01  2.0852E+01  3.2714E+01  3.7368E+01  1.1251E+02  2.1093E+02  2.6392E+02  1.2099E+03  1.7928E+03  2.6519E+03  1.0915E-06  1.5334E-06  1.7609E-06  6.7450E-07  1.0322E-06  1.1750E-06  3.6589E-07  6.2666E-07  8.1828E-07  3.9241E-07  5.6079E-07  8.3602E-07  6.6518E+00  2.0852E+01  1.1252E+02  1.2100E+03  1.0915E-06  6.7452E-07  3.6590E-07  3.9242E-07  1.7393E-07  3.4699E-08  3.4699E-09  3.4699E-10
Ti50   22   50  5.7359E+00  9.0477E+00  9.4467E+00  1.3470E+01  2.6188E+01  4.0294E+01  3.3469E+00  2.1572E+01  7.1097E+01  1.8585E+00  3.3118E+01  1.1724E+02  9.1955E-07  1.4389E-06  1.4881E-06  4.2572E-07  8.0731E-07  1.2379E-06  1.0634E-08  6.2615E-08  2.1537E-07  5.8892E-10  1.0121E-08  3.6113E-08  5.7361E+00  1.3471E+01  3.3478E+00  1.8601E+00  9.1958E-07  4.2574E-07  1.0637E-08  5.8942E-10  1.6993E-07  3.3902E-08  3.3902E-09  3.3902E-10
V50    23   50  3.6455E+01  6.0770E+01  7.0804E+01  9.0463E+01  1.5153E+02  1.5283E+02  2.0938E+01  1.2506E+02  2.1680E+02  1.9821E+01  1.2303E+02  2.6710E+04  2.6936E-08  4.4546E-08  5.1409E-08  6.6042E-09  1.0790E-08  1.0846E-08  1.5367E-10  8.3849E-10  1.5171E-09  1.4508E-11  8.6856E-11  1.9005E-08  3.6456E+01  9.0466E+01  2.0943E+01  1.9826E+01  2.6937E-08  6.6045E-09  1.5371E-10  1.4512E-11  7.8323E-10  7.8312E-11  7.8312E-12  7.8312E-13
V51    23   51  5.7773E+00  1.1289E+01  1.1717E+01  3.3431E+01  4.6295E+01  8.8358E+01  1.6195E+02  2.7320E+02  6.8213E+02  1.4610E+03  1.9435E+03  5.9994E+03  1.7374E-06  3.3678E-06  3.4624E-06  9.9329E-07  1.3417E-06  2.5520E-06  4.8375E-07  7.4552E-07  1.9426E-06  4.3522E-07  5.5839E-07  1.7373E-06  5.7776E+00  3.3431E+01  1.6195E+02  1.4610E+03  1.7375E-06  9.9331E-07  4.8376E-07  4.3522E-07  3.1876E-07  3.1872E-08  3.1872E-09  3.1872E-10
Cr50   24   50  9.4270E+00  5.9877E+01  4.4844E+01  4.7745E+01  7.4826E+01  3.0343E+02  1.6451E+02  4.6802E+02  2.7558E+03  1.6064E+03  2.8497E+03  1.3947E+04  6.2088E-06  3.9122E-05  2.9022E-05  3.1069E-06  4.7496E-06  1.9194E-05  1.0762E-06  2.7971E-06  1.7189E-05  1.0481E-06  1.7932E-06  8.8450E-06  9.4297E+00  4.7747E+01  1.6452E+02  1.6065E+03  6.2106E-06  3.1070E-06  1.0763E-06  1.0481E-06  6.9813E-07  6.9804E-08  6.9804E-09  6.9804E-10
Cr52   24   52  7.0386E+00  1.0802E+01  1.0239E+01  7.7038E+01  1.0576E+02  9.6853E+01  7.1381E+02  1.0534E+03  1.0010E+03  7.9669E+03  1.0643E+04  9.5702E+03  9.2970E-05  1.4155E-04  1.3290E-04  1.0054E-04  1.3462E-04  1.2287E-04  9.3652E-05  1.2626E-04  1.2521E-04  1.0424E-04  1.3431E-04  1.2172E-04  7.0388E+00  7.7040E+01  7.1383E+02  7.9670E+03  9.2973E-05  1.0054E-04  9.3654E-05  1.0424E-04  1.4001E-05  1.3999E-06  1.3999E-07  1.3999E-08
Cr53   24   53  7.5753E+00  2.0542E+01  1.5392E+01  6.0498E+01  8.2887E+01  1.0374E+02  4.4454E+02  6.8336E+02  1.0057E+03  4.6465E+03  6.2603E+03  9.4929E+03  1.1565E-05  3.1110E-05  2.3090E-05  9.1252E-06  1.2195E-05  1.5211E-05  6.7410E-06  9.4666E-06  1.4540E-05  7.0269E-06  9.1311E-06  1.3955E-05  7.5760E+00  6.0499E+01  4.4455E+02  4.6466E+03  1.1566E-05  9.1253E-06  6.7412E-06  7.0270E-06  1.6182E-06  1.6180E-07  1.6180E-08  1.6180E-09
Cr54   24   54  3.1173E+00  4.0001E+00  4.1257E+00  3.8418E+00  5.5313E+00  9.6334E+00  3.5738E+00  5.6232E+00  2.8046E+01  2.7356E+00  7.1650E+00  4.8721E+01  1.2069E-06  1.5364E-06  1.5696E-06  1.4696E-07  2.0639E-07  3.5822E-07  1.3744E-08  1.9756E-08  1.0283E-07  1.0492E-09  2.6504E-09  1.8164E-08  3.1173E+00  3.8418E+00  3.5739E+00  2.7359E+00  1.2069E-06  1.4696E-07  1.3744E-08  1.0493E-09  4.1040E-07  4.1034E-08  4.1034E-09  4.1034E-10
Mn55   25   55  5.9465E+00  1.7826E+01  1.3940E+01  3.9225E+01  5.3879E+01  7.8520E+01  2.3625E+02  3.6375E+02  7.4666E+02  2.1780E+03  2.8920E+03  6.9654E+03  6.1137E-05  1.8181E-04  1.4083E-04  3.9843E-05  5.3383E-05  7.7532E-05  2.4126E-05  3.3934E-05  7.2695E-05  2.2181E-05  2.8406E-05  6.8954E-05  5.9471E+00  3.9226E+01  2.3626E+02  2.1780E+03  6.1144E-05  3.9844E-05  2.4126E-05  2.2181E-05  1.0898E-05  1.0896E-06  1.0896E-07  1.0896E-08
Fe54   26   54  7.3412E+00  4.6352E+01  3.1188E+01  3.7836E+01  5.6938E+01  1.1757E+02  1.4798E+02  2.7517E+02  1.1091E+03  1.2216E+03  2.0584E+03  9.9404E+03  5.0889E-04  3.1875E-03  2.1244E-03  2.5913E-04  3.8038E-04  7.8275E-04  1.0189E-04  1.7309E-04  7.2807E-04  8.3886E-05  1.3632E-04  6.6352E-04  7.3433E+00  3.7837E+01  1.4798E+02  1.2217E+03  5.0904E-04  2.5914E-04  1.0189E-04  8.3889E-05  7.3478E-05  7.3468E-06  7.3468E-07  7.3468E-08
Fe56   26   56  3.0193E+00  3.0838E+00  3.0388E+00  2.2809E+01  2.3262E+01  2.3564E+01  2.1977E+02  2.3581E+02  2.3341E+02  2.1962E+03  2.2772E+03  2.2227E+03  3.4073E-03  3.4524E-03  3.3698E-03  2.5431E-03  2.5299E-03  2.5539E-03  2.4634E-03  2.4147E-03  2.4944E-03  2.4550E-03  2.4552E-03  2.4152E-03  3.0193E+00  2.2809E+01  2.1977E+02  2.1962E+03  3.4073E-03  2.5431E-03  2.4634E-03  2.4550E-03  1.1962E-03  1.1960E-04  1.1960E-05  1.1960E-06
Fe57   26   57  3.6682E+00  6.7995E+00  3.7410E+00  1.7578E+01  1.2663E+01  1.9083E+01  1.4338E+02  1.0829E+02  1.6450E+02  1.1423E+03  8.7041E+02  1.6439E+03  9.7306E-05  1.7893E-04  9.7513E-05  4.6070E-05  3.2373E-05  4.8619E-05  3.7779E-05  2.6066E-05  4.1323E-05  3.0017E-05  2.2060E-05  4.1990E-05  3.6684E+00  1.7578E+01  1.4338E+02  1.1423E+03  9.7310E-05  4.6069E-05  3.7778E-05  3.0016E-05  2.8118E-05  2.8114E-06  2.8114E-07  2.8114E-08
Fe58   26   58  1.1084E+01  1.4316E+01  1.3911E+01  1.0021E+01  1.1919E+01  9.3086E+00  1.6860E+01  1.5290E+01  7.2538E+00  1.0576E+01  1.6493E+01  8.2172E+00  3.9817E-05  5.1015E-05  4.9104E-05  3.5566E-06  4.1263E-06  3.2116E-06  6.0158E-07  4.9839E-07  2.4676E-07  3.7634E-08  5.6605E-08  2.8423E-08  1.1085E+01  1.0021E+01  1.6860E+01  1.0576E+01  3.9817E-05  3.5566E-06  6.0157E-07  3.7635E-08  3.8076E-06  3.8072E-07  3.8072E-08  3.8072E-09
Co59   27   59  6.7240E+00  6.2343E+01  7.0079E+00  7.6565E+00  5.7860E+00  6.4438E+00  2.7683E+01  1.4591E+01  2.6780E+01  1.2411E+02  2.1146E+01  1.3670E+02  2.6925E-05  2.4766E-04  2.7574E-05  3.0292E-06  2.2329E-06  2.4783E-06  1.1011E-06  5.3018E-07  1.0155E-06  4.9230E-07  8.0901E-08  5.2709E-07  6.7269E+00  7.6564E+00  2.7683E+01  1.2410E+02  2.6937E-05  3.0292E-06  1.1011E-06  4.9228E-07  4.2445E-06  4.2440E-07  4.2440E-08  4.2440E-09
Ni58   28   58  3.4170E+00  1.6913E+02  5.9217E+00  1.0954E+01  1.0861E+01  2.3112E+01  5.8296E+01  6.6363E+01  1.9676E+02  4.1594E+02  5.3318E+02  2.1821E+03  1.5551E-04  7.6356E-03  2.6481E-04  4.9257E-05  4.7638E-05  1.0102E-04  2.6353E-05  2.7406E-05  8.4803E-05  1.8752E-05  2.3183E-05  9.5625E-05  3.4257E+00  1.0954E+01  5.8297E+01  4.1595E+02  1.5591E-04  4.9257E-05  2.6353E-05  1.8752E-05  4.8240E-05  4.8234E-06  4.8234E-07  4.8234E-08
Ni60   28   60  3.2015E+00  1.8010E+02  2.8042E+00  9.1329E+00  3.2469E+00  5.0300E+00  7.0028E+01  1.3856E+01  3.1016E+01  4.2103E+02  4.1278E+01  1.4198E+02  5.8060E-05  3.2401E-03  4.9971E-05  1.6364E-05  5.6746E-06  8.7610E-06  1.2614E-05  2.2802E-06  5.3266E-06  7.5636E-06  7.1520E-07  2.4793E-06  3.2109E+00  9.1326E+00  7.0025E+01  4.2101E+02  5.8230E-05  1.6363E-05  1.2614E-05  7.5632E-06  1.9223E-05  1.9220E-06  1.9220E-07  1.9220E-08
Ni61   28   61  1.1091E+01  5.1694E+01  1.2969E+01  1.5404E+01  1.1560E+01  1.0793E+01  6.3049E+01  1.8437E+01  2.9620E+01  2.7713E+02  2.8364E+01  1.8956E+02  8.8891E-06  4.1100E-05  1.0214E-05  1.2197E-06  8.9287E-07  8.3078E-07  5.0191E-07  1.3408E-07  2.2481E-07  2.2002E-07  2.1719E-08  1.4629E-07  1.1093E+01  1.5403E+01  6.3046E+01  2.7712E+02  8.8908E-06  1.2197E-06  5.0189E-07  2.2001E-07  8.4952E-07  8.4941E-08  8.4941E-09  8.4941E-10
Ni62   28   62  1.4887E+01  9.5873E+01  1.5634E+01  2.1570E+01  1.6544E+01  1.8284E+01  7.5249E+01  2.1389E+01  6.8527E+01  2.8874E+02  2.5773E+01  8.0505E+02  3.8666E-05  2.4703E-04  3.9902E-05  5.5353E-06  4.1411E-06  4.5609E-06  1.9413E-06  5.0410E-07  1.6855E-06  7.4290E-07  6.3954E-08  2.0134E-06  1.4891E+01  2.1570E+01  7.5246E+01  2.8873E+02  3.8677E-05  5.5352E-06  1.9412E-06  7.4287E-07  2.7531E-06  2.7527E-07  2.7527E-08  2.7527E-09
Ni64   28   64  2.4389E+01  3.6127E+01  3.6918E+01  2.7276E+01  5.1282E+01  4.5025E+01  8.3991E+00  5.1022E+01  3.4065E+01  1.9794E+00  5.1494E+01  2.6768E+01  1.6652E-05  2.4470E-05  2.4769E-05  1.8401E-06  3.3744E-06  2.9526E-06  5.6963E-08  3.1612E-07  2.2026E-07  1.3388E-09  3.3592E-08  1.7599E-08  2.4389E+01  2.7278E+01  8.4012E+00  1.9819E+00  1.6653E-05  1.8401E-06  5.6977E-08  1.3405E-09  7.2374E-07  7.2364E-08  7.2364E-09  7.2364E-10
Cu63   29   63  2.5236E+01  4.9570E+01  3.2707E+01  2.3962E+01  3.6485E+01  2.8335E+01  1.6394E+01  4.3150E+01  1.8188E+01  2.8538E+01  4.9124E+01  1.8363E+01  1.1829E-05  2.3051E-05  1.5065E-05  1.1098E-06  1.6482E-06  1.2757E-06  7.6331E-08  1.8354E-07  8.0738E-08  1.3251E-08  2.2000E-08  8.2885E-09  2.5237E+01  2.3963E+01  1.6395E+01  2.8539E+01  1.1830E-05  1.1098E-06  7.6337E-08  1.3252E-08  4.9686E-07  4.9680E-08  4.9680E-09  4.9680E-10
Cu65   29   65  4.4431E+01  7.0044E+01  6.7665E+01  7.4351E+01  1.1325E+02  9.6822E+01  2.8993E+01  1.2269E+02  7.7015E+01  8.9804E+00  1.2815E+02  5.4948E+01  9.5775E-06  1.4979E-05  1.4333E-05  1.5835E-06  2.3526E-06  2.0045E-06  6.2078E-08  2.3998E-07  1.5722E-07  1.9176E-09  2.6392E-08  1.1405E-08  4.4432E+01  7.4353E+01  2.8997E+01  8.9865E+00  9.5778E-06  1.5836E-06  6.2087E-08  1.9189E-09  2.2849E-07  2.2846E-08  2.2846E-09  2.2846E-10
Zn64   30   64  4.2120E+00  2.3210E+02  5.4025E+00  9.3503E+00  1.0651E+01  8.0990E+00  1.5894E+01  1.9080E+01  8.1182E+00  7.1313E+01  2.3004E+01  1.0558E+01  3.3056E-06  1.8071E-04  4.1663E-06  7.2502E-07  8.0560E-07  6.1047E-07  1.2390E-07  1.3588E-07  6.0336E-08  5.5441E-08  1.7249E-08  7.9789E-09  4.2240E+00  9.3504E+00  1.5894E+01  7.1310E+01  3.3150E-06  7.2503E-07  1.2390E-07  5.5439E-08  8.3188E-07  8.3177E-08  8.3177E-09  8.3177E-10
Zn66   30   66  2.3092E+01  4.2544E+01  3.4460E+01  4.2851E+01  6.8687E+01  5.7970E+01  1.6938E+01  7.3500E+01  4.6089E+01  2.3147E+01  7.3076E+01  6.4220E+01  1.0722E-05  1.9597E-05  1.5723E-05  1.9659E-06  3.0737E-06  2.5853E-06  7.8119E-08  3.0969E-07  2.0267E-07  1.0647E-08  3.2419E-08  2.8714E-08  2.3093E+01  4.2852E+01  1.6940E+01  2.3150E+01  1.0723E-05  1.9659E-06  7.8132E-08  1.0648E-08  4.9218E-07  4.9212E-08  4.9212E-09  4.9212E-10
Zn67   30   67  2.8954E+01  4.1581E+01  4.1589E+01  5.2135E+01  8.4497E+01  7.5583E+01  1.2489E+01  8.1477E+01  5.6414E+01  1.7584E+00  8.5733E+01  3.9848E+01  2.0056E-06  2.8573E-06  2.8308E-06  3.5680E-07  5.6408E-07  5.0285E-07  8.5930E-09  5.1213E-08  3.7006E-08  1.2066E-10  5.6739E-09  2.6579E-09  2.8955E+01  5.2136E+01  1.2492E+01  1.7627E+00  2.0057E-06  3.5681E-07  8.5953E-09  1.2095E-10  7.3424E-08  7.3414E-09  7.3414E-10  7.3414E-11
Zn68   30   68  3.3115E+01  6.1898E+01  5.2545E+01  6.7659E+01  1.2084E+02  1.1565E+02  9.3405E+00  1.0067E+02  9.6752E+01  1.3542E+00  1.2190E+02  6.6098E+01  1.0647E-05  1.9742E-05  1.6600E-05  2.1493E-06  3.7443E-06  3.5713E-06  2.9829E-08  2.9369E-07  2.9458E-07  4.3130E-10  3.7444E-08  2.0463E-08  3.3116E+01  6.7662E+01  9.3450E+00  1.3604E+00  1.0647E-05  2.1493E-06  2.9843E-08  4.3327E-10  3.4079E-07  3.4075E-08  3.4075E-09  3.4075E-10
Zn70   30   70  8.1233E+01  1.5670E+02  1.6360E+02  3.6495E+01  6.8731E+01  8.8822E+01  1.5198E+00  6.3479E+01  3.0978E+01  8.4066E-01  9.6603E+00  4.1023E+01  8.8898E-07  1.7013E-06  1.7592E-06  3.9462E-08  7.2492E-08  9.3363E-08  1.6521E-10  6.3040E-09  3.2106E-09  9.1139E-12  1.0101E-10  4.3231E-10  8.1237E+01  3.6496E+01  1.5228E+00  8.4112E-01  8.8902E-07  3.9463E-08  1.6554E-10  9.1188E-12  1.1600E-08  1.1599E-09  1.1599E-10  1.1599E-11
Ga69   31   69  5.6603E+01  8.9721E+01  8.8220E+01  1.2341E+02  2.2589E+02  2.0727E+02  1.6290E+01  1.8712E+02  1.6635E+02  1.7546E+00  2.1206E+02  1.1432E+02  1.7877E-06  2.8112E-06  2.7379E-06  3.8510E-07  6.8758E-07  6.2875E-07  5.1104E-09  5.3627E-08  4.9756E-08  5.4896E-11  6.3990E-09  3.4769E-09  5.6604E+01  1.2341E+02  1.6298E+01  1.7654E+00  1.7878E-06  3.8512E-07  5.1130E-09  5.5233E-11  3.3478E-08  3.3474E-09  3.3474E-10  3.3474E-11
Ga71   31   71  7.0991E+01  1.2479E+02  1.3075E+02  1.5694E+02  2.7870E+02  2.7904E+02  1.3431E+01  2.1270E+02  2.4295E+02  1.5339E+00  2.7350E+02  1.6878E+02  1.5312E-06  2.6700E-06  2.7712E-06  3.3444E-07  5.7931E-07  5.7804E-07  2.8774E-09  4.1629E-08  4.9624E-08  3.2772E-11  5.6359E-09  3.5052E-09  7.0994E+01  1.5695E+02  1.3441E+01  1.5478E+00  1.5312E-06  3.3446E-07  2.8795E-09  3.3070E-11  2.2862E-08  2.2859E-09  2.2859E-10  2.2859E-11
Ge70   32   70  5.1573E+01  8.8881E+01  8.2599E+01  1.5074E+02  2.7141E+02  2.5076E+02  2.3576E+01  2.7749E+02  2.1400E+02  2.2805E+00  3.1053E+02  1.4960E+02  2.3340E-06  3.9904E-06  3.6732E-06  6.7400E-07  1.1838E-06  1.0900E-06  1.0598E-08  1.1396E-07  9.1716E-08  1.0224E-10  1.3427E-08  6.5192E-09  5.1575E+01  1.5074E+02  2.3588E+01  2.2963E+00  2.3341E-06  6.7402E-07  1.0603E-08  1.0294E-10  4.7971E-08  4.7964E-09  4.7964E-10  4.7964E-11
Ge72   32   72  4.1401E+01  7.0529E+01  6.9962E+01  1.0565E+02  2.0055E+02  1.9886E+02  7.7153E+00  1.5504E+02  1.8165E+02  1.1946E+00  1.9737E+02  1.2536E+02  2.5467E-06  4.3040E-06  4.2289E-06  6.4211E-07  1.1889E-06  1.1749E-06  4.7142E-09  8.6544E-08  1.0582E-07  7.2796E-11  1.1600E-08  7.4255E-09  4.1402E+01  1.0565E+02  7.7225E+00  1.2047E+00  2.5468E-06  6.4214E-07  4.7186E-09  7.3409E-11  6.5204E-08  6.5196E-09  6.5196E-10  6.5196E-11
Ge73   32   73  3.7511E+01  5.8682E+01  6.0728E+01  9.6583E+01  1.8681E+02  1.9607E+02  7.3028E+00  1.4869E+02  1.8321E+02  1.2334E+00  1.9268E+02  1.2777E+02  6.5666E-07  1.0191E-06  1.0446E-06  1.6705E-07  3.1515E-07  3.2966E-07  1.2698E-09  2.3619E-08  3.0373E-08  2.1389E-11  3.2226E-09  2.1537E-09  3.7512E+01  9.6588E+01  7.3097E+00  1.2432E+00  6.5668E-07  1.6705E-07  1.2710E-09  2.1559E-11  1.8556E-08  1.8553E-09  1.8553E-10  1.8553E-11
Ge74   32   74  3.2857E+01  5.8299E+01  6.0313E+01  1.0279E+02  2.0481E+02  2.2744E+02  5.1192E+00  1.4574E+02  2.3309E+02  1.1500E+00  2.1653E+02  1.6944E+02  2.7366E-06  4.8169E-06  4.9361E-06  8.4582E-07  1.6440E-06  1.8194E-06  4.2351E-09  1.1015E-07  1.8384E-07  9.4883E-11  1.7230E-08  1.3589E-08  3.2859E+01  1.0279E+02  5.1261E+00  1.1611E+00  2.7367E-06  8.4587E-07  4.2407E-09  9.5795E-11  8.8283E-08  8.8272E-09  8.8272E-10  8.8272E-11
Ge76   32   76  3.2860E+01  5.2582E+01  5.1581E+01  2.4599E+01  4.4877E+01  6.8389E+01  9.7134E-01  2.0340E+01  3.2433E+01  8.2983E-01  6.8892E+00  2.9876E+01  5.8959E-07  9.3595E-07  9.0942E-07  4.3607E-08  7.7601E-08  1.1785E-07  1.7311E-10  3.3117E-09  5.5109E-09  1.4749E-11  1.1810E-10  5.1616E-10  3.2861E+01  2.4600E+01  9.7228E-01  8.3014E-01  5.8961E-07  4.3609E-08  1.7328E-10  1.4755E-11  1.9019E-08  1.9016E-09  1.9016E-10  1.9016E-11
As75   33   75  7.1814E+01  1.1646E+02  1.1474E+02  1.9142E+02  3.9138E+02  3.9945E+02  8.4950E+00  2.4693E+02  3.3886E+02  1.2780E+00  2.9859E+02  2.3065E+02  7.4634E-07  1.2007E-06  1.1717E-06  1.9656E-07  3.9201E-07  3.9873E-07  8.7696E-10  2.3288E-08  3.3352E-08  1.3158E-11  2.9649E-09  2.3083E-09  7.1817E+01  1.9143E+02  8.5066E+00  1.2933E+00  7.4636E-07  1.9657E-07  8.7815E-10  1.3315E-11  1.1016E-08  1.1015E-09  1.1015E-10  1.1015E-11
Se74   34   74  1.6470E+02  2.7201E+02  2.5704E+02  6.1095E+02  1.2466E+03  1.2463E+03  7.1458E+01  1.3610E+03  1.0590E+03  6.4979E+00  1.3573E+03  7.3594E+02  1.6481E-07  2.7002E-07  2.5275E-07  6.0406E-08  1.2022E-07  1.1979E-07  7.1029E-10  1.2359E-08  1.0036E-08  6.4415E-12  1.2977E-09  7.0916E-10  1.6470E+02  6.1098E+02  7.1520E+01  6.5672E+00  1.6481E-07  6.0409E-08  7.1091E-10  6.5102E-12  1.0607E-09  1.0606E-10  1.0606E-11  1.0606E-12
Se76   34   76  7.0269E+01  1.2587E+02  1.2651E+02  2.8577E+02  5.6457E+02  6.2066E+02  1.2498E+01  4.3041E+02  5.9414E+02  1.8036E+00  5.7263E+02  4.2734E+02  7.6031E-07  1.3511E-06  1.3450E-06  3.0551E-07  5.8874E-07  6.4502E-07  1.3433E-09  4.2261E-08  6.0881E-08  1.9332E-11  5.9198E-09  4.4525E-09  7.0272E+01  2.8579E+02  1.2518E+01  1.8329E+00  7.6034E-07  3.0553E-07  1.3454E-09  1.9646E-11  1.1469E-08  1.1468E-09  1.1468E-10  1.1468E-11
Se77   34   77  7.3701E+01  1.2289E+02  1.2144E+02  1.4858E+02  3.2962E+02  3.8715E+02  4.9262E+00  1.6975E+02  2.8648E+02  1.1204E+00  2.1722E+02  2.2652E+02  6.5791E-07  1.0883E-06  1.0653E-06  1.3105E-07  2.8358E-07  3.3194E-07  4.3680E-10  1.3751E-08  2.4218E-08  9.9080E-12  1.8526E-09  1.9471E-09  7.3704E+01  1.4859E+02  4.9342E+00  1.1315E+00  6.5793E-07  1.3106E-07  4.3751E-10  1.0006E-11  9.4622E-09  9.4610E-10  9.4610E-11  9.4610E-12
Se78   34   78  3.4739E+01  6.8232E+01  7.3111E+01  1.4247E+02  2.9753E+02  3.5852E+02  5.3106E+00  2.2944E+02  4.4756E+02  1.3208E+00  3.7699E+02  3.3634E+02  9.7864E-07  1.9069E-06  2.0239E-06  3.9654E-07  8.0779E-07  9.7004E-07  1.4860E-09  5.8653E-08  1.1940E-07  3.6860E-11  1.0147E-08  9.1238E-09  3.4741E+01  1.4247E+02  5.3215E+00  1.3401E+00  9.7869E-07  3.9656E-07  1.4891E-09  3.7398E-11  2.9861E-08  2.9857E-09  2.9857E-10  2.9857E-11
Se80   34   80  1.2673E+01  2.4730E+01  2.8309E+01  2.4547E+01  8.9146E+01  1.1354E+02  1.1405E+00  5.7805E+01  9.5899E+01  8.7544E-01  4.9448E+01  7.8190E+01  7.6419E-07  1.4794E-06  1.6774E-06  1.4625E-07  5.1809E-07  6.5763E-07  6.8314E-10  3.1631E-08  5.4765E-08  5.2296E-11  2.8489E-09  4.5403E-09  1.2673E+01  2.4550E+01  1.1432E+00  8.7793E-01  7.6423E-07  1.4627E-07  6.8478E-10  5.2445E-11  6.3920E-08  6.3912E-09  6.3912E-10  6.3912E-11
Se82   34   82  2.4611E+01  3.6728E+01  4.4435E+01  1.8693E+01  3.8545E+01  8.4747E+01  8.4653E-01  1.1053E+01  3.6944E+01  8.8031E-01  2.4971E+00  3.7204E+01  2.6768E-07  3.9629E-07  4.7491E-07  2.0089E-08  4.0405E-08  8.8534E-08  9.1460E-11  1.0910E-09  3.8055E-09  9.4853E-12  2.5950E-11  3.8967E-10  2.4612E+01  1.8694E+01  8.4703E-01  8.8040E-01  2.6769E-07  2.0090E-08  9.1514E-11  9.4862E-12  1.1529E-08  1.1528E-09  1.1528E-10  1.1528E-11
Br79   35   79  2.5754E+01  4.5921E+01  5.0487E+01  8.1151E+01  1.9728E+02  2.3412E+02  3.3736E+00  1.5556E+02  2.5794E+02  1.0412E+00  1.9457E+02  1.8280E+02  2.4836E-07  4.3932E-07  4.7842E-07  7.7315E-08  1.8334E-07  2.1683E-07  3.2313E-10  1.3612E-08  2.3555E-08  9.9455E-12  1.7926E-09  1.6973E-09  2.5755E+01  8.1157E+01  3.3810E+00  1.0511E+00  2.4837E-07  7.7321E-08  3.2383E-10  1.0040E-11  1.0222E-08  1.0220E-09  1.0220E-10  1.0220E-11
Br81   35   81  2.4335E+01  4.3253E+01  4.7764E+01  7.9989E+01  1.9464E+02  2.3701E+02  2.4857E+00  1.2328E+02  2.3497E+02  1.0947E+00  1.6422E+02  1.8136E+02  2.3405E-07  4.1270E-07  4.5142E-07  7.6015E-08  1.8042E-07  2.1895E-07  2.3748E-10  1.0759E-08  2.1402E-08  1.0430E-11  1.5091E-09  1.6797E-09  2.4336E+01  7.9995E+01  2.4916E+00  1.1031E+00  2.3406E-07  7.6020E-08  2.3804E-10  1.0510E-11  1.0195E-08  1.0194E-09  1.0194E-10  1.0194E-11
Kr78   36   78  2.8187E+01  4.4237E+01  5.5516E+01  1.6781E+02  3.2541E+02  5.0866E+02  1.4059E+01  3.3223E+02  6.0424E+02  2.6974E+00  3.5034E+02  4.4721E+02  9.8295E-09  1.5304E-08  1.9023E-08  5.7817E-09  1.0936E-08  1.7037E-08  4.8698E-11  1.0513E-09  1.9955E-09  9.3180E-13  1.1673E-10  1.5017E-10  2.8188E+01  1.6782E+02  1.4075E+01  2.7152E+00  9.8298E-09  5.7820E-09  4.8751E-11  9.3796E-13  3.6964E-10  3.6959E-11  3.6959E-12  3.6959E-13
Kr80   36   80  4.6560E+01  8.4257E+01  9.4188E+01  4.4502E+02  7.1395E+02  9.4465E+02  1.7163E+01  6.2656E+02  1.3182E+03  2.8506E+00  1.1347E+03  9.6304E+02  1.0700E-07  1.9209E-07  2.1270E-07  1.0105E-07  1.5813E-07  2.0851E-07  3.9178E-10  1.3066E-08  2.8690E-08  6.4897E-12  2.4914E-09  2.1312E-09  4.6562E+01  4.4503E+02  1.7192E+01  2.9087E+00  1.0701E-07  1.0105E-07  3.9245E-10  6.6219E-12  2.4360E-09  2.4357E-10  2.4357E-11  2.4357E-12
Kr82   36   82  2.6280E+01  5.9294E+01  6.4611E+01  1.8176E+02  3.5969E+02  4.7066E+02  5.5716E+00  2.8876E+02  6.9114E+02  1.6636E+00  5.4816E+02  5.5265E+02  3.1018E-07  6.9428E-07  7.4936E-07  2.1198E-07  4.0918E-07  5.3357E-07  6.5324E-10  3.0928E-08  7.7256E-08  1.9452E-11  6.1818E-09  6.2814E-09  2.6281E+01  1.8177E+02  5.5854E+00  1.6916E+00  3.1020E-07  2.1199E-07  6.5485E-10  1.9780E-11  1.2511E-08  1.2510E-09  1.2510E-10  1.2510E-11
Kr83   36   83  1.9957E+01  3.7548E+01  4.2449E+01  8.3735E+01  1.7931E+02  2.3598E+02  2.5778E+00  1.2033E+02  2.9770E+02  1.0668E+00  2.0959E+02  2.3467E+02  2.3621E-07  4.4089E-07  4.9370E-07  9.7919E-08  2.0453E-07  2.6826E-07  3.0305E-10  1.2924E-08  3.3367E-08  1.2507E-11  2.3700E-09  2.6745E-09  1.9958E+01  8.3740E+01  2.5835E+00  1.0775E+00  2.3622E-07  9.7925E-08  3.0372E-10  1.2633E-11  1.2546E-08  1.2544E-09  1.2544E-10  1.2544E-11
Kr84   36   84  1.0643E+01  2.2809E+01  2.4906E+01  7.3575E+01  1.6008E+02  2.1626E+02  2.1215E+00  1.1648E+02  3.4185E+02  1.0297E+00  2.1816E+02  2.7693E+02  6.2830E-07  1.3357E-06  1.4447E-06  4.2913E-07  9.1075E-07  1.2262E-06  1.2440E-09  6.2394E-08  1.9111E-07  6.0216E-11  1.2305E-08  1.5742E-08  1.0644E+01  7.3580E+01  2.1271E+00  1.0408E+00  6.2834E-07  4.2916E-07  1.2472E-09  6.0867E-11  6.2574E-08  6.2566E-09  6.2566E-10  6.2566E-11
Kr86   36   86  2.1507E+01  4.8713E+01  6.0530E+01  4.3313E+01  2.2457E+02  3.9151E+02  1.3310E+00  1.6154E+02  4.9712E+02  1.0965E+00  1.5286E+02  4.3510E+02  3.9310E-07  8.8328E-07  1.0871E-06  7.8216E-08  3.9557E-07  6.8727E-07  2.4164E-10  2.6792E-08  8.6045E-08  1.9852E-11  2.6693E-09  7.6576E-09  2.1508E+01  4.3323E+01  1.3388E+00  1.1043E+00  3.9312E-07  7.8233E-08  2.4306E-10  1.9993E-11  1.9374E-08  1.9371E-09  1.9371E-10  1.9371E-11
Rb85   37   85  1.5723E+01  3.4485E+01  3.9323E+01  8.7154E+01  2.3290E+02  3.1817E+02  2.3521E+00  1.7326E+02  4.4853E+02  1.1128E+00  2.5291E+02  3.5144E+02  2.1774E-07  4.7376E-07  5.3509E-07  1.1925E-07  3.1083E-07  4.2319E-07  3.2354E-10  2.1773E-08  5.8822E-08  1.5266E-11  3.3462E-09  4.6864E-09  1.5724E+01  8.7161E+01  2.3604E+00  1.1258E+00  2.1775E-07  1.1926E-07  3.2468E-10  1.5443E-11  1.4679E-08  1.4677E-09  1.4677E-10  1.4677E-11
Rb87   37   87  4.7307E+01  9.3241E+01  1.0661E+02  1.7531E+02  5.3277E+02  7.8216E+02  2.1669E+00  2.9647E+02  9.6060E+02  1.2804E+00  3.1440E+02  7.5997E+02  2.7596E-07  5.3959E-07  6.1113E-07  1.0104E-07  2.9952E-07  4.3823E-07  1.2556E-10  1.5693E-08  5.3067E-08  7.3993E-12  1.7523E-09  4.2689E-09  4.7309E+01  1.7533E+02  2.1812E+00  1.2965E+00  2.7598E-07  1.0105E-07  1.2639E-10  7.4921E-12  6.1834E-09  6.1826E-10  6.1826E-11  6.1826E-12
Sr84   38   84  5.7454E+01  9.8982E+01  1.2161E+02  4.4593E+02  1.1003E+03  5.7476E+03  1.2272E+01  9.4695E+02  8.5102E+03  4.5421E+00  1.0236E+03  7.1953E+03  1.3864E-08  2.3696E-08  2.8838E-08  1.0632E-08  2.5590E-08  1.3321E-07  2.9416E-11  2.0736E-09  1.9448E-08  1.0858E-12  2.3601E-10  1.6720E-09  5.7456E+01  4.4597E+02  1.2317E+01  4.5944E+00  1.3865E-08  1.0633E-08  2.9525E-11  1.0983E-12  2.5579E-10  2.5576E-11  2.5576E-12  2.5576E-13
Sr86   38   86  3.0933E+01  6.9212E+01  7.7305E+01  4.5161E+02  8.1016E+02  1.3771E+03  8.7663E+00  6.1570E+02  2.7793E+03  2.8593E+00  1.4987E+03  2.5220E+03  1.3515E-07  2.9999E-07  3.3189E-07  1.9495E-07  3.4113E-07  5.7786E-07  3.8044E-10  2.4410E-08  1.1500E-07  1.2375E-11  6.2560E-09  1.0610E-08  3.0935E+01  4.5163E+02  8.7958E+00  2.9360E+00  1.3516E-07  1.9496E-07  3.8172E-10  1.2707E-11  4.6312E-09  4.6306E-10  4.6306E-11  4.6306E-12
Sr87   38   87  2.0786E+01  4.8963E+01  5.5614E+01  3.5147E+02  6.2751E+02  1.0092E+03  6.1161E+00  4.5758E+02  2.1136E+03  2.0563E+00  1.2034E+03  1.9351E+03  6.4205E-08  1.5004E-07  1.6880E-07  1.0726E-07  1.8680E-07  2.9939E-07  1.8765E-10  1.2825E-08  6.1827E-08  6.2920E-12  3.5514E-09  5.7557E-09  2.0787E+01  3.5149E+02  6.1381E+00  2.1179E+00  6.4209E-08  1.0727E-07  1.8832E-10  6.4806E-12  3.2742E-09  3.2737E-10  3.2737E-11  3.2737E-12
Sr88   38   88  1.4281E+01  3.3322E+01  4.4095E+01  1.9833E+02  4.3152E+02  1.1201E+03  3.0339E+00  3.1465E+02  3.1961E+03  1.2407E+00  6.9614E+02  3.9528E+03  5.3496E-07  1.2383E-06  1.6231E-06  7.3403E-07  1.5578E-06  4.0300E-06  1.1289E-09  1.0696E-07  1.1338E-06  4.6041E-11  2.4914E-08  1.4258E-07  1.4282E+01  1.9834E+02  3.0491E+00  1.2764E+00  5.3500E-07  7.3407E-07  1.1345E-09  4.7364E-11  3.9706E-08  3.9701E-09  3.9701E-10  3.9701E-11
Y89    39   89  9.2428E+00  2.1525E+01  3.1992E+01  1.3019E+02  3.1262E+02  1.1142E+03  2.7809E+00  2.6902E+02  3.6586E+03  1.2323E+00  5.8575E+02  5.0601E+03  9.2656E-08  2.1406E-07  3.1514E-07  1.2896E-07  3.0204E-07  1.0728E-06  2.7691E-10  2.4473E-08  3.4734E-07  1.2238E-11  5.6104E-09  4.8847E-08  9.2434E+00  1.3020E+02  2.7938E+00  1.2623E+00  9.2662E-08  1.2896E-07  2.7820E-10  1.2535E-11  1.0626E-08  1.0625E-09  1.0625E-10  1.0625E-11
Zr90   40   90  4.9182E+00  1.0961E+01  2.0420E+01  6.1044E+01  1.5364E+02  1.9589E+03  2.0027E+00  1.6150E+02  4.6696E+03  1.1707E+00  3.1568E+02  6.3666E+03  6.0132E-08  1.3294E-07  2.4533E-07  7.3741E-08  1.8103E-07  2.3003E-06  2.4321E-10  1.7917E-08  5.4067E-07  1.4179E-11  3.6875E-09  7.4954E-08  4.9185E+00  6.1049E+01  2.0104E+00  1.1868E+00  6.0136E-08  7.3746E-08  2.4415E-10  1.4375E-11  1.2960E-08  1.2958E-09  1.2958E-10  1.2958E-11
Zr91   40   91  6.8764E+00  1.4071E+01  2.2923E+01  5.9920E+01  1.7373E+02  1.2212E+03  1.6600E+00  1.5254E+02  3.8878E+03  1.0479E+00  2.7906E+02  6.0933E+03  1.8539E-08  3.7633E-08  6.0726E-08  1.5961E-08  4.5138E-08  3.1622E-07  4.4452E-11  3.7316E-09  9.9260E-08  2.7987E-12  7.1879E-10  1.5818E-08  6.8768E+00  5.9926E+01  1.6673E+00  1.0622E+00  1.8540E-08  1.5962E-08  4.4648E-11  2.8368E-12  2.8577E-09  2.8573E-10  2.8573E-11  2.8573E-12
Zr92   40   92  3.4400E+00  7.9712E+00  1.4187E+01  4.1264E+01  1.2206E+02  1.0470E+03  1.5840E+00  1.3629E+02  4.5423E+03  1.0624E+00  2.6047E+02  7.4615E+03  1.4331E-08  3.2945E-08  5.8077E-08  1.6985E-08  4.9008E-08  4.1893E-07  6.5549E-11  5.1521E-09  1.7921E-07  4.3843E-12  1.0368E-09  2.9932E-08  3.4402E+00  4.1268E+01  1.5906E+00  1.0757E+00  1.4332E-08  1.6987E-08  6.5819E-11  4.4392E-12  4.4160E-09  4.4154E-10  4.4154E-11  4.4154E-12
Zr94   40   94  2.5700E+00  5.1741E+00  8.6223E+00  1.9014E+01  6.8135E+01  9.8432E+02  1.2665E+00  8.6929E+01  4.2021E+03  9.6323E-01  1.5938E+02  7.3535E+03  1.1086E-08  2.2142E-08  3.6548E-08  8.1039E-09  2.8326E-08  4.0782E-07  5.4269E-11  3.4028E-09  1.7166E-07  4.1161E-12  6.5688E-10  3.0545E-08  2.5702E+00  1.9017E+01  1.2707E+00  9.7136E-01  1.1087E-08  8.1050E-09  5.4447E-11  4.1508E-12  4.5725E-09  4.5719E-10  4.5719E-11  4.5719E-12
Zr96   40   96  5.2292E+00  1.1852E+01  2.2351E+01  8.9503E+00  1.8174E+02  2.9479E+03  4.1133E-01  1.4108E+02  7.4138E+03  2.7421E-01  3.8483E+02  1.1812E+04  3.7114E-09  8.3451E-09  1.5588E-08  6.2764E-10  1.2432E-08  2.0095E-07  2.8998E-12  9.0862E-10  4.9832E-08  1.9279E-13  2.6096E-10  8.0726E-09  5.2295E+00  8.9593E+00  4.1816E-01  2.9394E-01  3.7117E-09  6.2827E-10  2.9480E-12  2.0667E-13  7.5233E-10  7.5223E-11  7.5223E-12  7.5223E-13
Nb93   41   93  2.6909E+00  5.4321E+00  9.2135E+00  2.1220E+01  7.2159E+01  7.0347E+02  1.2187E+00  8.2030E+01  3.0632E+03  9.1322E-01  1.5050E+02  5.0557E+03  5.0126E-09  1.0038E-08  1.6865E-08  3.9056E-09  1.2955E-08  1.2586E-07  2.2550E-11  1.3866E-09  5.4038E-08  1.6852E-12  2.6786E-10  9.0687E-09  2.6911E+00  2.1223E+01  1.2226E+00  9.2089E-01  5.0128E-09  3.9061E-09  2.2623E-11  1.6993E-12  1.9745E-09  1.9743E-10  1.9743E-11  1.9743E-12
Mo92   42   92  1.5682E+00  2.1258E+00  2.9597E+00  8.5991E+00  1.8096E+01  1.6060E+03  1.3186E+00  2.6963E+01  8.0436E+03  1.0843E+00  3.3227E+01  1.0639E+04  1.1041E-09  1.4847E-09  2.0475E-09  5.9814E-10  1.2278E-09  1.0859E-07  9.2208E-12  1.7225E-10  5.3627E-08  7.5623E-13  2.2350E-11  7.2126E-09  1.5682E+00  8.5995E+00  1.3198E+00  1.0860E+00  1.1041E-09  5.9817E-10  9.2295E-12  7.5737E-13  7.4625E-10  7.4615E-11  7.4615E-12  7.4615E-13
Mo94   42   94  1.7528E+00  2.3018E+00  3.2129E+00  9.4691E+00  1.8132E+01  1.6859E+03  1.4675E+00  2.8210E+01  7.5057E+03  1.3802E+00  3.5348E+01  9.7618E+03  7.9434E-10  1.0349E-09  1.4308E-09  4.2399E-10  7.9192E-10  7.3380E-08  6.6061E-12  1.1601E-10  3.2212E-08  6.1961E-13  1.5305E-11  4.2599E-09  1.7528E+00  9.4696E+00  1.4688E+00  1.3819E+00  7.9435E-10  4.2401E-10  6.6119E-12  6.2039E-13  4.8037E-10  4.8031E-11  4.8031E-12  4.8031E-13
Mo95   42   95  3.0887E+00  5.9808E+00  1.0411E+01  1.2011E+01  7.3217E+01  8.4763E+02  1.1363E+00  8.0920E+01  3.9932E+03  9.7640E-01  1.3211E+02  6.0294E+03  2.4484E-09  4.7032E-09  8.1091E-09  9.4067E-10  5.5934E-09  6.4533E-08  8.9466E-12  5.8207E-10  2.9976E-08  7.6672E-13  1.0005E-10  4.6022E-09  3.0889E+00  1.2014E+01  1.1401E+00  9.8313E-01  2.4485E-09  9.4091E-10  8.9771E-12  7.7200E-13  8.4024E-10  8.4013E-11  8.4013E-12  8.4013E-13
Mo96   42   96  2.2744E+00  3.1801E+00  4.4230E+00  1.4685E+01  3.0635E+01  1.1636E+03  1.9953E+00  5.2284E+01  4.5379E+03  1.7881E+00  1.2237E+02  8.6320E+03  1.9178E-09  2.6602E-09  3.6647E-09  1.2235E-09  2.4896E-09  9.4235E-08  1.6712E-11  4.0006E-10  3.6236E-08  1.4936E-12  9.8584E-11  7.0088E-09  2.2745E+00  1.4686E+01  1.9978E+00  1.7943E+00  1.9179E-09  1.2235E-09  1.6733E-11  1.4987E-12  8.9379E-10  8.9368E-11  8.9368E-12  8.9368E-13
Mo97   42   97  1.3704E+00  2.0043E+00  3.0819E+00  7.2180E+00  2.1932E+01  5.9863E+02  1.0397E+00  3.0718E+01  1.9496E+03  9.5102E-01  7.5613E+01  4.1690E+03  6.7226E-10  9.7536E-10  1.4856E-09  3.4983E-10  1.0368E-09  2.8204E-08  5.0658E-12  1.3674E-10  9.0568E-09  4.6213E-13  3.5438E-11  1.9692E-09  1.3705E+00  7.2187E+00  1.0411E+00  9.5485E-01  6.7227E-10  3.4987E-10  5.0728E-12  4.6400E-13  5.1997E-10  5.1990E-11  5.1990E-12  5.1990E-13
Mo98   42   98  1.4239E+00  2.1603E+00  3.2703E+00  8.4430E+00  2.6456E+01  7.1695E+02  1.1457E+00  4.1685E+01  2.8469E+03  1.0373E+00  9.3749E+01  5.7535E+03  1.7932E-09  2.6990E-09  4.0470E-09  1.0505E-09  3.2109E-09  8.6718E-08  1.4331E-11  4.7636E-10  3.3952E-08  1.2941E-12  1.1280E-10  6.9769E-09  1.4239E+00  8.4439E+00  1.1476E+00  1.0421E+00  1.7932E-09  1.0506E-09  1.4355E-11  1.3000E-12  1.3349E-09  1.3347E-10  1.3347E-11  1.3347E-12
Xe32   54  132  1.2021E+00  1.6034E+00  2.2604E+00  5.8659E+00  1.6597E+01  4.6881E+02  9.9235E-01  2.7484E+01  2.2197E+03  9.2493E-01  5.1311E+01  4.0822E+03  5.0776E-09  6.7190E-09  9.3821E-09  2.4481E-09  6.7564E-09  1.9019E-07  4.1636E-11  1.0534E-09  8.8793E-08  3.8702E-12  2.0708E-10  1.6604E-08  1.2021E+00  5.8665E+00  9.9363E-01  9.2751E-01  5.0776E-09  2.4483E-09  4.1690E-11  3.8810E-12  4.4774E-09  4.4768E-10  4.4768E-11  4.4768E-12
Xe34   54  134  1.4642E+00  1.9253E+00  2.6946E+00  3.4623E+00  2.1451E+01  4.2404E+02  9.0231E-01  1.7805E+01  2.3788E+03  9.3241E-01  4.8599E+01  2.7561E+03  2.3184E-09  3.0241E-09  4.1924E-09  5.4164E-10  3.2733E-09  6.4484E-08  1.4191E-11  2.5582E-10  3.5669E-08  1.4625E-12  7.3518E-11  4.2021E-09  1.4643E+00  3.4632E+00  9.0313E-01  9.3486E-01  2.3184E-09  5.4178E-10  1.4204E-11  1.4663E-12  1.6783E-09  1.6781E-10  1.6781E-11  1.6781E-12
Cs33   55  133  1.1704E+00  1.4742E+00  2.1405E+00  3.5977E+00  1.3783E+01  3.9231E+02  8.9526E-01  1.8827E+01  1.9468E+03  8.4309E-01  3.5788E+01  3.0411E+03  1.2997E-09  1.6240E-09  2.3357E-09  3.9475E-10  1.4751E-09  4.1845E-08  9.8756E-12  1.8973E-10  2.0474E-08  9.2749E-13  3.7972E-11  3.2520E-09  1.1704E+00  3.5982E+00  8.9614E-01  8.4488E-01  1.2997E-09  3.9481E-10  9.8851E-12  9.2946E-13  1.1771E-09  1.1770E-10  1.1770E-11  1.1770E-12
Ba34   56  134  2.1444E+00  3.3653E+00  4.7516E+00  1.4935E+01  3.3645E+01  2.4969E+03  1.9885E+00  7.3334E+01  9.8972E+03  1.7820E+00  1.4676E+02  1.8729E+04  7.3009E-10  1.1366E-09  1.5896E-09  5.0239E-10  1.1039E-09  8.1645E-08  6.7245E-12  2.2656E-10  3.1910E-08  6.0100E-13  4.7738E-11  6.1401E-09  2.1445E+00  1.4936E+01  1.9919E+00  1.7895E+00  7.3011E-10  5.0242E-10  6.7362E-12  6.0351E-13  3.6088E-10  3.6083E-11  3.6083E-12  3.6083E-13
Ba35   56  135  1.1991E+00  1.6331E+00  2.2319E+00  3.0279E+00  1.2517E+01  7.5546E+02  8.7593E-01  2.2284E+01  1.5381E+03  8.4910E-01  3.9933E+01  3.4133E+03  1.1217E-09  1.5156E-09  2.0516E-09  2.7986E-10  1.1285E-09  6.7876E-08  8.1392E-12  1.8916E-10  1.3626E-08  7.8686E-13  3.5691E-11  3.0747E-09  1.1991E+00  3.0284E+00  8.7697E-01  8.5111E-01  1.1218E-09  2.7991E-10  8.1488E-12  7.8872E-13  9.9158E-10  9.9146E-11  9.9146E-12  9.9146E-13
Ba36   56  136  1.8497E+00  2.8629E+00  4.2778E+00  1.0968E+01  2.7931E+01  1.8876E+03  1.6702E+00  6.9880E+01  7.6556E+03  1.5011E+00  1.1235E+02  1.5203E+04  2.0769E-09  3.1890E-09  4.7199E-09  1.2168E-09  3.0224E-09  2.0355E-07  1.8627E-11  7.1198E-10  8.1402E-08  1.6697E-12  1.2052E-10  1.6437E-08  1.8497E+00  1.0969E+01  1.6735E+00  1.5068E+00  2.0770E-09  1.2169E-09  1.8664E-11  1.6760E-12  1.1902E-09  1.1900E-10  1.1900E-11  1.1900E-12
Ba37   56  137  1.6775E+00  2.4548E+00  3.7344E+00  5.3665E+00  2.8039E+01  1.0311E+03  1.2063E+00  4.4108E+01  4.7048E+03  1.1116E+00  1.2181E+02  8.7344E+03  2.7135E-09  3.9393E-09  5.9358E-09  8.5764E-10  4.3709E-09  1.6019E-07  1.9381E-11  6.4740E-10  7.2067E-08  1.7811E-12  1.8825E-10  1.3604E-08  1.6775E+00  5.3677E+00  1.2084E+00  1.1178E+00  2.7135E-09  8.5783E-10  1.9414E-11  1.7910E-12  1.7146E-09  1.7143E-10  1.7143E-11  1.7143E-12
Ba38   56  138  1.5580E+00  2.0396E+00  2.6191E+00  4.0064E+00  1.0671E+01  1.9351E+03  1.2718E+00  2.6911E+01  6.9597E+03  1.0439E+00  4.1810E+01  1.2537E+04  1.6205E-08  2.1045E-08  2.6768E-08  4.1170E-09  1.0696E-08  1.9330E-06  1.3139E-10  2.5398E-09  6.8549E-07  1.0756E-11  4.1546E-10  1.2555E-07  1.5580E+00  4.0068E+00  1.2731E+00  1.0460E+00  1.6205E-08  4.1173E-09  1.3152E-10  1.0777E-11  1.1025E-08  1.1023E-09  1.1023E-10  1.1023E-11
La38   57  138  1.0042E+00  1.0327E+00  1.0761E+00  1.4061E+00  1.9620E+00  3.2745E+02  9.8680E-01  3.1951E+00  1.3560E+03  9.3825E-01  2.6412E+00  2.0997E+03  1.1026E-12  1.1249E-12  1.1610E-12  1.5254E-13  2.0762E-13  3.4532E-11  1.0762E-14  3.1834E-14  1.4100E-11  1.0205E-15  2.7707E-15  2.2199E-12  1.0042E+00  1.4061E+00  9.8691E-01  9.3833E-01  1.1026E-12  1.5254E-13  1.0763E-14  1.0206E-15  1.1639E-12  1.1637E-13  1.1637E-14  1.1637E-15
La39   57  139  1.5478E+00  1.8946E+00  2.3613E+00  3.0293E+00  7.7838E+00  1.9685E+03  1.2325E+00  1.9956E+01  6.7171E+03  1.0138E+00  3.3846E+01  1.1858E+04  1.8795E-09  2.2823E-09  2.8174E-09  3.6342E-10  9.1087E-10  2.2956E-07  1.4865E-11  2.1988E-10  7.7239E-08  1.2194E-12  3.9264E-11  1.3865E-08  1.5479E+00  3.0295E+00  1.2334E+00  1.0154E+00  1.8795E-09  3.6345E-10  1.4876E-11  1.2214E-12  1.2871E-09  1.2869E-10  1.2869E-11  1.2869E-12
Ce40   58  140  1.2725E+00  1.4580E+00  1.6511E+00  1.9961E+00  4.4021E+00  1.5035E+03  1.1062E+00  9.7395E+00  5.1716E+03  9.7923E-01  2.3624E+01  8.5257E+03  4.1607E-09  4.7293E-09  5.3047E-09  6.4485E-10  1.3872E-09  4.7215E-07  3.5926E-11  2.8897E-10  1.6014E-07  3.1717E-12  7.3801E-11  2.6843E-08  1.2725E+00  1.9962E+00  1.1066E+00  9.8039E-01  4.1607E-09  6.4488E-10  3.5939E-11  3.1755E-12  3.4658E-09  3.4654E-10  3.4654E-11  3.4654E-12
Pr41   59  141  1.4123E+00  1.6230E+00  1.8556E+00  1.9051E+00  7.4266E+00  1.4916E+03  1.1663E+00  1.1023E+01  7.8525E+03  1.0277E+00  8.0019E+01  9.8839E+03  7.2583E-10  8.2746E-10  9.3709E-10  9.6733E-11  3.6783E-10  7.3623E-08  5.9538E-12  5.1405E-11  3.8217E-08  5.2321E-13  3.9290E-11  4.8912E-09  1.4123E+00  1.9054E+00  1.1668E+00  1.0318E+00  7.2583E-10  9.6748E-11  5.9562E-12  5.2527E-13  5.4475E-10  5.4468E-11  5.4468E-12  5.4468E-13
Nd42   60  142  1.5263E+00  1.8328E+00  1.9558E+00  2.7420E+00  4.7959E+00  2.2200E+03  1.4290E+00  8.6577E+00  7.9802E+03  1.2170E+00  2.8340E+01  1.2216E+04  1.0707E-09  1.2755E-09  1.3482E-09  1.9005E-10  3.2424E-10  1.4958E-07  9.9572E-12  5.5113E-11  5.3015E-08  8.4576E-13  1.8995E-11  8.2520E-09  1.5263E+00  2.7421E+00  1.4293E+00  1.2184E+00  1.0707E-09  1.9006E-10  9.9596E-12  8.4672E-13  7.4360E-10  7.4350E-11  7.4350E-12  7.4350E-13
Nd43   60  143  8.9701E-01  8.7285E-01  9.1701E-01  1.0078E+00  1.3123E+00  4.7246E+02  8.1435E-01  2.2916E+00  1.4260E+03  7.7545E-01  8.4064E+00  2.3108E+03  2.8172E-10  2.7196E-10  2.8300E-10  3.1274E-11  3.9722E-11  1.4252E-08  2.5405E-12  6.5310E-12  4.2414E-09  2.4126E-13  2.5225E-12  6.9886E-10  8.9701E-01  1.0079E+00  8.1443E-01  7.7584E-01  2.8172E-10  3.1275E-11  2.5407E-12  2.4138E-13  3.3291E-10  3.3287E-11  3.3287E-12  3.3287E-13
Nd44   60  144  9.8374E-01  9.8911E-01  1.0463E+00  1.2158E+00  1.7057E+00  7.3567E+02  9.2370E-01  3.1816E+00  2.3139E+03  8.8325E-01  1.1381E+01  3.5700E+03  6.1405E-10  6.1249E-10  6.4176E-10  7.4983E-11  1.0261E-10  4.4104E-08  5.7270E-12  1.8021E-11  1.3678E-08  5.4614E-13  6.7875E-12  2.1457E-09  9.8374E-01  1.2159E+00  9.2381E-01  8.8379E-01  6.1405E-10  7.4984E-11  5.7277E-12  5.4648E-13  6.6164E-10  6.6155E-11  6.6155E-12  6.6155E-13
Hg02   80  202  1.1776E+00  1.2820E+00  1.3484E+00  1.6239E+00  2.5785E+00  1.3524E+03  1.0637E+00  4.8653E+00  4.5178E+03  1.0150E+00  1.6758E+01  6.5483E+03  7.2964E-10  7.8801E-10  8.2095E-10  9.9412E-11  1.5398E-10  8.0480E-08  6.5467E-12  2.7355E-11  2.6510E-08  6.2300E-13  9.9205E-12  3.9069E-09  1.1776E+00  1.6239E+00  1.0639E+00  1.0158E+00  7.2965E-10  9.9414E-11  6.5478E-12  6.2349E-13  6.5678E-10  6.5669E-11  6.5669E-12  6.5669E-13
Hg04   80  204  9.3178E-01  1.0595E+00  1.0809E+00  8.6823E-01  1.2010E+00  1.2402E+03  8.1942E-01  1.4445E+00  9.4387E+02  8.5073E-01  6.3603E+00  4.8603E+03  1.3414E-10  1.5131E-10  1.5291E-10  1.2350E-11  1.6664E-11  1.7148E-08  1.1718E-12  1.8870E-12  1.2868E-09  1.2133E-13  8.7483E-13  6.7377E-10  9.3178E-01  8.6825E-01  8.1945E-01  8.5101E-01  1.3414E-10  1.2350E-11  1.1718E-12  1.2137E-13  1.5260E-10  1.5258E-11  1.5258E-12  1.5258E-13
Tl03   81  203  1.2279E+00  1.3233E+00  1.3935E+00  1.5570E+00  2.4705E+00  1.2676E+03  1.0571E+00  4.4469E+00  3.9212E+03  1.0050E+00  1.5039E+01  6.0763E+03  4.0600E-10  4.3404E-10  4.5273E-10  5.0862E-11  7.8721E-11  4.0255E-08  3.4717E-12  1.3342E-11  1.2278E-08  3.2918E-13  4.7507E-12  1.9345E-09  1.2279E+00  1.5570E+00  1.0573E+00  1.0058E+00  4.0600E-10  5.0863E-11  3.4722E-12  3.2941E-13  3.5047E-10  3.5042E-11  3.5042E-12  3.5042E-13
Tl05   81  205  1.0862E+00  1.1186E+00  1.1557E+00  1.3272E+00  1.8056E+00  8.7708E+02  9.8626E-01  2.7095E+00  3.1460E+03  9.3437E-01  8.8935E+00  4.3230E+03  8.6572E-10  8.8443E-10  9.0515E-10  1.0451E-10  1.3870E-10  6.7141E-08  7.8081E-12  1.9596E-11  2.3745E-08  7.3773E-13  6.7724E-12  3.3178E-09  1.0862E+00  1.3272E+00  9.8635E-01  9.3478E-01  8.6572E-10  1.0451E-10  7.8087E-12  7.3805E-13  8.4484E-10  8.4473E-11  8.4473E-12  8.4473E-13
Pb04   82  204  1.8389E+00  2.2422E+00  2.3950E+00  3.3292E+00  5.5294E+00  3.5134E+03  1.8067E+00  9.9905E+00  1.1558E+04  1.5604E+00  2.3453E+01  1.6066E+04  2.9258E-10  3.5391E-10  3.7445E-10  5.2336E-11  8.4787E-11  5.3690E-08  2.8554E-12  1.4424E-11  1.7416E-08  2.4594E-13  3.5652E-12  2.4614E-09  1.8389E+00  3.3294E+00  1.8071E+00  1.5615E+00  2.9259E-10  5.2338E-11  2.8560E-12  2.4612E-13  1.6865E-10  1.6863E-11  1.6863E-12  1.6863E-13
Pb06   82  206  1.2866E+00  1.4525E+00  1.5149E+00  1.7134E+00  2.6407E+00  1.6517E+03  1.1914E+00  3.8916E+00  5.9093E+03  1.0582E+00  1.3290E+01  6.5441E+03  1.9235E-09  2.1543E-09  2.2255E-09  2.5310E-10  3.8048E-10  2.3717E-07  1.7693E-11  5.2794E-11  8.3664E-08  1.5672E-12  1.8984E-11  9.4208E-09  1.2866E+00  1.7135E+00  1.1916E+00  1.0588E+00  1.9235E-09  2.5310E-10  1.7695E-11  1.5681E-12  1.5847E-09  1.5845E-10  1.5845E-11  1.5845E-12
Pb07   82  207  1.2456E+00  1.3468E+00  1.3898E+00  1.4643E+00  2.1083E+00  1.2768E+03  1.0890E+00  2.5630E+00  5.3245E+03  9.7855E-01  1.2343E+01  4.6426E+03  2.0706E-09  2.2211E-09  2.2702E-09  2.4051E-10  3.3778E-10  2.0387E-07  1.7982E-11  3.8663E-11  8.3825E-08  1.6115E-12  1.9605E-11  7.4317E-09  1.2456E+00  1.4643E+00  1.0890E+00  9.7913E-01  2.0707E-09  2.4052E-10  1.7983E-11  1.6124E-12  1.7621E-09  1.7619E-10  1.7619E-11  1.7619E-12
Pb08   82  208  1.1460E+00  1.2103E+00  1.2403E+00  1.3111E+00  1.6841E+00  5.7041E+02  1.0507E+00  1.7045E+00  5.4184E+03  9.7724E-01  6.9976E+00  2.0159E+03  5.4793E-09  5.7408E-09  5.8272E-09  6.1934E-10  7.7600E-10  2.6194E-07  4.9899E-11  7.3952E-11  2.4534E-07  4.6286E-12  3.1966E-11  9.2813E-09  1.1460E+00  1.3111E+00  1.0507E+00  9.7755E-01  5.4793E-09  6.1935E-10  4.9900E-11  4.6300E-12  5.0681E-09  5.0674E-10  5.0674E-11  5.0674E-12
Bi09   83  209  9.5775E-01  9.2584E-01  9.3957E-01  9.6658E-01  9.8291E-01  9.8734E+01  9.3176E-01  9.6161E-01  1.6884E+03  9.2535E-01  2.1733E+00  3.5366E+02  6.2098E-10  5.9551E-10  5.9861E-10  6.1919E-11  6.1418E-11  6.1484E-09  6.0007E-12  5.6576E-12  1.0367E-08  5.9433E-13  1.3463E-12  2.2080E-10  9.5775E-01  9.6658E-01  9.3176E-01  9.2541E-01  6.2098E-10  6.1919E-11  6.0007E-12  5.9437E-13  6.8727E-10  6.8717E-11  6.8717E-12  6.8717E-13
