  ele   Z    A    013a000     015a000     020a000     025a000     030a000     040a000     060a000     080a000     120a000
  H     1    0  7.4327E-01  7.1343E-01  6.4520E-01  6.0738E-01  5.8671E-01  5.3956E-01  4.9949E-01  4.6141E-01  4.4161E-01
  He    2    0  1.5249E+00  1.4464E+00  1.4715E+00  1.3595E+00  1.3853E+00  1.3541E+00  1.4957E+00  1.5520E+00  1.7344E+00
  Li    3    0  8.7323E-03  9.3174E-03  1.1513E-02  1.1607E-02  1.1914E-02  1.2217E-02  1.1745E-02  1.1288E-02  1.1338E-02
  Be    4    0  1.2560E-02  1.2239E-02  2.1300E-02  2.0889E-02  2.0951E-02  1.9959E-02  1.8957E-02  1.5837E-02  1.5876E-02
  B     5    0  1.8126E-01  1.7397E-01  1.5924E-01  1.5279E-01  1.5015E-01  1.4358E-01  1.3875E-01  1.2859E-01  1.2239E-01
  C     6    0  4.1977E+00  6.9670E+00  9.3808E+00  1.1278E+01  1.2404E+01  1.2987E+01  2.2422E+01  2.3737E+01  2.1785E+01
  N     7    0  4.1359E+00  3.9311E+00  3.4151E+00  3.6855E+00  3.7208E+00  4.1111E+00  5.2475E+00  5.4103E+00  6.1939E+00
  O     8    0  3.7290E+00  7.5934E+00  1.1844E+01  1.8563E+01  2.0453E+01  2.6729E+01  2.3967E+01  2.5884E+01  2.2285E+01
  F     9    0  6.3024E-01  5.9875E-01  5.8471E-01  5.3074E-01  8.3316E-01  3.1900E+00  4.9448E-01  4.0637E-01  4.3777E-01
  Ne   10    0  3.1518E+00  8.3766E+00  1.8098E+01  3.0476E+01  1.7197E+01  2.6936E+01  1.5984E+01  1.2601E+01  8.4833E+00
  Na   11    0  3.0695E+00  6.2089E+00  1.2186E+01  3.1829E+01  1.7222E+01  2.7545E+01  1.6988E+01  1.1148E+01  6.3778E+00
  Mg   12    0  2.6676E+00  4.9505E+00  9.9591E+00  9.7068E+00  6.9695E+00  9.6954E+00  6.9345E+00  7.0691E+00  7.8331E+00
  Al   13    0  3.1496E+00  5.9086E+00  1.1675E+01  1.3636E+01  9.6347E+00  1.4269E+01  9.3733E+00  7.4382E+00  4.4956E+00
  Si   14    0  9.6725E+00  1.5060E+01  1.4120E+01  1.1475E+01  2.3419E+01  1.5394E+01  1.6144E+01  1.8544E+01  1.5949E+01
  P    15    0  6.7100E+00  1.0818E+01  1.1742E+01  1.1369E+01  1.6998E+01  1.5694E+01  1.4297E+01  1.5644E+01  1.3386E+01
  S    16    0  9.0018E+00  1.4186E+01  1.0956E+01  1.1344E+01  2.5537E+01  1.6197E+01  1.7923E+01  2.0975E+01  1.6211E+01
  Cl   17    0  1.9319E+00  2.7745E+00  2.5398E+00  3.9745E+00  5.2668E+00  5.0491E+00  4.9160E+00  5.2085E+00  3.7399E+00
  Ar   18    0  8.1212E+00  1.2478E+01  9.4408E+00  1.0267E+01  2.3007E+01  1.5129E+01  1.6440E+01  1.9216E+01  1.4453E+01
  K    19    0  2.0949E+00  2.8594E+00  2.5081E+00  3.2199E+00  4.4938E+00  4.1224E+00  4.2854E+00  4.6785E+00  3.8665E+00
  Ca   20    0  6.9894E+00  1.0338E+01  8.0782E+00  8.3468E+00  1.8890E+01  1.3044E+01  1.3351E+01  1.5811E+01  1.2042E+01
  Sc   21    0  1.9954E+00  2.6699E+00  5.2777E+00  1.0565E+01  1.4373E+01  1.9482E+01  1.9270E+01  2.1552E+01  1.5881E+01
  Ti   22    0  3.8121E+00  3.7760E+00  3.2369E+00  3.7211E+00  5.2784E+00  4.5948E+00  4.3295E+00  4.2814E+00  3.6817E+00
  V    23    0  4.2322E+00  6.6009E+00  5.4976E+00  5.3769E+00  8.4158E+00  5.3022E+00  5.5917E+00  5.7787E+00  5.1169E+00
  Cr   24    0  5.6353E+00  8.1453E+00  6.5794E+00  7.5249E+00  1.1394E+01  7.6917E+00  6.3565E+00  5.2946E+00  4.0062E+00
  Mn   25    0  4.6522E+00  7.5983E+00  6.2434E+00  6.0851E+00  8.8954E+00  5.3160E+00  5.0600E+00  4.8971E+00  3.9462E+00
  Fe   26    0  6.0798E+00  5.5820E+00  4.3699E+00  3.6111E+00  3.4322E+00  2.5724E+00  2.1012E+00  1.8996E+00  1.6444E+00
  Co   27    0  5.0742E+00  4.7538E+00  6.4969E+00  8.8566E+00  6.8112E+00  8.3750E+00  7.5915E+00  5.8880E+00  4.5095E+00
  Ni   28    0  8.8710E+00  7.0378E+00  5.5789E+00  3.8842E+00  2.9958E+00  2.9345E+00  2.8399E+00  3.0072E+00  2.5328E+00
  Cu   29    0  3.1382E+00  4.6827E+00  1.0778E+01  2.6449E+01  3.1232E+01  4.8411E+01  4.5403E+01  5.1617E+01  4.1718E+01
  Zn   30    0  2.3868E+00  2.6082E+00  4.4445E+00  9.4989E+00  1.4828E+01  2.5229E+01  2.4292E+01  3.1480E+01  2.8008E+01
  Ga   31    0  2.5817E+00  3.9707E+00  1.0662E+01  3.0127E+01  5.1287E+01  9.4454E+01  9.3374E+01  1.2980E+02  1.1728E+02
  Ge   32    0  1.7983E+00  2.4463E+00  5.7236E+00  1.7471E+01  3.1948E+01  5.9076E+01  6.1007E+01  8.4129E+01  7.1227E+01
  As   33    0  2.1880E+00  3.4406E+00  8.5104E+00  2.4865E+01  6.7646E+01  9.8896E+01  1.1242E+02  1.6158E+02  1.3617E+02
  Se   34    0  1.4152E+00  1.6909E+00  3.6139E+00  1.1466E+01  2.4072E+01  4.2767E+01  4.7110E+01  6.7119E+01  5.6856E+01
  Br   35    0  1.2982E+00  1.4926E+00  3.4569E+00  1.1563E+01  1.9510E+01  4.2117E+01  4.0565E+01  4.9473E+01  4.1123E+01
  Kr   36    0  1.1477E+00  1.2765E+00  2.2785E+00  5.5721E+00  8.3332E+00  1.9111E+01  2.1739E+01  4.0135E+01  4.5678E+01
  Rb   37    0  1.2774E+00  1.5645E+00  2.9783E+00  6.5047E+00  1.3192E+01  2.8820E+01  3.4986E+01  6.4438E+01  6.9530E+01
  Sr   38    0  1.2454E+00  1.5163E+00  2.4347E+00  3.9466E+00  5.8164E+00  1.5376E+01  2.0756E+01  4.6235E+01  5.3896E+01
  Y    39    0  1.1348E+00  1.2748E+00  1.7937E+00  3.0373E+00  4.3221E+00  9.8232E+00  1.2294E+01  2.3769E+01  2.5351E+01
  Zr   40    0  1.0324E+00  1.0881E+00  1.3427E+00  2.0180E+00  2.6975E+00  4.8702E+00  5.6807E+00  9.6724E+00  1.1841E+01
  Nb   41    0  9.8765E-01  1.0094E+00  1.2024E+00  1.8853E+00  1.7822E+00  3.5418E+00  3.4195E+00  4.8707E+00  4.9181E+00
  Mo   42    0  1.1814E+00  1.1977E+00  1.2817E+00  1.5272E+00  1.5598E+00  2.1276E+00  2.1669E+00  2.9273E+00  3.2178E+00
  Xe   54    0  9.7440E-01  9.6639E-01  9.8475E-01  1.0494E+00  1.0696E+00  1.3024E+00  1.3850E+00  1.8334E+00  1.8884E+00
  Cs   55    0  9.4450E-01  9.3483E-01  9.1606E-01  9.9786E-01  1.0083E+00  1.2335E+00  1.3108E+00  1.6064E+00  1.5258E+00
  Ba   56    0  1.0161E+00  1.0509E+00  1.1768E+00  1.3712E+00  1.3464E+00  1.8590E+00  1.8163E+00  2.1761E+00  2.2017E+00
  La   57    0  1.0088E+00  1.0392E+00  1.1717E+00  1.4232E+00  1.4781E+00  1.8634E+00  1.8453E+00  1.9512E+00  1.7933E+00
  Ce   58    0  9.9068E-01  9.9446E-01  1.0550E+00  1.1854E+00  1.2216E+00  1.4308E+00  1.4139E+00  1.5248E+00  1.4838E+00
  Pr   59    0  9.7898E-01  9.6185E-01  9.9895E-01  1.1852E+00  1.3717E+00  1.5886E+00  1.6907E+00  1.9903E+00  1.7289E+00
  Nd   60    0  1.0037E+00  1.0201E+00  1.0682E+00  1.1824E+00  1.1178E+00  1.3052E+00  1.2464E+00  1.3786E+00  1.3847E+00
  Hg   80    0  9.8840E-01  9.8235E-01  1.0184E+00  1.0843E+00  1.0434E+00  1.1851E+00  1.1705E+00  1.2974E+00  1.3876E+00
  Tl   81    0  9.7669E-01  9.7723E-01  1.0091E+00  1.0901E+00  1.0676E+00  1.2451E+00  1.2144E+00  1.2520E+00  1.2150E+00
  Pb   82    0  9.9217E-01  9.9921E-01  1.0589E+00  1.1731E+00  1.1474E+00  1.3396E+00  1.3084E+00  1.3767E+00  1.3243E+00
  Bi   83    0  9.7109E-01  9.5710E-01  9.5912E-01  9.7896E-01  9.2628E-01  9.4622E-01  9.5447E-01  9.6740E-01  9.7373E-01
  ele   Z    A    013a150     015a150     020a150     025a150     030a150     040a150     060a150     080a150     120a150
  H     1    0  6.0012E-01  5.0257E-01  4.9392E-01  4.6763E-01  4.3099E-01  4.2590E-01  4.1236E-01  4.0433E-01  3.8819E-01
  He    2    0  1.3570E+00  1.1971E+00  1.3741E+00  1.3891E+00  1.3751E+00  1.4683E+00  1.5243E+00  1.5584E+00  1.9117E+00
  Li    3    0  6.2629E-04  9.3626E-04  1.7352E-03  2.3723E-03  2.3457E-03  2.5337E-03  3.8410E-03  1.8001E-03  1.8296E-03
  Be    4    0  1.0436E-03  1.4951E-03  2.7644E-03  4.0502E-03  4.0475E-03  3.7400E-03  4.2411E-03  2.4539E-03  2.5409E-03
  B     5    0  6.4137E-02  5.4605E-02  4.9645E-02  4.4097E-02  4.0670E-02  4.1139E-02  4.4355E-02  3.7036E-02  4.6145E-02
  C     6    0  1.4189E+01  1.0880E+01  2.6814E+01  2.6968E+01  2.5582E+01  2.5515E+01  2.5254E+01  2.5422E+01  2.0253E+01
  N     7    0  5.1592E+00  4.1740E+00  5.5878E+00  5.4942E+00  5.5832E+00  6.2426E+00  6.1870E+00  6.3915E+00  7.1110E+00
  O     8    0  2.0846E+01  2.3638E+01  2.6037E+01  2.8091E+01  3.2120E+01  3.0175E+01  3.0081E+01  3.0526E+01  2.1427E+01
  F     9    0  2.6036E+00  9.0780E+01  1.2868E+01  1.3933E+00  5.9330E-01  6.4627E-01  7.3083E-01  3.8032E-01  4.5480E-01
  Ne   10    0  4.1546E+00  5.2129E+00  6.2611E+00  1.4191E+01  3.1766E+01  2.5068E+01  2.0722E+01  1.5180E+01  8.4340E+00
  Na   11    0  4.5737E+00  4.3931E+00  5.9853E+00  1.1000E+01  2.6633E+01  2.4148E+01  1.6702E+01  9.6636E+00  6.8432E+00
  Mg   12    0  2.8754E+00  3.9409E+00  4.9655E+00  8.4361E+00  1.2265E+01  1.0036E+01  1.0318E+01  9.3648E+00  7.1260E+00
  Al   13    0  2.9581E+00  2.8346E+00  4.5443E+00  1.0411E+01  1.6609E+01  1.3594E+01  1.0651E+01  7.4509E+00  4.4905E+00
  Si   14    0  2.6188E+01  1.2423E+01  3.6458E+01  3.0552E+01  1.7528E+01  1.7529E+01  1.9666E+01  2.1279E+01  1.5886E+01
  P    15    0  1.4089E+01  1.2505E+01  2.1402E+01  2.3106E+01  1.8658E+01  1.7917E+01  1.7457E+01  1.8224E+01  1.2993E+01
  S    16    0  3.3087E+01  1.2691E+01  4.1694E+01  3.0756E+01  1.7083E+01  1.9079E+01  2.1835E+01  2.3730E+01  1.6476E+01
  Cl   17    0  4.9271E+00  4.5722E+00  7.2421E+00  5.2432E+00  5.0983E+00  5.7450E+00  5.5884E+00  5.4796E+00  3.6934E+00
  Ar   18    0  3.3420E+01  1.1253E+01  3.7469E+01  2.7901E+01  1.5986E+01  1.8165E+01  1.9940E+01  2.1666E+01  1.4830E+01
  K    19    0  5.8333E+00  6.6535E+00  7.5818E+00  5.1562E+00  4.4046E+00  4.8710E+00  5.3051E+00  5.2742E+00  3.9041E+00
  Ca   20    0  3.1302E+01  6.0514E+00  3.0477E+01  2.4249E+01  1.4319E+01  1.5691E+01  1.5937E+01  1.8315E+01  1.2346E+01
  Sc   21    0  7.4321E+00  1.3383E+01  1.6225E+01  1.1889E+01  1.9052E+01  2.3562E+01  2.2118E+01  1.9779E+01  1.5204E+01
  Ti   22    0  8.0939E+00  3.8734E+00  7.5758E+00  6.5120E+00  4.8005E+00  5.1607E+00  5.1583E+00  4.6540E+00  3.6190E+00
  V    23    0  1.4159E+01  3.5731E+01  1.3933E+01  9.3809E+00  5.3940E+00  6.0242E+00  6.4794E+00  6.3901E+00  5.0694E+00
  Cr   24    0  2.1199E+01  4.1493E+01  1.7186E+01  1.3376E+01  7.5875E+00  8.1131E+00  6.6667E+00  5.4371E+00  4.0122E+00
  Mn   25    0  1.6892E+01  8.8715E+01  1.4507E+01  9.8992E+00  6.0253E+00  5.8582E+00  5.4980E+00  5.2490E+00  3.9294E+00
  Fe   26    0  6.8375E+00  2.3468E+01  5.0633E+00  3.9112E+00  3.1062E+00  2.5896E+00  2.1355E+00  1.9601E+00  1.6566E+00
  Co   27    0  3.9869E+00  4.5666E+02  7.8475E+00  7.2184E+00  9.6207E+00  8.8839E+00  6.5662E+00  5.7953E+00  4.3542E+00
  Ni   28    0  4.0210E+00  1.3328E+03  4.1955E+00  3.3616E+00  3.6950E+00  3.2549E+00  3.0975E+00  2.9977E+00  2.4735E+00
  Cu   29    0  2.0597E+01  1.3059E+02  3.4501E+01  3.4980E+01  5.0917E+01  5.6008E+01  5.5280E+01  5.1467E+01  3.8919E+01
  Zn   30    0  1.1569E+01  9.2796E+02  1.9132E+01  1.9345E+01  2.6945E+01  2.9248E+01  3.3122E+01  3.5168E+01  2.6010E+01
  Ga   31    0  3.6622E+01  9.0932E+01  6.4678E+01  6.9314E+01  1.0638E+02  1.1763E+02  1.3739E+02  1.5268E+02  1.1101E+02
  Ge   32    0  1.8968E+01  5.9636E+01  3.9323E+01  3.8326E+01  6.5258E+01  8.0189E+01  9.5513E+01  1.0205E+02  6.7591E+01
  As   33    0  2.6692E+01  9.2681E+01  5.4644E+01  6.4939E+01  1.0065E+02  1.3772E+02  1.7600E+02  1.9321E+02  1.3458E+02
  Se   34    0  1.2976E+01  4.3867E+01  2.9607E+01  2.5490E+01  4.8511E+01  6.7618E+01  8.6605E+01  8.4153E+01  5.4919E+01
  Br   35    0  9.1308E+00  2.8173E+01  1.9230E+01  2.0649E+01  4.7330E+01  6.5223E+01  7.5345E+01  6.2545E+01  3.9619E+01
  Kr   36    0  8.0662E+00  2.8773E+01  1.5114E+01  1.4772E+01  2.7198E+01  3.8844E+01  6.0296E+01  5.6626E+01  4.0251E+01
  Rb   37    0  9.0292E+00  4.1930E+01  2.0136E+01  1.8861E+01  3.4661E+01  5.9230E+01  9.7245E+01  8.7759E+01  6.1257E+01
  Sr   38    0  1.0352E+01  4.1405E+01  1.3660E+01  1.6574E+01  2.6973E+01  3.3320E+01  5.8341E+01  7.5913E+01  5.0517E+01
  Y    39    0  6.1753E+00  2.4532E+01  9.6203E+00  9.0897E+00  1.5562E+01  2.0825E+01  3.3682E+01  3.8039E+01  2.4495E+01
  Zr   40    0  3.5155E+00  1.1684E+01  5.8132E+00  4.2427E+00  6.8438E+00  9.5188E+00  1.4701E+01  1.5255E+01  1.1504E+01
  Nb   41    0  1.8889E+00  5.4182E+00  3.0593E+00  2.6329E+00  4.7919E+00  6.1594E+00  8.7439E+00  7.8094E+00  5.0212E+00
  Mo   42    0  1.6609E+00  2.9102E+00  1.9887E+00  2.1106E+00  2.6690E+00  3.1085E+00  4.3040E+00  4.0025E+00  3.2190E+00
  Xe   54    0  1.0953E+00  1.6136E+00  1.2320E+00  1.2900E+00  1.4757E+00  1.6574E+00  2.3331E+00  2.2198E+00  1.8289E+00
  Cs   55    0  1.0320E+00  1.4024E+00  1.1015E+00  1.1318E+00  1.3081E+00  1.4981E+00  2.0721E+00  1.8058E+00  1.4966E+00
  Ba   56    0  1.3611E+00  1.9654E+00  1.5529E+00  1.6845E+00  2.2019E+00  2.3657E+00  2.8883E+00  2.5715E+00  2.1139E+00
  La   57    0  1.2187E+00  1.5896E+00  1.4626E+00  1.5269E+00  2.0155E+00  2.2332E+00  2.4656E+00  2.1397E+00  1.7467E+00
  Ce   58    0  1.0979E+00  1.2529E+00  1.2335E+00  1.2565E+00  1.5149E+00  1.6327E+00  1.7267E+00  1.6440E+00  1.4504E+00
  Pr   59    0  1.0385E+00  1.3949E+00  1.9039E+00  1.1798E+00  1.3344E+00  1.7978E+00  1.7807E+00  1.9135E+00  1.6901E+00
  Nd   60    0  1.0891E+00  1.1179E+00  1.0683E+00  1.3397E+00  1.4335E+00  1.4073E+00  1.4987E+00  1.5034E+00  1.3542E+00
  Hg   80    0  1.1103E+00  1.1471E+00  1.1279E+00  1.1000E+00  1.2397E+00  1.2569E+00  1.3910E+00  1.3517E+00  1.3518E+00
  Tl   81    0  9.9863E-01  1.0200E+00  9.9611E-01  1.0508E+00  1.2381E+00  1.3016E+00  1.3797E+00  1.2734E+00  1.1878E+00
  Pb   82    0  1.0712E+00  1.1086E+00  1.1618E+00  1.1925E+00  1.3975E+00  1.4334E+00  1.4668E+00  1.4099E+00  1.2928E+00
  Bi   83    0  9.0645E-01  8.1775E-01  8.9964E-01  9.1076E-01  9.4650E-01  9.5533E-01  9.6647E-01  9.5393E-01  9.6881E-01
  ele   Z    A    013a300     015a300     020a300     025a300     030a300     040a300     060a300     080a300     120a300
  H     1    0  5.1180E-01  5.0066E-01  4.6624E-01  3.9697E-01  3.5701E-01  3.5749E-01  3.1456E-01  3.3690E-01  3.6894E-01
  He    2    0  1.4070E+00  1.3673E+00  1.3480E+00  1.5044E+00  1.5625E+00  1.6298E+00  1.9685E+00  2.1103E+00  2.2208E+00
  Li    3    0  2.9189E-04  5.2142E-04  1.1210E-03  1.9286E-03  1.9263E-03  2.5184E-03  1.9929E-03  1.9589E-03  8.6090E-04
  Be    4    0  4.2959E-04  7.5325E-04  1.5657E-03  2.6230E-03  3.0557E-03  4.0307E-03  3.0643E-03  3.1008E-03  1.5224E-03
  B     5    0  1.6663E-02  1.7194E-02  1.5258E-02  1.8886E-02  2.1893E-02  2.8727E-02  2.7850E-02  3.1305E-02  2.3978E-02
  C     6    0  2.0531E+01  1.7941E+01  2.4989E+01  2.8506E+01  2.5914E+01  2.6788E+01  2.2416E+01  1.8169E+01  1.3453E+01
  N     7    0  6.8539E+00  8.3031E+00  1.0989E+01  6.6723E+00  6.8496E+00  6.7752E+00  7.1832E+00  8.1395E+00  9.1796E+00
  O     8    0  2.3636E+01  2.6210E+01  2.9626E+01  3.0039E+01  3.2170E+01  3.0784E+01  2.4551E+01  1.9096E+01  1.3951E+01
  F     9    0  9.2708E+01  1.7324E+01  1.4769E+01  8.9859E-01  6.8430E-01  6.4473E-01  7.1884E-01  3.0552E-01  2.2647E-01
  Ne   10    0  8.4477E+00  9.4528E+00  8.9568E+00  1.9158E+01  3.0903E+01  2.3952E+01  1.8168E+01  1.2252E+01  7.0723E+00
  Na   11    0  7.8047E+00  7.1457E+00  8.8653E+00  1.6871E+01  2.2330E+01  2.1906E+01  1.8524E+01  1.4149E+01  1.0634E+01
  Mg   12    0  4.8468E+00  5.2588E+00  5.5464E+00  9.4516E+00  1.3363E+01  1.0044E+01  7.9234E+00  5.8290E+00  4.3394E+00
  Al   13    0  4.3847E+00  4.7120E+00  5.9636E+00  1.2423E+01  1.7525E+01  1.3313E+01  1.0162E+01  7.3843E+00  5.1418E+00
  Si   14    0  3.0139E+01  3.1611E+01  3.8562E+01  2.8226E+01  1.9715E+01  1.8586E+01  1.6141E+01  1.3284E+01  1.0221E+01
  P    15    0  1.1780E+01  2.2890E+01  3.4407E+01  2.3317E+01  2.0291E+01  1.9072E+01  1.4678E+01  1.2087E+01  8.9432E+00
  S    16    0  4.7480E+01  3.3820E+01  4.3575E+01  2.8520E+01  1.8390E+01  1.9979E+01  1.7659E+01  1.4815E+01  1.0394E+01
  Cl   17    0  7.9708E+00  1.1677E+01  8.4503E+00  5.4551E+00  4.8141E+00  5.8227E+00  4.7937E+00  4.2721E+00  2.7641E+00
  Ar   18    0  5.5393E+01  3.0205E+01  3.9266E+01  2.5892E+01  1.7258E+01  1.8977E+01  1.6201E+01  1.3700E+01  9.3400E+00
  K    19    0  2.0439E+01  2.6437E+01  8.2940E+00  5.2640E+00  4.3072E+00  4.9001E+00  4.3995E+00  3.9549E+00  2.6641E+00
  Ca   20    0  5.6931E+01  1.9098E+01  3.0977E+01  2.2557E+01  1.5883E+01  1.6516E+01  1.3240E+01  1.1099E+01  7.8843E+00
  Sc   21    0  2.5088E+01  3.0960E+01  1.5859E+01  1.3897E+01  1.9945E+01  2.2191E+01  2.1632E+01  1.6523E+01  1.1550E+01
  Ti   22    0  8.7399E+00  9.2018E+00  9.0848E+00  6.5111E+00  5.2160E+00  5.1126E+00  4.4934E+00  3.7263E+00  2.8824E+00
  V    23    0  1.3771E+01  4.1628E+01  1.8143E+01  8.9202E+00  6.0393E+00  5.9175E+00  5.5970E+00  4.6066E+00  3.6478E+00
  Cr   24    0  1.8440E+01  3.1179E+01  1.8245E+01  1.2883E+01  8.6380E+00  7.7859E+00  6.3738E+00  5.0376E+00  3.7261E+00
  Mn   25    0  1.8422E+01  6.0748E+01  1.7126E+01  9.3860E+00  6.5660E+00  5.8399E+00  5.0191E+00  4.1115E+00  3.2128E+00
  Fe   26    0  7.3162E+00  1.6693E+01  5.3832E+00  3.8372E+00  3.1291E+00  2.6017E+00  2.0860E+00  1.8161E+00  1.5559E+00
  Co   27    0  8.4302E+00  8.6116E+00  4.9857E+00  7.6997E+00  9.5049E+00  8.4203E+00  6.7944E+00  5.3380E+00  3.8604E+00
  Ni   28    0  5.7937E+00  2.5873E+01  4.5260E+00  3.4184E+00  3.5115E+00  3.3048E+00  2.8850E+00  2.4717E+00  2.0461E+00
  Cu   29    0  2.9461E+01  3.4828E+01  4.6623E+01  4.1898E+01  5.3286E+01  5.4947E+01  4.8436E+01  3.7825E+01  2.7675E+01
  Zn   30    0  1.4437E+01  2.2750E+01  3.2687E+01  2.3873E+01  2.8475E+01  2.9787E+01  2.6340E+01  2.0998E+01  1.5661E+01
  Ga   31    0  5.1527E+01  8.8474E+01  1.6339E+02  9.4257E+01  1.1979E+02  1.2188E+02  1.0235E+02  8.2415E+01  6.0746E+01
  Ge   32    0  3.3278E+01  6.1753E+01  9.1038E+01  5.3706E+01  7.2992E+01  8.2972E+01  6.9891E+01  5.5301E+01  3.8732E+01
  As   33    0  5.2417E+01  9.6814E+01  1.5668E+02  9.0773E+01  1.1776E+02  1.4070E+02  1.2441E+02  1.0246E+02  7.7711E+01
  Se   34    0  2.7951E+01  5.4069E+01  9.8001E+01  3.8541E+01  5.5687E+01  6.9539E+01  5.8485E+01  4.6507E+01  3.1809E+01
  Br   35    0  2.1529E+01  4.9077E+01  6.4135E+01  3.2587E+01  5.4796E+01  6.5692E+01  5.3088E+01  3.9463E+01  2.7969E+01
  Kr   36    0  1.8157E+01  5.4120E+01  7.6346E+01  2.3524E+01  3.2588E+01  4.0060E+01  3.4415E+01  2.7086E+01  2.0576E+01
  Rb   37    0  2.2622E+01  7.8146E+01  1.2291E+02  2.9089E+01  4.2250E+01  5.8158E+01  5.5760E+01  4.4037E+01  3.2993E+01
  Sr   38    0  2.2517E+01  9.2379E+01  1.1616E+02  2.6600E+01  3.2243E+01  3.7945E+01  2.9888E+01  2.5618E+01  2.0222E+01
  Y    39    0  1.5139E+01  6.7543E+01  8.3332E+01  1.4478E+01  1.8409E+01  2.2807E+01  1.7619E+01  1.5024E+01  1.0776E+01
  Zr   40    0  7.3652E+00  3.6869E+01  5.4996E+01  6.3023E+00  8.0253E+00  1.0080E+01  7.9549E+00  6.9241E+00  4.9977E+00
  Nb   41    0  4.5309E+00  2.4566E+01  2.0686E+01  3.8320E+00  5.4716E+00  6.3058E+00  4.8758E+00  4.0733E+00  3.1798E+00
  Mo   42    0  2.4228E+00  1.0022E+01  1.0682E+01  2.6679E+00  2.9587E+00  3.1631E+00  2.7589E+00  2.4606E+00  2.1221E+00
  Xe   54    0  1.4418E+00  5.2345E+00  4.4647E+00  1.4808E+00  1.5870E+00  1.6811E+00  1.6232E+00  1.5327E+00  1.3844E+00
  Cs   55    0  1.2928E+00  4.8328E+00  4.0414E+00  1.1973E+00  1.3605E+00  1.4870E+00  1.4752E+00  1.4026E+00  1.2845E+00
  Ba   56    0  1.9086E+00  5.6771E+00  5.0559E+00  1.9906E+00  2.3535E+00  2.4491E+00  2.0529E+00  1.8454E+00  1.6337E+00
  La   57    0  1.7457E+00  4.0977E+00  3.3108E+00  1.7518E+00  2.1001E+00  2.2345E+00  1.9882E+00  1.7784E+00  1.5278E+00
  Ce   58    0  1.3327E+00  2.3069E+00  2.0758E+00  1.3733E+00  1.5570E+00  1.6417E+00  1.5110E+00  1.3967E+00  1.3028E+00
  Pr   59    0  1.3824E+00  3.0313E+00  2.4796E+00  1.2668E+00  1.3862E+00  1.5916E+00  1.8749E+00  1.6885E+00  1.4541E+00
  Nd   60    0  1.1479E+00  1.5287E+00  1.6336E+00  1.4411E+00  1.4896E+00  1.4392E+00  1.3156E+00  1.2478E+00  1.2086E+00
  Hg   80    0  1.1144E+00  1.4432E+00  1.6329E+00  1.1653E+00  1.2834E+00  1.2755E+00  1.2226E+00  1.1795E+00  1.1496E+00
  Tl   81    0  1.0905E+00  1.2917E+00  1.2802E+00  1.1047E+00  1.2380E+00  1.2847E+00  1.2547E+00  1.1913E+00  1.1353E+00
  Pb   82    0  1.2055E+00  1.3534E+00  1.4067E+00  1.2753E+00  1.4205E+00  1.4319E+00  1.3605E+00  1.2741E+00  1.1990E+00
  Bi   83    0  9.1537E-01  9.1680E-01  8.8600E-01  9.1932E-01  9.4210E-01  9.4938E-01  9.6788E-01  9.7064E-01  9.8184E-01
  ele   Z    A    013b000     015b000     020b000     025b000     030b000     040b000     060b000     080b000     120b000
  H     1    0  7.2446E-01  6.9781E-01  6.3525E-01  6.0318E-01  5.5852E-01  5.0154E-01  4.5316E-01  4.2455E-01  3.7058E-01
  He    2    0  1.5939E+00  1.4253E+00  1.5117E+00  1.3755E+00  1.5857E+00  1.5533E+00  1.4972E+00  1.3651E+00  1.3208E+00
  Li    3    0  2.8298E-03  4.8980E-03  1.1059E-02  1.1261E-02  1.1936E-02  1.1488E-02  1.3781E-02  1.1701E-02  1.0972E-02
  Be    4    0  8.8134E-03  8.4010E-03  1.3657E-02  1.7094E-02  1.6276E-02  1.5185E-02  1.2698E-02  1.2320E-02  1.1626E-02
  B     5    0  1.5335E-01  1.4752E-01  1.3349E-01  1.2958E-01  1.2625E-01  1.1921E-01  1.0689E-01  1.0247E-01  9.3696E-02
  C     6    0  2.6445E+01  4.3971E+01  5.0087E+01  6.8803E+01  7.3542E+01  7.3815E+01  8.6111E+01  7.5217E+01  1.0412E+02
  N     7    0  9.6234E+00  8.7200E+00  8.5612E+00  8.0308E+00  1.1537E+01  1.2195E+01  1.2689E+01  1.0359E+01  1.3277E+01
  O     8    0  1.1937E+01  3.1567E+01  3.5748E+01  5.8693E+01  5.2231E+01  7.3112E+01  9.9784E+01  1.2654E+02  1.3487E+02
  F     9    0  6.6859E-01  6.3531E-01  6.9222E-01  2.2274E+00  1.9261E+00  2.6886E+00  2.9579E+01  9.7421E+00  2.2810E-01
  Ne   10    0  3.6796E+01  5.8071E+01  2.0751E+02  1.6752E+02  1.3760E+02  2.3641E+02  9.4021E+01  9.0769E+01  2.2576E+02
  Na   11    0  1.3350E+01  2.6114E+01  6.9795E+01  8.5168E+01  6.9539E+01  1.1425E+02  3.2108E+01  2.4045E+01  4.0080E+01
  Mg   12    0  1.5321E+01  1.9376E+01  5.1712E+01  3.2397E+01  2.7782E+01  4.1616E+01  2.8452E+01  3.9619E+01  1.1094E+02
  Al   13    0  2.3617E+01  3.0905E+01  6.9206E+01  5.2361E+01  4.4535E+01  6.8453E+01  4.0139E+01  4.7341E+01  8.3110E+01
  Si   14    0  3.5928E+01  7.5297E+01  5.2247E+01  8.5277E+01  7.3999E+01  5.4706E+01  8.9102E+01  1.0472E+02  9.1498E+01
  P    15    0  3.7811E+01  6.2706E+01  5.5505E+01  7.3469E+01  6.5328E+01  6.9241E+01  9.2710E+01  1.2210E+02  1.2359E+02
  S    16    0  3.7240E+01  8.7540E+01  4.9256E+01  1.0361E+02  9.0409E+01  6.2682E+01  1.1084E+02  1.2176E+02  9.8422E+01
  Cl   17    0  6.5287E+00  1.2618E+01  8.8816E+00  1.7316E+01  1.6223E+01  1.5670E+01  2.4142E+01  2.5619E+01  1.9696E+01
  Ar   18    0  3.4698E+01  8.0133E+01  4.2752E+01  9.6926E+01  8.5052E+01  6.1821E+01  1.0776E+02  1.2029E+02  9.8208E+01
  K    19    0  8.3569E+00  1.7177E+01  1.1204E+01  1.6748E+01  1.5918E+01  1.5436E+01  2.7894E+01  3.8274E+01  3.3967E+01
  Ca   20    0  3.2368E+01  7.3105E+01  3.6992E+01  9.1014E+01  8.0199E+01  6.3408E+01  1.0754E+02  1.2061E+02  9.6048E+01
  Sc   21    0  4.8235E+00  9.7003E+00  1.5425E+01  3.0446E+01  2.7018E+01  3.8173E+01  4.1993E+01  7.8004E+01  5.9822E+01
  Ti   22    0  1.4688E+01  1.9675E+01  1.3351E+01  2.2176E+01  1.9156E+01  1.4607E+01  1.5147E+01  1.4799E+01  1.3050E+01
  V    23    0  2.1629E+01  5.5026E+01  3.6707E+01  4.4992E+01  3.7112E+01  2.0241E+01  2.7394E+01  2.7846E+01  2.6506E+01
  Cr   24    0  5.2061E+01  1.1466E+02  7.0595E+01  1.1814E+02  9.8354E+01  6.6400E+01  5.1166E+01  3.9279E+01  2.7374E+01
  Mn   25    0  2.7239E+01  6.9405E+01  4.3390E+01  5.6884E+01  4.6660E+01  2.5628E+01  3.0283E+01  2.6437E+01  1.9936E+01
  Fe   26    0  5.0491E+01  4.5825E+01  3.3437E+01  2.7473E+01  2.2680E+01  1.6290E+01  1.2313E+01  1.0339E+01  7.4214E+00
  Co   27    0  2.4461E+01  9.6855E+00  1.1200E+01  6.0831E+00  5.1257E+00  5.1970E+00  4.6417E+00  7.7684E+00  5.0530E+00
  Ni   28    0  4.7383E+01  1.9593E+01  1.8295E+01  6.9440E+00  6.0615E+00  4.5899E+00  5.8132E+00  7.5666E+00  5.8685E+00
  Cu   29    0  4.6402E+00  7.3017E+00  1.4052E+01  3.4068E+01  3.2025E+01  5.1271E+01  5.8362E+01  7.2066E+01  6.9987E+01
  Zn   30    0  8.6312E+00  4.9164E+00  7.4755E+00  2.0536E+01  2.0479E+01  3.7656E+01  5.2036E+01  6.4013E+01  6.7598E+01
  Ga   31    0  2.6426E+00  6.2201E+00  1.2718E+01  5.8449E+01  6.1656E+01  1.4321E+02  2.4470E+02  3.3695E+02  3.3533E+02
  Ge   32    0  2.0068E+00  4.2088E+00  7.4080E+00  4.0898E+01  4.4341E+01  1.0319E+02  1.9258E+02  2.6470E+02  2.8265E+02
  As   33    0  1.8774E+00  4.3460E+00  7.6249E+00  6.0331E+01  6.6676E+01  1.5275E+02  3.4979E+02  5.6778E+02  4.8410E+02
  Se   34    0  1.5095E+00  2.2122E+00  3.5174E+00  2.5903E+01  2.9965E+01  7.5696E+01  1.7077E+02  2.3910E+02  2.4351E+02
  Br   35    0  1.3961E+00  1.7103E+00  3.1916E+00  2.2638E+01  2.6704E+01  7.9149E+01  1.4863E+02  2.1732E+02  2.0953E+02
  Kr   36    0  1.2222E+00  1.3852E+00  2.1024E+00  1.1083E+01  1.4660E+01  5.3770E+01  1.5843E+02  2.6984E+02  3.1692E+02
  Rb   37    0  1.2711E+00  1.5054E+00  2.2090E+00  1.4200E+01  1.8521E+01  6.5044E+01  1.9572E+02  3.6339E+02  3.7444E+02
  Sr   38    0  1.3122E+00  1.8127E+00  2.7645E+00  1.1614E+01  1.6639E+01  8.3361E+01  3.6410E+02  7.9965E+02  9.3296E+02
  Y    39    0  1.1828E+00  1.5754E+00  2.1197E+00  7.5316E+00  1.0207E+01  4.3679E+01  2.1207E+02  4.6275E+02  4.7375E+02
  Zr   40    0  1.0452E+00  1.2021E+00  1.4415E+00  3.6212E+00  4.5089E+00  1.4793E+01  6.9280E+01  1.6945E+02  1.9548E+02
  Nb   41    0  9.8819E-01  1.0109E+00  1.2501E+00  2.2464E+00  2.4549E+00  7.7176E+00  2.7017E+01  7.4331E+01  8.5698E+01
  Mo   42    0  1.1903E+00  1.2458E+00  1.3125E+00  1.7566E+00  1.8712E+00  3.8169E+00  1.1760E+01  3.3841E+01  4.1511E+01
  Xe   54    0  9.7016E-01  9.5063E-01  9.7714E-01  1.1677E+00  1.2292E+00  2.0131E+00  5.9787E+00  1.6921E+01  1.9653E+01
  Cs   55    0  9.3306E-01  9.1220E-01  9.2350E-01  1.1115E+00  1.1507E+00  1.8353E+00  4.2262E+00  1.0828E+01  1.2047E+01
  Ba   56    0  1.0318E+00  1.0734E+00  1.2162E+00  1.5136E+00  1.5649E+00  2.8213E+00  6.0147E+00  1.3992E+01  1.6784E+01
  La   57    0  1.0188E+00  1.0582E+00  1.2080E+00  1.5151E+00  1.5162E+00  2.3150E+00  3.8333E+00  7.0396E+00  8.3447E+00
  Ce   58    0  9.9693E-01  1.0021E+00  1.0858E+00  1.2550E+00  1.2648E+00  1.6790E+00  2.4413E+00  3.9729E+00  4.5083E+00
  Pr   59    0  9.7074E-01  9.8233E-01  9.8680E-01  1.2030E+00  1.1855E+00  1.4004E+00  1.9154E+00  5.1046E+00  3.6811E+00
  Nd   60    0  1.0109E+00  1.0493E+00  1.0828E+00  1.2247E+00  1.2425E+00  1.5889E+00  2.2495E+00  3.3493E+00  3.8173E+00
  Hg   80    0  9.9109E-01  9.7198E-01  1.0344E+00  1.1184E+00  1.1380E+00  1.3829E+00  1.8218E+00  2.3230E+00  2.5796E+00
  Tl   81    0  9.7712E-01  9.6225E-01  1.0302E+00  1.1274E+00  1.1309E+00  1.4221E+00  1.6636E+00  1.9658E+00  2.2447E+00
  Pb   82    0  9.9797E-01  1.0014E+00  1.0787E+00  1.1822E+00  1.1854E+00  1.4548E+00  1.7390E+00  2.1340E+00  2.2850E+00
  Bi   83    0  9.6896E-01  9.3694E-01  9.5647E-01  9.3018E-01  9.4188E-01  9.6833E-01  9.7164E-01  1.0261E+00  1.0103E+00
  ele   Z    A    013b150     015b150     020b150     025b150     030b150     040b150     060b150     080b150     120b150
  H     1    0  5.7649E-01  5.3915E-01  4.8357E-01  4.6805E-01  4.6066E-01  4.1296E-01  3.8067E-01  3.5034E-01  2.9865E-01
  He    2    0  1.4175E+00  1.3892E+00  1.3737E+00  1.3199E+00  1.3625E+00  1.0359E+00  1.2539E+00  1.2154E+00  1.8124E+00
  Li    3    0  1.6555E-02  2.6586E-02  9.5072E-03  5.3557E-03  4.1375E-02  1.8757E-02  4.4050E-01  2.6578E-01  9.3013E-04
  Be    4    0  3.8832E-04  5.8092E-04  1.1806E-03  1.7686E-03  2.2526E-03  2.8660E-03  8.5388E-04  1.0111E-03  1.3367E-03
  B     5    0  4.7810E-02  4.2973E-02  3.6710E-02  3.2417E-02  2.3632E-02  2.0773E-02  1.5896E-02  1.4560E-02  2.3264E-02
  C     6    0  6.4535E+01  7.0980E+01  7.7503E+01  7.0870E+01  8.4803E+01  1.2312E+02  1.5914E+02  1.7083E+02  1.3072E+02
  N     7    0  9.1691E+01  1.0659E+02  1.1319E+02  5.4428E+01  1.7898E+01  2.1579E+01  1.2401E+01  1.1542E+01  1.5555E+01
  O     8    0  5.5942E+01  7.2522E+01  9.4528E+01  1.0673E+02  1.0678E+02  1.4592E+02  1.2477E+02  1.3718E+02  1.0068E+02
  F     9    0  3.7275E+01  1.2334E+02  4.8293E+02  4.4934E+02  1.8381E+02  2.8304E+01  1.4456E+00  1.0207E+00  1.1586E+00
  Ne   10    0  5.9247E+01  7.9987E+01  9.3278E+01  2.3813E+02  1.5344E+02  2.2369E+02  2.7313E+02  2.2749E+02  1.5088E+02
  Na   11    0  2.3646E+01  3.1560E+01  2.9868E+01  6.9847E+01  5.5610E+01  6.8910E+01  7.3397E+01  2.1231E+01  2.2127E+01
  Mg   12    0  1.3262E+01  2.4417E+01  3.0616E+01  5.1162E+01  4.0702E+01  7.5676E+01  7.9735E+01  9.6710E+01  9.9624E+01
  Al   13    0  1.7854E+01  3.9900E+01  5.1485E+01  9.0390E+01  6.3609E+01  6.9152E+01  6.9205E+01  6.6896E+01  5.6650E+01
  Si   14    0  1.1535E+02  1.1469E+02  1.2759E+02  8.7498E+01  9.6828E+01  1.2345E+02  9.9575E+01  1.1966E+02  9.0546E+01
  P    15    0  6.7355E+01  7.2950E+01  1.2779E+02  1.1502E+02  1.1593E+02  1.3010E+02  1.1193E+02  1.4463E+02  1.0858E+02
  S    16    0  2.5313E+02  2.0380E+02  1.6642E+02  1.0683E+02  1.2804E+02  1.5601E+02  1.1368E+02  1.3569E+02  9.9188E+01
  Cl   17    0  1.0112E+02  1.3143E+01  2.7053E+01  2.0966E+01  2.4896E+01  3.2175E+01  2.4870E+01  2.7421E+01  1.8328E+01
  Ar   18    0  3.3553E+02  2.4601E+02  1.6623E+02  1.0855E+02  1.2874E+02  1.5161E+02  1.0780E+02  1.3367E+02  9.8941E+01
  K    19    0  5.0296E+02  1.6751E+01  3.6922E+01  2.6079E+01  2.9959E+01  3.8136E+01  3.1944E+01  4.0742E+01  3.2830E+01
  Ca   20    0  3.9331E+02  3.0007E+02  1.6691E+02  1.1230E+02  1.3033E+02  1.5120E+02  1.0374E+02  1.3489E+02  9.8617E+01
  Sc   21    0  1.4825E+02  4.3651E+01  4.0901E+01  4.8527E+01  7.4520E+01  8.5122E+01  6.4357E+01  5.6858E+01  4.4669E+01
  Ti   22    0  4.5456E+01  3.3323E+01  3.3313E+01  2.4524E+01  2.4804E+01  2.3106E+01  1.6502E+01  1.5557E+01  1.1612E+01
  V    23    0  8.6069E+01  8.1289E+01  5.6732E+01  3.9542E+01  4.1536E+01  4.3812E+01  3.5117E+01  3.0205E+01  2.4596E+01
  Cr   24    0  1.7444E+02  1.8280E+02  1.5591E+02  1.1125E+02  1.0270E+02  8.0908E+01  5.4432E+01  4.0212E+01  2.7395E+01
  Mn   25    0  9.2105E+01  1.0940E+02  7.0631E+01  5.0234E+01  4.7218E+01  4.6639E+01  3.5567E+01  2.9183E+01  2.1236E+01
  Fe   26    0  5.5042E+01  5.0835E+01  3.5133E+01  2.7021E+01  2.3242E+01  1.8487E+01  1.3029E+01  1.0748E+01  7.6010E+00
  Co   27    0  9.3663E+00  6.5736E+00  5.5251E+00  5.2627E+00  5.5175E+00  6.3765E+00  5.8296E+00  5.1314E+00  4.2604E+00
  Ni   28    0  1.6620E+01  2.0597E+01  9.0876E+00  7.5951E+00  7.6403E+00  8.2495E+00  6.9511E+00  7.2643E+00  5.4378E+00
  Cu   29    0  2.7864E+01  4.4152E+01  5.1146E+01  5.8784E+01  5.3385E+01  8.9784E+01  7.0785E+01  6.7684E+01  4.9706E+01
  Zn   30    0  1.7279E+01  3.0100E+01  4.1179E+01  5.1613E+01  4.6611E+01  7.2511E+01  6.1693E+01  6.7266E+01  5.0760E+01
  Ga   31    0  5.4479E+01  1.2546E+02  1.9833E+02  2.5103E+02  2.3359E+02  3.3709E+02  2.9330E+02  3.2931E+02  2.5818E+02
  Ge   32    0  4.3639E+01  8.6478E+01  1.3891E+02  2.0186E+02  2.1654E+02  2.8788E+02  2.4743E+02  2.7744E+02  2.0864E+02
  As   33    0  5.1471E+01  1.4700E+02  2.8791E+02  3.8009E+02  4.3014E+02  5.1305E+02  4.7163E+02  5.4725E+02  4.7364E+02
  Se   34    0  3.8197E+01  7.0891E+01  1.2976E+02  2.0702E+02  2.7506E+02  3.0348E+02  2.3558E+02  2.6905E+02  1.8467E+02
  Br   35    0  3.4318E+01  6.8102E+01  1.2507E+02  2.2202E+02  2.7526E+02  2.8399E+02  2.2832E+02  2.3597E+02  1.7601E+02
  Kr   36    0  3.7126E+01  5.6130E+01  1.0135E+02  1.8915E+02  3.5891E+02  3.1801E+02  2.2788E+02  2.7487E+02  2.1854E+02
  Rb   37    0  4.7053E+01  6.9472E+01  1.4166E+02  2.8267E+02  6.5834E+02  4.8948E+02  3.4199E+02  3.9719E+02  3.1361E+02
  Sr   38    0  4.9649E+01  9.6543E+01  2.1376E+02  4.6797E+02  7.8552E+02  5.8438E+02  5.3166E+02  8.1819E+02  6.3985E+02
  Y    39    0  3.6967E+01  6.4465E+01  1.3709E+02  2.8973E+02  6.0817E+02  3.8508E+02  3.3349E+02  4.9030E+02  3.4579E+02
  Zr   40    0  2.4335E+01  2.7955E+01  5.2594E+01  1.1800E+02  3.5687E+02  1.6488E+02  1.2167E+02  1.8439E+02  1.3748E+02
  Nb   41    0  1.3568E+01  1.6857E+01  2.4668E+01  6.4408E+01  2.1986E+02  8.7265E+01  6.6171E+01  7.6901E+01  6.0572E+01
  Mo   42    0  6.1541E+00  1.0043E+01  1.2347E+01  2.3911E+01  1.0994E+02  3.7838E+01  2.5032E+01  3.5139E+01  2.8166E+01
  Xe   54    0  3.0253E+00  3.8946E+00  5.4079E+00  1.1032E+01  7.4044E+01  1.8917E+01  1.1969E+01  1.7525E+01  1.3484E+01
  Cs   55    0  2.6160E+00  3.7020E+00  4.4512E+00  7.7192E+00  5.9559E+01  1.4688E+01  1.0051E+01  1.0380E+01  8.8693E+00
  Ba   56    0  3.4086E+00  4.5928E+00  6.0565E+00  1.2065E+01  4.7997E+01  1.7918E+01  1.0847E+01  1.4616E+01  1.0941E+01
  La   57    0  2.5295E+00  3.0189E+00  3.6349E+00  6.6065E+00  2.2371E+01  1.0249E+01  6.3107E+00  7.5672E+00  5.7840E+00
  Ce   58    0  1.7210E+00  1.9487E+00  2.2448E+00  3.4650E+00  1.2592E+01  5.6615E+00  3.5836E+00  4.1406E+00  3.3243E+00
  Pr   59    0  2.0445E+00  1.7728E+00  1.9100E+00  2.1921E+00  4.2207E+01  7.3933E+00  3.1973E+00  3.5235E+00  3.0353E+00
  Nd   60    0  1.3143E+00  1.7219E+00  2.1068E+00  2.7215E+00  5.0627E+00  3.7135E+00  2.7607E+00  3.4662E+00  2.8747E+00
  Hg   80    0  1.2225E+00  1.4329E+00  1.6245E+00  2.1807E+00  3.8771E+00  2.9649E+00  2.3568E+00  2.4535E+00  2.1211E+00
  Tl   81    0  1.1769E+00  1.2953E+00  1.4025E+00  1.9406E+00  3.0167E+00  2.5874E+00  2.1148E+00  2.1297E+00  1.8140E+00
  Pb   82    0  1.2622E+00  1.4295E+00  1.5602E+00  2.0002E+00  2.6913E+00  2.5531E+00  2.1307E+00  2.1875E+00  1.8737E+00
  Bi   83    0  9.1914E-01  9.0917E-01  8.9372E-01  9.5257E-01  1.1394E+00  1.0369E+00  1.0094E+00  9.7816E-01  9.7812E-01
  ele   Z    A    013b300     015b300     020b300     025b300     030b300     040b300     060b300     080b300     120b300
  H     1    0  5.3634E-01  5.0971E-01  4.7392E-01  4.5552E-01  4.1151E-01  3.9605E-01  3.5594E-01  3.3581E-01  3.1487E-01
  He    2    0  1.3308E+00  1.3385E+00  1.4276E+00  1.1111E+00  1.0723E+00  1.0102E+00  1.2280E+00  1.5217E+00  1.8429E+00
  Li    3    0  2.1001E-04  4.4806E-04  4.3079E-04  1.9764E-03  2.0870E-03  1.3453E-02  6.1873E-01  4.9877E-04  6.6082E-04
  Be    4    0  1.5452E-04  2.5224E-04  4.9850E-04  8.4482E-04  1.1034E-03  1.6309E-03  5.8393E-04  5.8468E-04  8.7619E-04
  B     5    0  1.2665E-02  1.1459E-02  4.6810E-03  6.1411E-03  7.3823E-03  1.0561E-02  1.0898E-02  4.7489E-03  9.3578E-03
  C     6    0  3.1705E+01  3.7222E+01  8.6164E+01  9.3161E+01  1.1764E+02  1.4086E+02  1.7127E+02  1.5369E+02  1.2298E+02
  N     7    0  6.9758E+01  7.7997E+01  4.9213E+01  3.6657E+01  3.1552E+01  3.7480E+01  1.5698E+01  1.2948E+01  1.5942E+01
  O     8    0  6.0708E+01  6.8125E+01  9.1618E+01  1.2440E+02  1.4107E+02  1.4806E+02  1.3217E+02  1.1641E+02  9.4435E+01
  F     9    0  3.9688E+01  1.7706E+02  3.0149E+02  9.1327E+02  2.0027E+03  8.8468E+01  1.4484E+00  1.7270E+00  1.4570E+00
  Ne   10    0  8.6003E+01  8.1275E+01  9.5552E+01  3.1559E+02  2.6133E+02  2.8404E+02  2.7938E+02  1.9891E+02  1.5225E+02
  Na   11    0  3.7005E+01  4.2733E+01  6.9501E+01  1.3721E+02  1.2382E+02  8.4185E+01  4.7264E+01  3.4076E+01  2.0581E+01
  Mg   12    0  3.9173E+01  3.3161E+01  3.2590E+01  5.9093E+01  5.4510E+01  7.6647E+01  9.5831E+01  7.0439E+01  8.3984E+01
  Al   13    0  1.0359E+01  1.1484E+01  5.3721E+01  1.1838E+02  9.8929E+01  8.0436E+01  6.3211E+01  4.8838E+01  4.5567E+01
  Si   14    0  2.4933E+02  2.4084E+02  1.2238E+02  1.0532E+02  1.2267E+02  1.1662E+02  1.0350E+02  8.9734E+01  8.5373E+01
  P    15    0  1.2600E+02  2.2254E+02  2.8961E+02  1.6607E+02  1.9145E+02  1.3843E+02  1.1728E+02  1.0263E+02  1.0452E+02
  S    16    0  4.9652E+02  5.2008E+02  1.6652E+02  1.3039E+02  1.6117E+02  1.4714E+02  1.2154E+02  1.0219E+02  9.1997E+01
  Cl   17    0  1.3323E+02  2.6304E+02  4.6630E+01  3.3169E+01  4.8266E+01  3.3953E+01  2.6288E+01  2.2994E+01  1.8752E+01
  Ar   18    0  5.9675E+02  7.8413E+02  1.5655E+02  1.3015E+02  1.5814E+02  1.4223E+02  1.1591E+02  9.9056E+01  9.0646E+01
  K    19    0  6.1436E+02  1.3020E+03  6.5282E+01  3.6055E+01  5.1041E+01  3.9203E+01  3.5137E+01  3.1927E+01  2.8955E+01
  Ca   20    0  5.9476E+02  6.4088E+02  1.2387E+02  1.3040E+02  1.5115E+02  1.3720E+02  1.1225E+02  9.7108E+01  9.0681E+01
  Sc   21    0  8.9130E+01  1.2420E+02  3.2021E+01  5.5690E+01  7.4427E+01  8.1226E+01  6.2395E+01  5.1583E+01  3.9938E+01
  Ti   22    0  8.9048E+01  1.5332E+02  3.6614E+01  2.8259E+01  2.8820E+01  2.2828E+01  1.7278E+01  1.3961E+01  1.0865E+01
  V    23    0  1.8975E+02  2.9143E+02  1.4031E+02  5.0343E+01  5.5158E+01  4.1890E+01  3.5407E+01  2.7069E+01  2.2381E+01
  Cr   24    0  2.1218E+02  1.9050E+02  1.6630E+02  1.1584E+02  1.0600E+02  8.0159E+01  5.4373E+01  3.9917E+01  2.6938E+01
  Mn   25    0  2.3467E+02  1.6734E+02  1.4718E+02  5.9249E+01  5.9475E+01  4.3674E+01  3.5999E+01  2.6639E+01  1.9809E+01
  Fe   26    0  8.4376E+01  6.2149E+01  4.4406E+01  2.8070E+01  2.4488E+01  1.8224E+01  1.3122E+01  1.0121E+01  7.3751E+00
  Co   27    0  1.9030E+01  1.5910E+01  2.8336E+00  3.7630E+00  4.7904E+00  5.9298E+00  5.6138E+00  4.8117E+00  3.9407E+00
  Ni   28    0  7.1484E+01  6.4440E+01  1.9616E+01  8.7687E+00  9.0495E+00  7.7115E+00  7.0015E+00  6.0828E+00  5.0292E+00
  Cu   29    0  1.2968E+01  1.3323E+01  1.8713E+01  5.2106E+01  5.7654E+01  8.1394E+01  7.2954E+01  6.2664E+01  4.6374E+01
  Zn   30    0  1.0911E+01  1.0675E+01  1.6512E+01  5.5550E+01  5.4623E+01  7.0223E+01  6.7137E+01  5.8563E+01  4.7889E+01
  Ga   31    0  4.6593E+01  4.7136E+01  8.9585E+01  3.2316E+02  3.1310E+02  3.4332E+02  3.1747E+02  2.8191E+02  2.4336E+02
  Ge   32    0  4.4921E+01  4.5777E+01  8.0528E+01  2.9818E+02  3.0998E+02  3.0348E+02  2.6780E+02  2.3451E+02  1.9462E+02
  As   33    0  4.7981E+01  4.8705E+01  1.1153E+02  6.0192E+02  6.6770E+02  5.7126E+02  4.7969E+02  4.4196E+02  4.5880E+02
  Se   34    0  5.3105E+01  6.3243E+01  1.2382E+02  4.0609E+02  4.4360E+02  3.4099E+02  2.5784E+02  2.1849E+02  1.7857E+02
  Br   35    0  4.8930E+01  5.0748E+01  9.0113E+01  4.4880E+02  4.4727E+02  3.3208E+02  2.3991E+02  2.0188E+02  1.6828E+02
  Kr   36    0  9.8924E+01  9.4726E+01  1.8939E+02  5.0321E+02  6.0641E+02  3.9207E+02  2.5972E+02  2.2520E+02  1.9295E+02
  Rb   37    0  1.0603E+02  8.5704E+01  2.6206E+02  7.8911E+02  1.0980E+03  6.3757E+02  3.5680E+02  3.0758E+02  3.1069E+02
  Sr   38    0  8.6333E+02  1.0349E+03  1.7978E+03  1.8389E+03  2.0811E+03  8.2905E+02  6.7507E+02  6.0345E+02  5.7974E+02
  Y    39    0  1.1732E+03  1.2733E+03  2.2915E+03  1.6460E+03  1.8949E+03  5.8665E+02  4.2930E+02  3.6287E+02  3.3944E+02
  Zr   40    0  2.0813E+03  4.7867E+03  4.2795E+03  9.8835E+02  1.2299E+03  2.7614E+02  1.5871E+02  1.3257E+02  1.3239E+02
  Nb   41    0  1.3085E+03  1.2070E+03  2.1345E+03  7.0754E+02  7.9811E+02  1.5509E+02  7.9049E+01  6.3241E+01  5.7375E+01
  Mo   42    0  1.5606E+03  1.6932E+03  4.6973E+03  4.2743E+02  4.0421E+02  6.8965E+01  3.1043E+01  2.6058E+01  2.6503E+01
  Xe   54    0  1.0195E+03  8.9395E+02  1.7734E+03  2.0158E+02  2.4580E+02  3.5672E+01  1.4839E+01  1.2822E+01  1.2943E+01
  Cs   55    0  7.8015E+02  7.7613E+02  1.5779E+03  1.4355E+02  2.0274E+02  2.9186E+01  1.0656E+01  8.5827E+00  8.2865E+00
  Ba   56    0  4.6895E+03  4.9100E+03  6.5262E+03  3.3023E+02  2.8128E+02  3.2840E+01  1.3766E+01  1.1354E+01  1.0207E+01
  La   57    0  5.6601E+03  6.4483E+03  6.6220E+03  2.1286E+02  1.7376E+02  1.7711E+01  7.4889E+00  6.2582E+00  5.4276E+00
  Ce   58    0  4.9381E+03  5.0157E+03  4.9146E+03  1.0718E+02  8.0630E+01  9.0105E+00  4.0863E+00  3.5550E+00  3.1405E+00
  Pr   59    0  1.0406E+04  4.0593E+03  4.1079E+03  6.0343E+01  1.4328E+02  1.2549E+01  3.4804E+00  3.1578E+00  2.8155E+00
  Nd   60    0  3.4077E+03  4.4881E+03  4.5523E+03  6.6442E+01  2.9242E+01  5.0101E+00  3.1170E+00  2.8462E+00  2.7149E+00
  Hg   80    0  3.5482E+03  4.2828E+03  4.7659E+03  5.1051E+01  2.8771E+01  4.0540E+00  2.5406E+00  2.2754E+00  2.0835E+00
  Tl   81    0  3.3979E+03  3.8947E+03  2.7938E+03  3.2209E+01  2.3013E+01  3.4775E+00  2.1961E+00  1.9886E+00  1.7592E+00
  Pb   82    0  3.9165E+03  4.1219E+03  2.3652E+03  1.9383E+01  1.0945E+01  2.9550E+00  2.2647E+00  2.0568E+00  1.7938E+00
  Bi   83    0  5.5570E+02  4.5709E+02  1.6441E+02  1.3945E+00  1.5685E+00  1.0956E+00  1.0159E+00  1.0059E+00  9.7322E-01
  ele   Z    A    013c000     015c000     020c000     025c000     030c000     040c000     060c000     080c000     120c000
  H     1    0  7.2208E-01  6.9157E-01  6.3508E-01  5.9766E-01  5.6056E-01  5.1299E-01  4.4447E-01  4.1336E-01  3.5402E-01
  He    2    0  1.6277E+00  1.6034E+00  1.5453E+00  1.5091E+00  1.6261E+00  1.5461E+00  1.5375E+00  1.5024E+00  1.3515E+00
  Li    3    0  2.4998E-03  1.1235E-02  1.0979E-02  1.1343E-02  1.7107E-02  8.6544E-03  7.3534E-03  8.1960E-02  1.0828E-02
  Be    4    0  3.6050E-03  1.3295E-02  1.2096E-02  1.1601E-02  4.9859E-03  6.7832E-03  6.8798E-03  1.0814E-02  1.0401E-02
  B     5    0  1.1162E-01  1.0603E-01  9.4873E-02  9.2035E-02  8.5758E-02  7.7582E-02  7.0100E-02  6.7524E-02  6.2033E-02
  C     6    0  3.1139E+02  4.4528E+02  5.0152E+02  6.3309E+02  7.0208E+02  7.0598E+02  8.7584E+02  8.7387E+02  6.7464E+02
  N     7    0  1.0734E+01  1.0470E+01  9.3401E+00  1.0262E+01  1.2934E+01  1.2964E+01  1.3915E+01  1.3781E+01  1.3233E+01
  O     8    0  1.1736E+02  2.0462E+02  3.6495E+02  5.0476E+02  5.1799E+02  7.6154E+02  1.0335E+03  1.2064E+03  1.5934E+03
  F     9    0  6.3466E-01  6.1341E-01  7.4154E-01  1.0692E+00  1.7537E+00  3.0901E+00  2.2248E+01  2.2171E+01  8.4319E+00
  Ne   10    0  8.6877E+01  2.7871E+02  2.0430E+03  2.6331E+03  1.8932E+03  2.1987E+03  1.0672E+03  7.9913E+02  1.6749E+03
  Na   11    0  1.9479E+01  3.8397E+01  4.6606E+02  6.8346E+02  4.6650E+02  5.0118E+02  1.7295E+02  8.7259E+01  1.7717E+02
  Mg   12    0  7.9970E+01  1.5632E+02  4.8137E+02  3.9651E+02  3.1953E+02  4.0233E+02  2.8994E+02  3.0943E+02  6.3414E+02
  Al   13    0  4.7304E+01  1.8519E+02  4.0353E+02  2.6678E+02  2.1374E+02  2.8931E+02  2.0712E+02  1.7976E+02  4.3591E+02
  Si   14    0  4.7937E+02  5.8934E+02  4.8760E+02  3.6788E+02  5.4547E+02  5.8054E+02  8.2139E+02  8.3213E+02  7.2111E+02
  P    15    0  2.0757E+02  3.7291E+02  2.9343E+02  1.9060E+02  2.0955E+02  2.8179E+02  3.2284E+02  3.4162E+02  5.4155E+02
  S    16    0  5.6953E+02  6.5708E+02  4.7379E+02  3.9217E+02  6.2469E+02  6.5370E+02  9.7365E+02  9.6726E+02  7.5815E+02
  Cl   17    0  4.0071E+01  6.5049E+01  3.9659E+01  3.4816E+01  4.5724E+01  5.1299E+01  7.6043E+01  7.8907E+01  6.9436E+01
  Ar   18    0  5.5498E+02  6.2444E+02  4.3537E+02  4.0129E+02  5.9720E+02  6.6949E+02  9.8877E+02  1.0112E+03  8.0261E+02
  K    19    0  8.2118E+01  9.5796E+01  6.4659E+01  3.9935E+01  5.8523E+01  6.4736E+01  1.1298E+02  1.6375E+02  1.4996E+02
  Ca   20    0  5.4509E+02  5.9705E+02  4.0811E+02  4.4594E+02  5.9643E+02  7.4498E+02  1.0897E+03  1.1408E+03  8.9141E+02
  Sc   21    0  1.9935E+01  2.3262E+01  1.9433E+01  2.0212E+01  2.1112E+01  4.1458E+01  6.7119E+01  8.6901E+01  1.1006E+02
  Ti   22    0  1.7178E+02  1.5940E+02  1.2778E+02  1.0694E+02  1.5529E+02  1.2833E+02  1.1294E+02  9.3354E+01  6.6281E+01
  V    23    0  2.7122E+02  2.9353E+02  2.7647E+02  1.1237E+02  1.8865E+02  7.9127E+01  1.1610E+02  9.2830E+01  6.5780E+01
  Cr   24    0  9.6177E+02  8.9693E+02  8.0760E+02  6.3771E+02  9.0652E+02  6.6684E+02  4.7597E+02  3.4390E+02  2.2351E+02
  Mn   25    0  4.1302E+02  4.0065E+02  3.8483E+02  1.8650E+02  2.7556E+02  1.3135E+02  1.7301E+02  1.4091E+02  9.4104E+01
  Fe   26    0  4.9623E+02  4.2615E+02  3.1625E+02  2.4276E+02  2.0420E+02  1.4943E+02  1.0516E+02  8.1247E+01  5.3768E+01
  Co   27    0  1.0738E+02  7.2219E+01  3.6751E+01  3.0169E+01  5.6384E+00  8.6797E+00  1.0838E+01  1.4757E+01  1.6540E+01
  Ni   28    0  2.1550E+02  1.7353E+02  9.3711E+01  5.6686E+01  2.3678E+01  1.9006E+01  2.4453E+01  2.3779E+01  2.0659E+01
  Cu   29    0  7.4843E+00  3.8661E+00  3.7032E+00  5.4066E+00  5.4381E+00  1.4363E+01  3.0686E+01  4.6117E+01  7.4952E+01
  Zn   30    0  3.7916E+01  1.5728E+01  9.5191E+00  8.0116E+00  2.8708E+00  6.7242E+00  1.5719E+01  2.3776E+01  3.4642E+01
  Ga   31    0  1.2099E+00  1.1618E+00  1.3995E+00  1.9229E+00  2.2654E+00  6.6518E+00  1.9881E+01  3.7422E+01  7.5415E+01
  Ge   32    0  1.0860E+00  1.0770E+00  1.1827E+00  1.4809E+00  1.7583E+00  4.3134E+00  1.3555E+01  2.4599E+01  4.0188E+01
  As   33    0  1.0583E+00  1.0626E+00  1.1422E+00  1.3388E+00  1.4839E+00  3.0896E+00  9.7418E+00  2.0067E+01  4.5263E+01
  Se   34    0  1.0201E+00  1.0068E+00  1.0319E+00  1.1163E+00  1.1916E+00  1.9347E+00  5.2794E+00  1.0198E+01  1.4923E+01
  Br   35    0  9.8684E-01  9.7926E-01  1.0080E+00  1.0757E+00  1.1117E+00  1.6029E+00  3.1742E+00  6.2753E+00  1.2072E+01
  Kr   36    0  1.0056E+00  1.0146E+00  1.0780E+00  1.1534E+00  1.1787E+00  1.5658E+00  3.1001E+00  5.7997E+00  1.0984E+01
  Rb   37    0  1.0234E+00  1.0245E+00  1.0477E+00  1.0858E+00  1.1091E+00  1.3818E+00  2.3968E+00  4.4204E+00  8.5316E+00
  Sr   38    0  1.0828E+00  1.1351E+00  1.3583E+00  1.6833E+00  1.7708E+00  2.7457E+00  4.8312E+00  7.8694E+00  1.3587E+01
  Y    39    0  1.0413E+00  1.0470E+00  1.1404E+00  1.3613E+00  1.4862E+00  2.2507E+00  3.9452E+00  5.7502E+00  7.2855E+00
  Zr   40    0  9.8037E-01  9.8007E-01  1.0065E+00  1.0974E+00  1.1714E+00  1.4712E+00  2.2340E+00  2.8593E+00  3.7850E+00
  Nb   41    0  9.4169E-01  9.2280E-01  9.4431E-01  9.8209E-01  9.7520E-01  1.0959E+00  1.3382E+00  1.6627E+00  2.2709E+00
  Mo   42    0  1.1745E+00  1.1856E+00  1.1778E+00  1.1831E+00  1.1960E+00  1.2765E+00  1.3965E+00  1.6060E+00  2.0710E+00
  Xe   54    0  9.6670E-01  9.5441E-01  9.3973E-01  9.1977E-01  9.1401E-01  9.0196E-01  9.6260E-01  1.0312E+00  1.2051E+00
  Cs   55    0  9.1780E-01  9.0499E-01  8.8062E-01  8.5996E-01  8.5849E-01  8.4565E-01  9.3310E-01  8.9942E-01  1.0032E+00
  Ba   56    0  9.9423E-01  1.0025E+00  1.0754E+00  1.1501E+00  1.1461E+00  1.2708E+00  1.4238E+00  1.5870E+00  1.9341E+00
  La   57    0  9.7641E-01  9.7633E-01  1.0172E+00  1.0796E+00  1.0860E+00  1.2338E+00  1.3811E+00  1.5303E+00  1.8096E+00
  Ce   58    0  9.7326E-01  9.7023E-01  9.8604E-01  1.0072E+00  1.0064E+00  1.0768E+00  1.1762E+00  1.2939E+00  1.5013E+00
  Pr   59    0  9.5043E-01  9.4091E-01  9.2266E-01  9.3413E-01  9.3453E-01  9.4020E-01  1.1064E+00  1.7406E+00  2.3340E+00
  Nd   60    0  9.8876E-01  1.0014E+00  1.0112E+00  1.0247E+00  1.0351E+00  1.1001E+00  1.1843E+00  1.2506E+00  1.5043E+00
  Hg   80    0  9.8856E-01  9.8109E-01  9.9254E-01  9.9890E-01  9.8934E-01  1.0040E+00  1.0544E+00  1.0447E+00  1.1093E+00
  Tl   81    0  9.6204E-01  9.5828E-01  9.8950E-01  1.0144E+00  9.9681E-01  1.0133E+00  1.0308E+00  1.0120E+00  1.0713E+00
  Pb   82    0  9.7754E-01  9.7556E-01  1.0048E+00  1.0382E+00  1.0327E+00  1.0907E+00  1.1608E+00  1.2431E+00  1.3746E+00
  Bi   83    0  9.6184E-01  9.5314E-01  9.5548E-01  9.5624E-01  9.4403E-01  9.2779E-01  9.0140E-01  8.9808E-01  9.0338E-01
  ele   Z    A    013c150     015c150     020c150     025c150     030c150     040c150     060c150     080c150     120c150
  H     1    0  5.8207E-01  5.6049E-01  5.2907E-01  5.1704E-01  4.7784E-01  4.4165E-01  3.7741E-01  3.4967E-01  6.3521E-01
  He    2    0  1.4386E+00  1.4139E+00  1.3697E+00  1.2474E+00  9.9932E-01  8.4738E-01  7.6092E-01  7.6558E-01  2.0823E+00
  Li    3    0  4.1476E-02  2.3135E-02  1.0589E-03  6.7642E-02  1.3160E-03  2.5711E-01  1.4864E-01  6.0457E-02  1.6083E-03
  Be    4    0  5.2390E-05  8.1516E-05  1.6522E-04  2.6238E-04  3.4607E-04  2.3943E-04  1.1767E-04  1.1225E-04  4.1575E-04
  B     5    0  2.1253E-02  1.9656E-02  1.5505E-02  6.3132E-03  3.1430E-03  2.9238E-03  1.6548E-03  1.5689E-03  3.9133E-03
  C     6    0  6.2555E+02  6.8078E+02  7.2605E+02  8.7031E+02  1.1981E+03  1.4179E+03  1.3979E+03  1.1546E+03  2.5248E+02
  N     7    0  7.8724E+02  7.8171E+02  8.3519E+02  5.3579E+01  5.8807E+01  8.6549E+01  8.7877E+01  9.5930E+01  1.8659E+02
  O     8    0  6.5696E+02  6.3144E+02  8.7449E+02  1.0221E+03  1.3239E+03  1.5312E+03  1.8027E+03  1.9106E+03  2.4641E+01
  F     9    0  9.4352E+02  1.7417E+03  1.9540E+03  1.2787E+03  3.5230E+03  8.0605E+02  4.4740E+02  4.1755E+02  3.3170E-01
  Ne   10    0  9.5703E+02  5.8353E+02  5.3467E+02  1.6022E+03  2.5174E+03  2.8694E+03  3.0910E+03  3.2995E+03  2.6737E+00
  Na   11    0  1.5966E+02  1.1447E+02  1.0443E+02  2.5478E+02  6.2294E+02  4.2774E+02  1.4009E+02  1.6207E+02  6.9465E+00
  Mg   12    0  2.4416E+02  1.0618E+02  2.3367E+02  4.6279E+02  4.9039E+02  7.9849E+02  1.5402E+03  1.6115E+03  9.8688E-01
  Al   13    0  2.2128E+02  8.2074E+01  2.5387E+02  5.9927E+02  3.5082E+02  4.3189E+02  3.8647E+02  6.3881E+02  5.2886E+00
  Si   14    0  7.2940E+02  1.2446E+03  1.2234E+03  9.8294E+02  1.0632E+03  1.1906E+03  1.3237E+03  1.4984E+03  1.0388E+00
  P    15    0  2.9945E+02  5.1288E+02  6.2817E+02  8.0902E+02  4.4619E+02  6.7525E+02  7.5247E+02  1.0641E+03  1.1281E+00
  S    16    0  9.6136E+02  2.9513E+03  1.6470E+03  1.2319E+03  1.3003E+03  1.4443E+03  1.5439E+03  1.7514E+03  1.0003E+00
  Cl   17    0  5.6939E+01  9.9929E+02  1.2509E+02  1.2597E+02  1.0778E+02  1.4898E+02  1.4046E+02  1.6761E+02  1.2005E+00
  Ar   18    0  1.0129E+03  3.9601E+03  1.6996E+03  1.2758E+03  1.2850E+03  1.4629E+03  1.6093E+03  1.8501E+03  9.8832E-01
  K    19    0  9.8431E+01  4.7827E+03  1.9672E+02  1.9231E+02  1.4649E+02  1.9544E+02  3.0841E+02  3.9119E+02  1.2119E+00
  Ca   20    0  1.0992E+03  4.6602E+03  1.8168E+03  1.3635E+03  1.3488E+03  1.5936E+03  1.7677E+03  2.0323E+03  9.9652E-01
  Sc   21    0  5.9144E+01  1.2948E+03  9.3997E+01  9.3198E+01  1.3118E+02  1.3937E+02  1.4665E+02  1.6122E+02  1.7201E+00
  Ti   22    0  2.3141E+02  4.1124E+02  3.0770E+02  2.2823E+02  2.0714E+02  1.7641E+02  1.3685E+02  1.2350E+02  1.0162E+00
  V    23    0  3.4322E+02  5.1351E+02  4.6545E+02  2.7317E+02  1.4486E+02  2.2431E+02  1.6676E+02  1.5375E+02  9.9390E-01
  Cr   24    0  1.2946E+03  1.6577E+03  1.5440E+03  1.1620E+03  1.0037E+03  7.5535E+02  4.8994E+02  3.6219E+02  9.9788E-01
  Mn   25    0  4.8670E+02  5.5807E+02  6.2862E+02  4.0456E+02  2.2529E+02  3.1707E+02  2.3484E+02  2.0724E+02  1.0013E+00
  Fe   26    0  5.1245E+02  4.4550E+02  3.3771E+02  2.5958E+02  2.1060E+02  1.6700E+02  1.1767E+02  9.4531E+01  9.9610E-01
  Co   27    0  7.3043E+01  3.6961E+01  6.2600E+00  4.6769E+00  1.3250E+01  8.6259E+00  1.0231E+01  9.7268E+00  1.4854E+00
  Ni   28    0  1.0815E+02  8.0160E+01  6.2036E+01  4.6424E+01  3.2653E+01  4.0786E+01  3.7990E+01  4.3861E+01  1.0366E+00
  Cu   29    0  3.3246E+01  3.7505E+01  4.5619E+01  4.1669E+01  5.9536E+01  9.6699E+01  1.0762E+02  1.0873E+02  2.1701E+00
  Zn   30    0  2.3508E+01  1.9515E+01  3.7603E+01  4.1898E+01  3.4460E+01  7.4857E+01  8.5863E+01  9.3683E+01  1.2769E+00
  Ga   31    0  4.2831E+01  6.6527E+01  1.3785E+02  2.1631E+02  8.3717E+01  2.8901E+02  2.9731E+02  3.7036E+02  1.3517E+00
  Ge   32    0  3.2733E+01  5.3797E+01  1.0369E+02  2.1022E+02  8.1462E+01  2.5302E+02  2.3534E+02  2.9021E+02  1.1472E+00
  As   33    0  2.8954E+01  5.2198E+01  1.6267E+02  3.9648E+02  8.0161E+01  3.6357E+02  3.2223E+02  4.8033E+02  1.0760E+00
  Se   34    0  3.1271E+01  5.5401E+01  8.8452E+01  2.6853E+02  9.8411E+01  2.3017E+02  1.6675E+02  1.9958E+02  1.0364E+00
  Br   35    0  2.8573E+01  5.2640E+01  7.4039E+01  3.0091E+02  9.7637E+01  2.1464E+02  1.4173E+02  1.8356E+02  1.0153E+00
  Kr   36    0  2.7909E+01  6.2342E+01  6.4932E+01  3.2149E+02  1.7955E+02  2.3020E+02  1.4039E+02  2.1535E+02  1.0492E+00
  Rb   37    0  3.2289E+01  5.9459E+01  8.9087E+01  5.2225E+02  3.4755E+02  2.9213E+02  1.4076E+02  2.0714E+02  1.0078E+00
  Sr   38    0  6.6526E+01  1.2236E+02  1.2228E+02  1.3931E+03  1.2277E+02  3.7544E+02  2.5430E+02  4.6025E+02  1.1640E+00
  Y    39    0  5.5107E+01  1.0485E+02  8.7521E+01  1.2738E+03  1.0902E+02  2.5256E+02  1.3771E+02  2.1812E+02  1.0747E+00
  Zr   40    0  3.1867E+01  7.3818E+01  3.6451E+01  8.0762E+02  6.3052E+01  9.5844E+01  3.7995E+01  6.7647E+01  9.9552E-01
  Nb   41    0  2.2114E+01  5.3373E+01  1.6213E+01  5.0002E+02  4.2310E+01  4.0397E+01  1.4068E+01  2.3709E+01  1.0080E+00
  Mo   42    0  1.3381E+01  4.0061E+01  7.6626E+00  2.7635E+02  1.8911E+01  1.8611E+01  8.3114E+00  1.4482E+01  1.1538E+00
  Xe   54    0  7.2860E+00  2.1608E+01  3.6340E+00  1.5263E+02  1.4048E+01  8.5144E+00  3.7341E+00  5.9079E+00  9.9194E-01
  Cs   55    0  5.3030E+00  1.5354E+01  3.3863E+00  1.1411E+02  1.1744E+01  7.1663E+00  2.7927E+00  4.2941E+00  9.8293E-01
  Ba   56    0  1.1051E+01  3.9195E+01  4.3001E+00  2.0667E+02  7.5610E+00  8.6334E+00  5.0606E+00  7.1005E+00  1.0358E+00
  La   57    0  6.4241E+00  2.6006E+01  2.8164E+00  1.2147E+02  3.7971E+00  5.5012E+00  3.6112E+00  4.5602E+00  1.0238E+00
  Ce   58    0  3.4090E+00  1.3983E+01  1.8902E+00  5.3323E+01  2.7259E+00  3.4466E+00  2.5001E+00  2.9633E+00  1.0102E+00
  Pr   59    0  2.3992E+00  8.4282E+00  1.7178E+00  6.1381E+01  1.2969E+01  4.2455E+00  2.1557E+00  2.2617E+00  9.9220E-01
  Nd   60    0  2.3096E+00  8.8806E+00  1.7167E+00  2.2453E+01  1.5650E+00  2.7553E+00  2.5014E+00  3.1382E+00  1.0041E+00
  Hg   80    0  1.9277E+00  7.2251E+00  1.5768E+00  1.7975E+01  1.2686E+00  2.1051E+00  1.7537E+00  1.9184E+00  1.0071E+00
  Tl   81    0  1.5642E+00  4.8711E+00  1.2563E+00  1.2697E+01  1.1697E+00  1.9810E+00  1.6696E+00  1.8144E+00  1.0069E+00
  Pb   82    0  1.4647E+00  3.1017E+00  1.4099E+00  6.3474E+00  1.6539E+00  2.1584E+00  1.9027E+00  2.0180E+00  1.0155E+00
  Bi   83    0  9.0759E-01  9.2529E-01  8.8426E-01  1.1585E+00  1.0612E+00  9.8725E-01  8.9623E-01  8.7833E-01  9.9720E-01
  ele   Z    A    013c300     015c300     020c300     025c300     030c300     040c300     060c300     080c300     120c300
  H     1    0  5.3327E-01  5.2124E-01  5.0339E-01  4.8080E-01  4.6939E-01  4.2354E-01  3.5635E-01  3.2429E-01  2.1927E-01
  He    2    0  1.4014E+00  1.3851E+00  1.2237E+00  9.6559E-01  9.7345E-01  7.3638E-01  6.8541E-01  8.8784E-01  1.0758E+00
  Li    3    0  1.8732E-03  2.9929E-04  1.5407E-04  1.6403E-02  7.1323E-02  1.6345E-01  2.5156E-02  2.1713E-04  1.5781E-04
  Be    4    0  2.1723E-05  3.4438E-05  7.1434E-05  1.2148E-04  1.6662E-04  2.2846E-04  6.7744E-05  6.6495E-05  9.4124E-05
  B     5    0  1.2276E-03  1.0236E-03  3.7075E-04  5.0170E-04  6.7245E-04  9.9419E-04  3.2416E-04  2.9356E-04  4.1900E-04
  C     6    0  3.0470E+02  3.2707E+02  4.2821E+02  1.0502E+03  1.4046E+03  1.4813E+03  1.5490E+03  1.4013E+03  1.5549E+03
  N     7    0  9.2056E+02  7.4097E+02  1.4869E+02  8.3363E+01  9.6877E+01  2.3630E+02  2.4179E+02  1.3025E+02  7.6194E+01
  O     8    0  5.8292E+02  6.4464E+02  1.0997E+03  1.3305E+03  1.2929E+03  1.6402E+03  1.9514E+03  1.8177E+03  2.2526E+03
  F     9    0  4.9691E+02  7.7104E+02  2.3176E+03  7.1464E+03  1.0591E+03  2.6625E+03  6.2269E+02  1.8712E+02  3.0673E-01
  Ne   10    0  9.1103E+02  1.0160E+03  1.4202E+03  2.9373E+03  3.1087E+03  3.3193E+03  2.6210E+03  3.3282E+03  2.1294E+03
  Na   11    0  2.2248E+02  3.2736E+02  2.8143E+02  1.0835E+03  9.4441E+02  5.9315E+02  3.1135E+02  1.8900E+02  7.7361E+01
  Mg   12    0  3.8236E+02  4.5905E+02  5.3493E+02  5.3669E+02  6.2453E+02  1.1164E+03  1.1059E+03  1.6077E+03  5.8059E+02
  Al   13    0  9.6022E+01  1.3092E+02  3.4308E+02  1.0157E+03  7.0674E+02  8.4054E+02  7.8884E+02  6.6029E+02  1.1500E+02
  Si   14    0  2.2634E+03  2.3648E+03  1.4322E+03  1.1664E+03  1.0770E+03  1.3133E+03  1.5891E+03  1.4240E+03  3.0958E+02
  P    15    0  1.3070E+03  1.7812E+03  1.7333E+03  1.5462E+03  8.7283E+02  1.5176E+03  1.8698E+03  1.1290E+03  1.8552E+02
  S    16    0  4.9036E+03  4.7151E+03  2.3334E+03  1.4739E+03  1.2710E+03  1.6683E+03  1.8029E+03  1.6403E+03  4.0680E+02
  Cl   17    0  1.6395E+03  1.8243E+03  5.5854E+02  3.0341E+02  1.7371E+02  3.3160E+02  3.0282E+02  1.6952E+02  3.8152E+01
  Ar   18    0  6.7630E+03  5.9461E+03  2.3813E+03  1.4712E+03  1.2841E+03  1.6327E+03  1.7794E+03  1.7014E+03  4.4476E+02
  K    19    0  8.4544E+03  8.2453E+03  8.7716E+02  3.4689E+02  2.0379E+02  3.9617E+02  5.1660E+02  3.8130E+02  6.2027E+01
  Ca   20    0  6.6693E+03  5.4590E+03  2.1230E+03  1.4887E+03  1.3847E+03  1.6044E+03  1.7698E+03  1.8161E+03  5.1213E+02
  Sc   21    0  9.6810E+02  8.0350E+02  1.8763E+02  1.0903E+02  1.1979E+02  1.3018E+02  1.3962E+02  1.3957E+02  8.6217E+01
  Ti   22    0  1.2250E+03  1.0343E+03  4.0061E+02  2.4530E+02  1.9921E+02  1.9289E+02  1.5699E+02  1.2102E+02  6.3471E+01
  V    23    0  1.8327E+03  2.2618E+03  1.0782E+03  4.0705E+02  2.0174E+02  3.9359E+02  3.2040E+02  1.8047E+02  5.3339E+01
  Cr   24    0  1.8391E+03  2.0354E+03  1.8138E+03  1.2011E+03  9.4056E+02  8.0428E+02  5.4816E+02  3.7491E+02  2.2125E+02
  Mn   25    0  1.4604E+03  2.2367E+03  1.2470E+03  5.6606E+02  3.1040E+02  4.9279E+02  3.9232E+02  2.2275E+02  7.0993E+01
  Fe   26    0  6.5017E+02  7.0607E+02  4.1327E+02  2.7600E+02  2.1454E+02  1.8496E+02  1.3999E+02  9.6558E+01  4.9565E+01
  Co   27    0  1.3915E+02  1.4597E+02  8.4355E+00  4.2758E+00  4.1556E+00  3.3626E+00  4.4112E+00  5.1141E+00  5.4836E+00
  Ni   28    0  5.0897E+02  5.7741E+02  1.4321E+02  6.4844E+01  4.3595E+01  6.3360E+01  6.5367E+01  4.3911E+01  1.2989E+01
  Cu   29    0  1.5786E+01  1.3747E+01  1.4429E+01  2.9394E+01  5.3930E+01  2.2499E+01  2.0888E+01  6.3765E+01  1.1508E+02
  Zn   30    0  2.7481E+01  1.6932E+01  1.1041E+01  3.1222E+01  5.6989E+01  2.5541E+01  2.1874E+01  7.1637E+01  1.0550E+02
  Ga   31    0  3.6390E+01  4.2930E+01  6.0823E+01  1.8256E+02  2.9327E+02  1.4508E+02  1.2063E+02  3.9123E+02  5.5876E+02
  Ge   32    0  3.4006E+01  3.8418E+01  5.7762E+01  1.8654E+02  2.9996E+02  1.6736E+02  1.2732E+02  3.8617E+02  4.9326E+02
  As   33    0  3.4688E+01  3.9703E+01  1.0816E+02  3.7699E+02  5.3129E+02  3.2229E+02  2.4565E+02  7.7304E+02  5.8179E+02
  Se   34    0  4.0961E+01  3.8746E+01  8.3929E+01  2.9137E+02  4.0066E+02  2.7312E+02  1.7377E+02  4.0967E+02  4.2744E+02
  Br   35    0  3.4574E+01  3.3980E+01  7.1300E+01  3.2289E+02  4.6490E+02  2.8831E+02  1.7192E+02  4.1704E+02  3.8111E+02
  Kr   36    0  7.1127E+01  6.5888E+01  1.7346E+02  4.3441E+02  7.7390E+02  5.2891E+02  2.9156E+02  6.8891E+02  7.5683E+02
  Rb   37    0  7.3382E+01  4.4966E+01  3.1902E+02  7.4566E+02  1.2935E+03  9.2797E+02  4.6793E+02  8.0835E+02  4.1918E+02
  Sr   38    0  5.5002E+02  5.7641E+02  2.0219E+03  3.7761E+03  2.2604E+03  4.7274E+03  4.7701E+03  4.1420E+03  2.8824E+03
  Y    39    0  6.9103E+02  7.0292E+02  2.6855E+03  4.5873E+03  2.2474E+03  6.5443E+03  6.5187E+03  3.4212E+03  1.9436E+03
  Zr   40    0  2.4578E+03  1.2557E+03  4.9303E+03  4.6702E+03  1.5363E+03  8.2452E+03  1.0092E+04  2.0854E+03  8.5066E+02
  Nb   41    0  7.7021E+02  7.5216E+02  2.8221E+03  3.5880E+03  1.0002E+03  6.0301E+03  7.0665E+03  1.1066E+03  4.9997E+02
  Mo   42    0  1.1303E+03  1.3113E+03  5.9262E+03  3.2472E+03  5.9853E+02  7.1135E+03  1.3456E+04  8.5493E+02  2.5407E+02
  Xe   54    0  6.8578E+02  5.9209E+02  3.0412E+03  1.7531E+03  3.7793E+02  4.0703E+03  6.0184E+03  4.0043E+02  1.0543E+02
  Cs   55    0  5.3688E+02  5.1933E+02  2.3711E+03  1.5216E+03  2.8444E+02  3.3664E+03  5.6318E+03  2.8893E+02  6.8774E+01
  Ba   56    0  4.8758E+03  5.3413E+03  7.4230E+03  3.6579E+03  4.7443E+02  9.2759E+03  1.9217E+04  4.2761E+02  1.1731E+02
  La   57    0  6.9527E+03  8.0929E+03  7.3565E+03  3.0385E+03  3.0553E+02  8.3271E+03  1.9858E+04  1.9573E+02  4.7964E+01
  Ce   58    0  7.2227E+03  8.3343E+03  5.9051E+03  1.5026E+03  1.8345E+02  5.2705E+03  1.4726E+04  7.7416E+01  2.0072E+01
  Pr   59    0  1.5033E+04  5.9137E+03  2.4444E+04  7.9629E+02  4.5291E+02  7.4450E+03  1.3174E+04  4.7412E+01  1.0943E+01
  Nd   60    0  6.5012E+03  9.9277E+03  4.2127E+03  9.0450E+02  8.1357E+01  3.4773E+03  1.3445E+04  4.3345E+01  1.1778E+01
  Hg   80    0  6.6907E+03  9.0553E+03  3.4244E+03  7.2435E+02  6.1799E+01  2.8123E+03  1.0691E+04  2.3824E+01  8.2586E+00
  Tl   81    0  6.9545E+03  9.5220E+03  2.4163E+03  5.7772E+02  5.1459E+01  2.2181E+03  8.6908E+03  1.6067E+01  6.7725E+00
  Pb   82    0  1.8335E+04  3.1225E+04  2.2342E+03  2.3510E+02  2.8152E+01  1.1107E+03  5.1393E+03  7.7188E+00  5.2669E+00
  Bi   83    0  6.1418E+03  1.1622E+04  3.4558E+02  6.0202E+00  2.4441E+00  5.1573E+01  2.4128E+02  1.2977E+00  1.3677E+00
  ele   Z    A    013d000     015d000     020d000     025d000     030d000     040d000     060d000     080d000     120d000
  H     1    0  7.1940E-01  6.9582E-01  6.3516E-01  5.9865E-01  5.6377E-01  5.1859E-01  4.6872E-01  4.2986E-01  3.5875E-01
  He    2    0  1.6278E+00  1.4613E+00  1.5265E+00  1.4697E+00  1.4579E+00  1.4476E+00  1.3424E+00  1.4165E+00  1.3362E+00
  Li    3    0  1.7675E-03  3.4823E-03  1.1037E-02  1.1062E-02  1.2271E-03  1.2863E-02  1.7708E-03  1.5289E-03  2.9611E-03
  Be    4    0  1.7692E-03  3.4723E-03  1.0988E-02  1.0957E-02  7.2461E-04  8.6597E-04  1.0340E-03  1.3374E-03  2.8963E-03
  B     5    0  7.6372E-02  7.2590E-02  6.4581E-02  5.9515E-02  5.7665E-02  5.2060E-02  4.6055E-02  4.2810E-02  3.7935E-02
  C     6    0  3.2724E+03  4.6582E+03  5.1408E+03  5.6500E+03  6.7503E+03  7.4691E+03  8.8861E+03  8.7063E+03  8.6650E+03
  N     7    0  1.2829E+01  1.1404E+01  1.0722E+01  1.0543E+01  1.2884E+01  1.3490E+01  1.3888E+01  1.3547E+01  1.3440E+01
  O     8    0  1.2455E+03  2.9997E+03  3.8080E+03  5.5900E+03  6.6251E+03  8.5905E+03  1.1677E+04  1.2492E+04  1.6396E+04
  F     9    0  5.1492E-01  5.0568E-01  1.7413E+00  2.5089E+00  2.9766E+00  3.5597E+00  4.0349E+01  2.3513E+01  8.9168E+00
  Ne   10    0  8.8763E+02  1.5321E+03  2.1394E+04  2.4413E+04  2.6375E+04  1.7329E+04  9.7217E+03  7.6877E+03  1.5349E+04
  Na   11    0  1.1985E+02  1.8614E+02  4.9599E+03  4.7698E+03  5.3791E+03  3.2041E+03  7.3502E+02  5.6695E+02  7.5757E+02
  Mg   12    0  9.0668E+02  1.1094E+03  4.2352E+03  4.1385E+03  4.2125E+03  3.2768E+03  3.3913E+03  3.1665E+03  3.2977E+03
  Al   13    0  8.3038E+02  6.4389E+02  2.8718E+03  2.3267E+03  2.2671E+03  1.8253E+03  2.4177E+03  1.2915E+03  7.9243E+02
  Si   14    0  4.6797E+03  8.0188E+03  4.6536E+03  4.6800E+03  5.0169E+03  7.1947E+03  8.5078E+03  8.2771E+03  2.6642E+03
  P    15    0  2.5734E+03  1.5627E+03  2.0795E+03  1.9685E+03  1.9452E+03  2.1107E+03  3.3979E+03  2.6196E+03  9.9097E+02
  S    16    0  5.4162E+03  1.4438E+04  5.1226E+03  4.9970E+03  5.5665E+03  8.6999E+03  1.0072E+04  9.4962E+03  3.4732E+03
  Cl   17    0  4.7394E+02  1.6070E+03  3.3764E+02  3.1947E+02  3.5161E+02  4.8995E+02  6.6694E+02  6.1763E+02  1.8410E+02
  Ar   18    0  5.3388E+03  1.7283E+04  5.0842E+03  5.1929E+03  5.7758E+03  8.6468E+03  1.0420E+04  1.0084E+04  3.8653E+03
  K    19    0  7.7305E+02  5.7946E+03  6.0893E+02  3.8012E+02  4.1507E+02  7.1052E+02  1.1614E+03  1.4086E+03  3.3200E+02
  Ca   20    0  5.3928E+03  1.7913E+04  5.0546E+03  5.9112E+03  6.5621E+03  9.1515E+03  1.1654E+04  1.1626E+04  4.5144E+03
  Sc   21    0  1.8780E+02  2.0273E+03  1.5160E+02  1.7581E+02  1.8708E+02  2.6116E+02  4.4422E+02  4.6898E+02  1.7524E+02
  Ti   22    0  1.6491E+03  2.7771E+03  1.4440E+03  1.1121E+03  1.3789E+03  1.4714E+03  1.1279E+03  9.1900E+02  5.3447E+02
  V    23    0  2.3519E+03  3.1669E+03  2.9018E+03  6.3116E+02  1.1481E+03  9.8393E+02  9.7640E+02  7.1007E+02  2.4556E+02
  Cr   24    0  8.7594E+03  1.4970E+04  8.9537E+03  6.2206E+03  7.9893E+03  7.2556E+03  4.7155E+03  3.3439E+03  2.2163E+03
  Mn   25    0  3.4672E+03  4.4767E+03  4.0060E+03  1.1572E+03  1.9408E+03  1.5477E+03  1.5103E+03  1.1519E+03  4.2050E+02
  Fe   26    0  4.9334E+03  4.2616E+03  3.1511E+03  2.4049E+03  1.9974E+03  1.5047E+03  1.0389E+03  7.8694E+02  4.7164E+02
  Co   27    0  1.1450E+03  1.8179E+02  2.6389E+02  1.2352E+02  4.9050E+00  6.2757E+00  1.4430E+01  1.5274E+01  8.3544E+00
  Ni   28    0  2.1948E+03  5.0686E+02  7.7585E+02  4.0555E+02  1.9315E+02  1.8672E+02  2.0348E+02  1.7863E+02  8.4882E+01
  Cu   29    0  6.4743E+01  3.4131E+00  1.2490E+01  1.3776E+02  1.6013E+00  2.1457E+00  6.6300E+00  9.2183E+00  5.5393E+00
  Zn   30    0  3.9135E+02  4.7460E+00  7.1305E+01  1.2164E+02  1.1903E+00  1.4965E+00  1.9167E+00  4.5997E+00  1.9990E+00
  Ga   31    0  1.0714E+00  1.0804E+00  1.1360E+00  1.1898E+00  1.2357E+00  1.3568E+00  2.1453E+00  3.5188E+00  2.0235E+00
  Ge   32    0  1.0206E+00  1.0054E+00  1.0273E+00  1.0508E+00  1.0700E+00  1.1593E+00  1.7796E+00  2.5787E+00  1.4471E+00
  As   33    0  1.0212E+00  1.0386E+00  1.0246E+00  1.0567E+00  1.0655E+00  1.1317E+00  1.6390E+00  2.0916E+00  1.2531E+00
  Se   34    0  9.9448E-01  9.7542E-01  9.9322E-01  9.9825E-01  1.0005E+00  1.0154E+00  1.4583E+00  1.5229E+00  1.0640E+00
  Br   35    0  9.7754E-01  9.7361E-01  9.8254E-01  9.9011E-01  9.8921E-01  9.8476E-01  1.3546E+00  1.2694E+00  9.6155E-01
  Kr   36    0  9.9167E-01  9.7979E-01  1.0215E+00  1.0380E+00  1.0528E+00  1.0892E+00  1.4377E+00  1.4561E+00  1.3072E+00
  Rb   37    0  1.0038E+00  9.8786E-01  9.9724E-01  9.9900E-01  9.9537E-01  1.0203E+00  1.7196E+00  1.4567E+00  1.0667E+00
  Sr   38    0  1.0430E+00  1.0561E+00  1.1294E+00  1.1899E+00  1.2400E+00  1.3892E+00  1.6676E+00  2.3188E+00  2.1442E+00
  Y    39    0  1.0053E+00  1.0071E+00  1.0278E+00  1.0611E+00  1.0842E+00  1.1771E+00  1.3628E+00  1.9089E+00  1.3709E+00
  Zr   40    0  9.6561E-01  1.0123E+00  9.7779E-01  1.0001E+00  1.0169E+00  1.0790E+00  1.1757E+00  1.2831E+00  1.0873E+00
  Nb   41    0  9.2574E-01  8.9513E-01  9.0598E-01  8.9753E-01  8.9171E-01  8.8076E-01  9.4252E-01  9.5755E-01  9.3668E-01
  Mo   42    0  1.1873E+00  1.1972E+00  1.2204E+00  1.2398E+00  1.2472E+00  1.2339E+00  1.1549E+00  1.1697E+00  1.1036E+00
  Xe   54    0  9.6230E-01  9.3785E-01  9.4961E-01  9.3926E-01  9.3328E-01  9.1930E-01  9.2803E-01  8.9140E-01  8.9081E-01
  Cs   55    0  9.1372E-01  8.8294E-01  8.7801E-01  8.6117E-01  8.4695E-01  8.3125E-01  7.9377E-01  8.3945E-01  7.7686E-01
  Ba   56    0  9.8362E-01  9.6786E-01  1.0171E+00  1.0282E+00  1.0412E+00  1.0615E+00  1.1498E+00  1.2624E+00  1.3102E+00
  La   57    0  9.7181E-01  9.5147E-01  9.8483E-01  9.8360E-01  9.8678E-01  9.8331E-01  1.0347E+00  1.1299E+00  1.1003E+00
  Ce   58    0  9.7203E-01  9.5156E-01  9.7710E-01  9.7319E-01  9.7245E-01  9.6080E-01  9.8690E-01  1.0084E+00  1.0190E+00
  Pr   59    0  9.4961E-01  9.2881E-01  9.2207E-01  9.0769E-01  8.9834E-01  8.6956E-01  1.5876E+00  1.1344E+00  8.5670E-01
  Nd   60    0  9.9284E-01  9.9738E-01  1.0022E+00  1.0117E+00  1.0122E+00  1.0248E+00  9.5242E-01  1.0371E+00  1.0271E+00
  Hg   80    0  9.8364E-01  9.6105E-01  1.0055E+00  1.0049E+00  1.0099E+00  9.8883E-01  9.2313E-01  9.6602E-01  1.0396E+00
  Tl   81    0  9.5879E-01  9.2988E-01  9.7129E-01  9.6744E-01  9.6918E-01  9.5387E-01  8.9091E-01  9.5697E-01  1.0361E+00
  Pb   82    0  9.7316E-01  9.5171E-01  9.8434E-01  9.8248E-01  9.8609E-01  9.8057E-01  1.0316E+00  1.0562E+00  1.0947E+00
  Bi   83    0  9.6224E-01  9.3289E-01  9.5901E-01  9.4680E-01  9.4272E-01  9.1580E-01  8.9500E-01  8.6383E-01  9.4022E-01
  ele   Z    A    013d150     015d150     020d150     025d150     030d150     040d150     060d150     080d150     120d150
  H     1    0  5.8770E-01  5.4965E-01  5.4123E-01  5.1056E-01  4.5774E-01  4.1413E-01  3.3870E-01  3.4028E-01  2.8544E-01
  He    2    0  1.4560E+00  1.4158E+00  1.3485E+00  1.2795E+00  1.0356E+00  7.4073E-01  6.8696E-01  6.3098E-01  8.4298E-01
  Li    3    0  5.1631E-03  7.0849E-03  1.6318E-03  1.2978E-03  1.3149E-04  9.0577E-02  2.0446E-02  5.6819E-03  1.1949E-03
  Be    4    0  1.1771E-04  2.8074E-04  1.3427E-04  1.6958E-04  4.7916E-05  2.2001E-05  1.1955E-05  1.0719E-05  4.2360E-05
  B     5    0  9.3407E-03  1.2109E-02  5.7900E-03  4.2496E-03  7.0469E-04  2.8309E-04  2.2150E-04  4.0553E-04  1.7912E-03
  C     6    0  5.6565E+03  6.4852E+03  7.1231E+03  6.3356E+03  1.1523E+04  1.3135E+04  9.2281E+03  8.3781E+03  1.1671E+04
  N     7    0  4.4173E+03  1.9465E+03  4.3660E+03  5.5982E+03  2.1971E+03  1.2069E+02  2.6048E+02  2.0522E+02  1.1494E+03
  O     8    0  6.5286E+03  7.5334E+03  8.7805E+03  1.0360E+04  1.3312E+04  1.7657E+04  2.0147E+04  2.1131E+04  2.3415E+04
  F     9    0  1.8080E+04  2.3063E+05  1.1582E+05  1.8600E+04  1.3139E+05  1.2288E+04  7.6664E+03  1.0372E+04  8.3589E-01
  Ne   10    0  4.8466E+03  5.3069E+03  7.5941E+03  1.9349E+04  3.0326E+04  2.6115E+04  3.9273E+04  4.0491E+04  2.4352E+04
  Na   11    0  4.4768E+02  5.1193E+02  1.1284E+03  2.9165E+03  5.8473E+03  2.4357E+03  1.3299E+03  1.7088E+03  6.2423E+02
  Mg   12    0  1.4761E+03  8.2893E+02  2.8152E+03  4.1582E+03  5.6408E+03  9.2653E+03  2.2962E+04  2.2660E+04  6.9349E+03
  Al   13    0  1.0745E+03  4.1293E+02  1.8539E+03  3.7512E+03  3.0049E+03  3.9162E+03  3.7559E+03  6.1640E+03  8.8520E+02
  Si   14    0  8.4168E+03  1.2571E+04  1.0439E+04  9.0313E+03  1.0116E+04  1.3579E+04  1.4351E+04  1.2990E+04  2.7238E+03
  P    15    0  1.8571E+03  3.3222E+03  3.4219E+03  4.4179E+03  3.3238E+03  6.9441E+03  7.9487E+03  9.4096E+03  1.3225E+03
  S    16    0  1.2231E+04  2.3147E+04  1.4412E+04  1.1367E+04  1.2189E+04  1.6748E+04  1.8136E+04  1.5726E+04  3.6657E+03
  Cl   17    0  6.4663E+02  4.9459E+03  6.9862E+02  7.1760E+02  7.2148E+02  1.6340E+03  1.6668E+03  1.4927E+03  2.5761E+02
  Ar   18    0  1.2876E+04  2.4077E+04  1.5390E+04  1.2110E+04  1.2298E+04  1.6993E+04  1.9533E+04  1.6789E+04  4.1256E+03
  K    19    0  1.4112E+03  1.4096E+04  1.2557E+03  1.1134E+03  8.9966E+02  3.0445E+03  3.7488E+03  3.6977E+03  4.0092E+02
  Ca   20    0  1.3709E+04  1.8101E+04  1.7044E+04  1.3617E+04  1.3343E+04  1.8120E+04  2.2139E+04  1.8386E+04  4.9568E+03
  Sc   21    0  5.4173E+02  1.6392E+03  5.5827E+02  4.8687E+02  5.0612E+02  8.7071E+02  1.0916E+03  9.5560E+02  2.4094E+02
  Ti   22    0  2.8861E+03  3.2865E+03  2.9358E+03  2.1586E+03  2.0188E+03  1.7860E+03  1.4783E+03  1.1413E+03  5.1821E+02
  V    23    0  3.6115E+03  4.3650E+03  1.8852E+03  1.3570E+03  1.1480E+03  2.3294E+03  1.5447E+03  1.4375E+03  3.2263E+02
  Cr   24    0  1.7405E+04  1.8295E+04  1.4934E+04  1.1180E+04  9.9591E+03  7.5918E+03  4.8632E+03  3.5856E+03  2.1398E+03
  Mn   25    0  5.2613E+03  6.0267E+03  3.0393E+03  2.3735E+03  1.8921E+03  3.3243E+03  2.3283E+03  2.0124E+03  5.3763E+02
  Fe   26    0  5.1315E+03  4.3669E+03  3.1797E+03  2.5027E+03  2.0721E+03  1.7117E+03  1.2121E+03  9.0827E+02  4.8356E+02
  Co   27    0  1.2811E+02  1.7253E+01  1.3597E+01  1.4624E+01  1.6625E+01  1.8063E+01  2.2824E+01  2.1060E+01  6.6597E+00
  Ni   28    0  7.3794E+02  4.7470E+02  3.6332E+02  3.5468E+02  2.8714E+02  4.0462E+02  3.9899E+02  3.6785E+02  1.0428E+02
  Cu   29    0  1.8979E+02  1.9906E+01  3.8432E+01  4.6866E+01  2.9037E+01  9.6079E+01  1.0443E+02  1.1107E+02  1.0941E+02
  Zn   30    0  7.9844E+01  7.1190E+00  2.1702E+01  2.7294E+01  1.4961E+01  8.6311E+01  9.8666E+01  1.0609E+02  1.0363E+02
  Ga   31    0  2.2040E+01  2.0205E+01  5.7579E+01  5.9775E+01  4.1159E+01  3.7974E+02  4.0987E+02  4.7506E+02  5.6257E+02
  Ge   32    0  1.7119E+01  1.4409E+01  5.0242E+01  4.0625E+01  4.1348E+01  3.5022E+02  3.7301E+02  4.1545E+02  5.0285E+02
  As   33    0  1.5817E+01  1.3017E+01  4.9158E+01  3.7770E+01  4.1268E+01  5.2044E+02  5.5928E+02  6.7871E+02  5.8475E+02
  Se   34    0  1.9432E+01  1.3776E+01  5.6097E+01  2.0077E+01  5.6363E+01  3.4135E+02  3.3918E+02  3.4296E+02  4.4463E+02
  Br   35    0  1.8434E+01  1.2895E+01  5.4346E+01  1.5449E+01  5.6902E+01  3.2013E+02  3.1511E+02  3.2879E+02  3.9515E+02
  Kr   36    0  2.0568E+01  1.1387E+01  9.0098E+01  1.1884E+01  1.4582E+02  3.9431E+02  3.8068E+02  4.5662E+02  8.1254E+02
  Rb   37    0  2.5602E+01  1.4817E+01  1.5850E+02  9.1030E+00  2.7027E+02  4.6219E+02  4.3481E+02  4.4375E+02  4.3964E+02
  Sr   38    0  4.1480E+01  2.0091E+01  8.6722E+01  1.5419E+01  1.6197E+02  1.0042E+03  1.2201E+03  1.4515E+03  3.4092E+03
  Y    39    0  3.4332E+01  1.5741E+01  7.4583E+01  8.5778E+00  1.9837E+02  7.8201E+02  8.9950E+02  8.7537E+02  2.4563E+03
  Zr   40    0  2.0246E+01  8.4874E+00  5.2564E+01  3.9112E+00  2.7424E+02  3.1423E+02  3.5845E+02  3.6151E+02  1.1669E+03
  Nb   41    0  1.4217E+01  5.2976E+00  3.6567E+01  2.2328E+00  1.8612E+02  1.4587E+02  1.5737E+02  1.5930E+02  7.2909E+02
  Mo   42    0  9.6384E+00  3.1457E+00  2.1990E+01  1.9339E+00  1.5792E+02  7.0557E+01  9.1407E+01  9.2641E+01  3.9609E+02
  Xe   54    0  4.8548E+00  1.8141E+00  2.1113E+01  1.1417E+00  1.7041E+02  2.9835E+01  3.8833E+01  3.9263E+01  1.7006E+02
  Cs   55    0  3.3726E+00  1.5258E+00  1.7773E+01  1.0383E+00  1.2150E+02  2.0786E+01  2.8286E+01  2.8436E+01  1.1219E+02
  Ba   56    0  7.0477E+00  2.3091E+00  1.4474E+01  1.7595E+00  2.3305E+02  2.7468E+01  3.7997E+01  3.7461E+01  2.0293E+02
  La   57    0  4.3199E+00  1.7357E+00  8.1616E+00  1.6242E+00  1.7101E+02  1.4149E+01  1.8303E+01  1.7477E+01  8.5065E+01
  Ce   58    0  2.4804E+00  1.3201E+00  5.4573E+00  1.3504E+00  1.5371E+02  7.2637E+00  8.4755E+00  8.2922E+00  3.4060E+01
  Pr   59    0  1.8264E+00  1.1130E+00  2.7679E+01  1.0814E+00  6.6976E+02  8.6987E+00  7.4899E+00  6.1137E+00  1.8129E+01
  Nd   60    0  1.8470E+00  1.1896E+00  2.0184E+00  1.3835E+00  1.2804E+02  4.7574E+00  5.8455E+00  6.2744E+00  1.8569E+01
  Hg   80    0  1.5378E+00  1.1108E+00  2.0838E+00  1.1458E+00  1.1012E+02  3.2681E+00  3.6303E+00  3.8139E+00  1.2487E+01
  Tl   81    0  1.3127E+00  1.0372E+00  1.6006E+00  1.1121E+00  7.6367E+01  2.8262E+00  3.1889E+00  3.2978E+00  9.6691E+00
  Pb   82    0  1.2979E+00  1.1681E+00  1.6954E+00  1.2638E+00  6.8523E+01  2.8626E+00  2.9723E+00  3.0991E+00  6.4297E+00
  Bi   83    0  8.9553E-01  8.8358E-01  9.8731E-01  8.8340E-01  1.1914E+01  1.0320E+00  9.9267E-01  1.0180E+00  1.4780E+00
  ele   Z    A    013d300     015d300     020d300     025d300     030d300     040d300     060d300     080d300     120d300
  H     1    0  5.3516E-01  5.2121E-01  5.0657E-01  4.7020E-01  4.4493E-01  4.1869E-01  3.8206E-01  2.9801E-01  2.4964E-01
  He    2    0  1.4594E+00  1.4807E+00  1.4782E+00  1.0087E+00  8.4637E-01  6.6745E-01  6.2412E-01  6.1848E-01  8.9467E-01
  Li    3    0  1.5020E-03  1.2317E-03  1.5563E-02  3.0986E-04  1.9341E-02  6.7418E-02  6.6311E-02  1.5863E-04  8.0197E-05
  Be    4    0  5.5829E-05  2.1501E-04  7.9985E-05  3.7481E-05  2.5520E-05  1.1387E-05  6.4911E-06  6.3728E-06  2.1428E-05
  B     5    0  4.1682E-04  7.3269E-04  2.1993E-04  1.3207E-04  8.7405E-05  4.1979E-05  1.8610E-05  9.9201E-05  5.1123E-05
  C     6    0  7.1395E+03  7.5671E+03  8.3514E+03  1.0398E+04  1.2590E+04  1.4317E+04  1.1876E+04  1.3136E+04  3.4486E+04
  N     7    0  1.7650E+04  1.7309E+04  1.1937E+03  1.2964E+03  1.7569E+03  7.3478E+02  7.2614E+02  1.5955E+03  2.7245E+03
  O     8    0  6.8849E+03  7.2697E+03  8.2766E+03  1.3254E+04  1.5244E+04  1.8012E+04  1.9502E+04  2.4306E+04  2.1079E+04
  F     9    0  7.1813E+03  7.9188E+03  1.4975E+04  6.7317E+04  1.3742E+05  4.6409E+04  6.0550E+04  1.1821E+03  7.9121E+00
  Ne   10    0  9.3293E+03  7.3194E+03  7.1141E+03  2.9432E+04  3.2002E+04  2.4292E+04  3.7601E+04  2.6789E+04  6.0086E+03
  Na   11    0  5.8341E+03  3.5317E+03  2.6355E+03  6.9318E+03  1.1618E+04  2.5059E+03  2.8808E+03  5.4882E+03  8.8740E+02
  Mg   12    0  1.9950E+03  1.7237E+03  2.1719E+03  5.6593E+03  7.3957E+03  1.0026E+04  1.7015E+04  8.5346E+03  1.3214E+03
  Al   13    0  3.7092E+03  3.1955E+03  3.7934E+03  5.6906E+03  8.9334E+03  6.0049E+03  6.6304E+03  7.4935E+03  1.4047E+02
  Si   14    0  1.0483E+04  1.0665E+04  1.1644E+04  1.1300E+04  1.2113E+04  1.4347E+04  1.2377E+04  7.8932E+03  4.2054E+00
  P    15    0  1.2069E+04  1.6748E+04  1.6100E+04  6.8112E+03  1.1905E+04  1.4119E+04  1.2553E+04  9.1977E+03  1.1190E+02
  S    16    0  1.6962E+04  1.4263E+04  1.5776E+04  1.3930E+04  1.5084E+04  1.7852E+04  1.4675E+04  8.2295E+03  1.5340E+00
  Cl   17    0  4.6574E+03  8.3681E+03  3.2172E+03  1.2262E+03  2.5111E+03  2.9730E+03  2.1485E+03  1.2021E+03  5.3858E+00
  Ar   18    0  1.8567E+04  1.4076E+04  1.4993E+04  1.4533E+04  1.4584E+04  1.7470E+04  1.5057E+04  8.1773E+03  5.7503E-01
  K    19    0  1.1871E+04  3.3062E+04  4.3980E+03  1.6528E+03  3.1274E+03  3.9598E+03  4.0619E+03  2.0763E+03  5.2352E+00
  Ca   20    0  1.6451E+04  9.2410E+03  1.3563E+04  1.6105E+04  1.4353E+04  1.7547E+04  1.5605E+04  8.1530E+03  5.2790E-01
  Sc   21    0  2.2784E+03  2.9042E+04  7.5411E+02  6.3780E+02  6.4116E+02  9.1462E+02  8.7842E+02  4.5991E+02  4.5071E+01
  Ti   22    0  3.6652E+03  4.3762E+03  2.9208E+03  2.3408E+03  2.2354E+03  1.8303E+03  1.3856E+03  9.0753E+02  1.4046E+01
  V    23    0  1.0789E+04  2.3489E+04  9.2468E+03  1.8112E+03  3.6306E+03  3.6050E+03  2.4731E+03  1.4805E+03  1.3837E+01
  Cr   24    0  1.6060E+04  1.7287E+04  1.5728E+04  1.1563E+04  1.0609E+04  7.9881E+03  5.1433E+03  3.7049E+03  3.1381E+00
  Mn   25    0  1.2489E+04  2.3595E+04  1.0999E+04  2.9650E+03  4.7875E+03  4.8084E+03  3.3147E+03  1.8991E+03  6.3529E-01
  Fe   26    0  5.8222E+03  7.0280E+03  3.8491E+03  2.5702E+03  2.2690E+03  1.8616E+03  1.2775E+03  8.2902E+02  3.6929E-01
  Co   27    0  5.7829E+02  8.8311E+02  2.7511E+01  1.4127E+01  1.2091E+01  1.7459E+01  2.0782E+01  9.7653E+00  1.5295E+00
  Ni   28    0  2.9288E+03  8.5500E+03  1.1609E+03  4.1928E+02  4.6671E+02  6.2099E+02  4.9529E+02  2.5502E+02  9.2590E-01
  Cu   29    0  2.6853E+01  4.5318E+01  1.4529E+01  8.2107E+01  2.1894E+01  1.8138E+01  1.9537E+01  2.2634E+01  2.9753E+01
  Zn   30    0  6.2585E+01  1.0755E+02  1.2458E+01  6.7243E+01  2.1426E+01  1.9552E+01  2.3916E+01  2.6311E+01  3.1573E+01
  Ga   31    0  7.8845E+01  8.4060E+01  6.6717E+01  2.7749E+02  1.1812E+02  1.1335E+02  1.3638E+02  1.6404E+02  1.9837E+02
  Ge   32    0  7.3833E+01  7.3096E+01  6.1032E+01  2.4970E+02  1.3695E+02  1.2477E+02  1.5464E+02  1.7369E+02  2.0404E+02
  As   33    0  1.1739E+02  1.1727E+02  9.3172E+01  3.4963E+02  2.6468E+02  2.7197E+02  2.8999E+02  2.8304E+02  2.3917E+02
  Se   34    0  1.0308E+02  9.7332E+01  9.2373E+01  2.4715E+02  2.2858E+02  1.9919E+02  2.2331E+02  2.1025E+02  2.2021E+02
  Br   35    0  8.6156E+01  7.8392E+01  7.4874E+01  2.5086E+02  2.5729E+02  2.1260E+02  2.3038E+02  2.1408E+02  1.9414E+02
  Kr   36    0  1.5759E+02  1.5031E+02  1.3534E+02  2.4159E+02  5.3024E+02  4.6411E+02  3.9913E+02  4.5224E+02  5.3206E+02
  Rb   37    0  2.0948E+02  1.9967E+02  1.8426E+02  3.0901E+02  9.5997E+02  8.3006E+02  6.0557E+02  4.3229E+02  3.0580E+02
  Sr   38    0  1.3913E+03  1.4240E+03  1.3784E+03  4.7401E+02  4.0107E+03  4.3071E+03  5.4181E+03  6.6662E+03  7.0783E+03
  Y    39    0  1.8712E+03  1.8299E+03  1.8371E+03  3.4401E+02  5.7715E+03  6.2938E+03  7.2885E+03  9.0345E+03  9.7184E+03
  Zr   40    0  2.9816E+03  3.2210E+03  3.8794E+03  1.4914E+02  7.7407E+03  9.4244E+03  9.5689E+03  1.1094E+04  1.0889E+04
  Nb   41    0  1.7278E+03  1.6360E+03  1.8898E+03  8.1811E+01  6.0863E+03  6.5458E+03  7.0140E+03  8.9217E+03  1.0040E+04
  Mo   42    0  3.2819E+03  3.6575E+03  5.8200E+03  3.5910E+01  7.0821E+03  1.0243E+04  1.0015E+04  1.1897E+04  9.9831E+03
  Xe   54    0  1.4086E+03  1.3558E+03  1.7115E+03  1.7663E+01  4.2934E+03  5.4129E+03  5.2432E+03  6.2354E+03  6.2399E+03
  Cs   55    0  1.2197E+03  1.1947E+03  1.6541E+03  1.4770E+01  3.9818E+03  4.4416E+03  4.2304E+03  4.9510E+03  4.2343E+03
  Ba   56    0  5.5109E+03  5.6469E+03  8.0576E+03  2.1020E+01  1.1149E+04  1.5001E+04  1.5109E+04  1.9972E+04  2.2683E+04
  La   57    0  7.8106E+03  6.5350E+03  9.3563E+03  1.1496E+01  1.1303E+04  1.4911E+04  1.4711E+04  1.8410E+04  2.0859E+04
  Ce   58    0  5.4339E+03  5.1512E+03  8.1735E+03  5.9460E+00  7.5032E+03  1.1384E+04  1.0121E+04  1.2240E+04  1.3967E+04
  Pr   59    0  5.1550E+03  6.8457E+03  9.6567E+03  6.6071E+00  1.3276E+04  2.1404E+04  1.0594E+04  7.4906E+03  7.8586E+03
  Nd   60    0  4.1720E+03  4.4489E+03  8.8655E+03  3.7664E+00  4.8941E+03  9.4709E+03  7.8280E+03  9.9882E+03  1.0239E+04
  Hg   80    0  3.9904E+03  5.0190E+03  9.6866E+03  2.8980E+00  4.3715E+03  7.5928E+03  6.1995E+03  7.4168E+03  8.9520E+03
  Tl   81    0  3.7865E+03  3.6004E+03  5.9163E+03  2.4713E+00  4.1691E+03  5.6533E+03  5.3240E+03  6.3441E+03  7.5059E+03
  Pb   82    0  4.5822E+03  4.3612E+03  7.1295E+03  2.4497E+00  2.7930E+03  3.9863E+03  2.8991E+03  3.0238E+03  3.6541E+03
  Bi   83    0  7.1194E+02  6.8699E+02  9.0117E+02  9.6910E-01  2.9685E+02  3.2375E+02  1.2743E+02  9.8225E+01  1.0993E+02
